[330, 330, 330, 330, 100, 0, 0]||[]
[330, 330, 330, 330, 100, 0, 0]||[]
[330, 330, 330, 330, 100, 0, 0]||[]
[330, 330, 330, 330, 100, 0, 0]||[]
[330, 330, 330, 330, 100, 0, 0]||[]
[330, 330, 330, 330, 100, 0, 0]||[]
[330, 330, 330, 330, 100, 0, 0]||[]
[330, 330, 330, 330, 100, 0, 0]||[]
[330, 330, 330, 330, 100, 0, 0]||[]
[330, 330, 330, 330, 100, 0, 0]||[]
[330, 330, 330, 330, 100, 0, 0]||[]
[330, 330, 330, 330, 100, 0, 0]||[]
[330, 330, 330, 330, 100, 0, 0]||[]
[330, 330, 330, 330, 100, 0, 0]||['d']
[330, 330, 330, 330, 100, 0, 0]||['d']
[330, 330, 330, 330, 100, 0, 0]||['d']
[330, 330, 330, 330, 100, 0, 0]||['d']
[330, 330, 330, 330, 100, 0, 0]||['d']
[330, 330, 330, 330, 100, 0, 0]||['d']
[330, 330, 330, 330, 100, 0, 0]||['d']
[330, 330, 330, 330, 100, 0, 0]||['d']
[330, 330, 330, 330, 100, 0, 0]||['d']
[330, 330, 330, 330, 100, 0, 0]||['d']
[330, 330, 330, 330, 100, 0, 0]||['d']
[330, 330, 330, 330, 100, 0, 0]||['d', 'a']
[330, 330, 330, 330, 100, 0, 0]||['d', 'a']
[330, 330, 330, 330, 100, 0, 0]||['d', 'a']
[330, 330, 330, 330, 100, 0, 0]||['d', 'a']
[330, 330, 330, 330, 100, 0, 0]||['d', 'a']
[330, 330, 330, 330, 100, 0, 0]||['d', 'a']
[330, 330, 330, 330, 100, 0, 0]||['d', 'a']
[330, 330, 330, 330, 100, 0, 0]||['d', 'a']
[330, 330, 330, 330, 100, 0, 0]||['d']
[330, 330, 330, 330, 100, 0, 0]||['d']
[330, 330, 330, 330, 100, 0, 0]||['d']
[330, 330, 330, 330, 100, 0, 0]||['d']
[330, 330, 330, 330, 100, 0, 0]||['d']
[330, 330, 330, 330, 100, 0, 0]||['d']
[330, 330, 330, 330, 100, 0, 0]||['d']
[330, 330, 330, 330, 100, 0, 0]||['d']
[330, 330, 330, 330, 100, 0, 0]||['d']
[330, 330, 330, 330, 100, 0, 0]||['d']
[330, 330, 330, 330, 100, 0, 0]||['d']
[330, 330, 330, 330, 100, 0, 0]||['d']
[330, 330, 330, 330, 100, 0, 0]||['d']
[330, 330, 330, 330, 100, 0, 0]||['d']
[330, 330, 330, 330, 100, 0, 0]||['d']
[330, 330, 330, 330, 100, 0, 0]||['d']
[330, 330, 330, 330, 100, 0, 0]||['d']
[330, 330, 330, 330, 100, 0, 0]||['d']
[330, 330, 330, 330, 100, 0, 0]||['d']
[330, 330, 330, 330, 100, 0, 0]||['d']
[330, 330, 330, 330, 100, 0, 0]||['d']
[330, 330, 330, 330, 100, 0, 0]||['d']
[330, 330, 330, 330, 100, 0, 0]||['d']
[330, 330, 330, 330, 100, 0, 0]||['d']
[330, 330, 330, 330, 100, 0, 0]||['d']
[330, 330, 330, 330, 100, 0, 0]||['d']
[330, 330, 330, 330, 100, 0, 0]||['d']
[330, 330, 330, 330, 100, 0, 0]||['d']
[330, 330, 330, 330, 100, 0, 0]||['d']
[330, 330, 330, 330, 100, 0, 0]||['d']
[330, 330, 330, 330, 100, 0, 0]||['d']
[330, 330, 330, 330, 100, 0, 0]||['d']
[330, 330, 330, 330, 100, 0, 0]||['d']
[330, 330, 330, 330, 100, 0, 0]||['d']
[330, 330, 330, 330, 100, 0, 0]||['d']
[330, 330, 330, 330, 100, 0, 0]||['d']
[330, 330, 330, 330, 100, 0, 0]||['d']
[330, 330, 330, 330, 100, 0, 0]||['d']
[330, 330, 330, 330, 100, 0, 0]||['d']
[330, 330, 330, 330, 100, 0, 0]||['d']
[330, 330, 330, 330, 100, 0, 0]||['d']
[330, 330, 330, 330, 100, 0, 0]||['d']
[330, 330, 330, 330, 100, 0, 0]||['d']
[330, 330, 330, 330, 100, 0, 0]||['d']
[330, 330, 330, 330, 100, 0, 0]||['d']
[330, 330, 330, 330, 100, 0, 0]||['d']
[330, 330, 330, 330, 100, 0, 0]||['d']
[330, 330, 330, 330, 100, 0, 0]||['d']
[330, 330, 330, 330, 100, 0, 0]||['d']
[330, 330, 330, 330, 100, 0, 0]||['d']
[330, 330, 330, 330, 100, 0, 0]||['d']
[330, 330, 330, 330, 100, 0, 0]||['d']
[330, 330, 330, 330, 100, 0, 0]||['d']
[330, 330, 330, 330, 100, 0, 0]||['d']
[330, 330, 330, 330, 100, 0, 0]||['d']
[330, 330, 330, 330, 100, 0, 0]||['d']
[330, 330, 330, 330, 100, 0, 0]||['d']
[330, 330, 330, 330, 100, 0, 0]||['d']
[330, 330, 330, 330, 100, 0, 0]||['d']
[330, 330, 330, 330, 100, 0, 0]||['d']
[330, 330, 330, 330, 100, 0, 0]||['d']
[330, 330, 330, 330, 100, 0, 0]||['d']
[330, 330, 330, 330, 100, 0, 0]||['d']
[330, 330, 330, 315, 100, 0, 0]||['d']
[330, 330, 330, 310, 100, 0, 0]||['d']
[330, 330, 330, 305, 100, 0, 0]||['d']
[330, 330, 330, 300, 100, 0, 0]||['d']
[330, 330, 330, 295, 100, 0, 0]||['d']
[330, 330, 330, 290, 100, 0, 0]||['d']
[330, 330, 330, 285, 100, 0, 0]||['d']
[330, 328, 330, 280, 100, 0, 0]||['d']
[330, 324, 330, 275, 100, 0, 0]||['d']
[330, 320, 330, 270, 100, 0, 0]||['d']
[330, 316, 330, 265, 100, 0, 0]||['d']
[330, 312, 330, 260, 100, 0, 0]||['d']
[330, 308, 330, 255, 100, 0, 0]||['d']
[330, 304, 330, 250, 100, 0, 0]||['d']
[330, 300, 330, 245, 100, 0, 0]||['d']
[330, 296, 330, 240, 100, 0, 0]||['d']
[330, 292, 330, 235, 100, 0, 0]||['d']
[330, 288, 330, 230, 100, 0, 0]||['d']
[330, 284, 330, 225, 100, 0, 0]||['d']
[330, 280, 330, 220, 100, 0, 0]||['d']
[330, 276, 330, 215, 100, 0, 0]||['d']
[330, 272, 330, 210, 100, 0, 0]||['d']
[330, 269, 330, 205, 100, 0, 0]||['d']
[330, 265, 330, 200, 100, 0, 0]||['d']
[330, 261, 330, 195, 100, 0, 0]||['d']
[330, 258, 330, 190, 100, 0, 0]||['d']
[330, 254, 330, 185, 100, 0, 0]||['d']
[330, 251, 330, 180, 100, 0, 0]||['d']
[330, 247, 330, 175, 100, 0, 0]||['d']
[330, 244, 330, 170, 100, 0, 0]||['d']
[330, 240, 330, 165, 100, 0, 0]||['d']
[330, 237, 330, 160, 100, 0, 0]||['d']
[330, 234, 330, 155, 100, 0, 0]||['d']
[330, 231, 330, 150, 100, 0, 0]||['d']
[330, 228, 330, 145, 100, 0, 0]||['d']
[330, 225, 330, 140, 100, 0, 0]||['d']
[330, 222, 330, 135, 100, 0, 0]||['d']
[330, 219, 330, 130, 100, 0, 0]||['d']
[330, 216, 330, 125, 100, 0, 0]||['d']
[330, 213, 330, 120, 100, 0, 0]||['d']
[330, 210, 330, 115, 100, 0, 0]||['d']
[330, 208, 330, 110, 100, 0, 0]||['d']
[330, 205, 330, 105, 100, 0, 0]||['d']
[330, 203, 330, 100, 100, 0, 0]||['d']
[330, 201, 330, 95, 100, 0, 0]||['d']
[330, 199, 330, 90, 100, 0, 0]||['d']
[330, 195, 330, 85, 100, 0, 0]||['d']
[330, 192, 330, 80, 100, 0, 0]||['d']
[330, 189, 330, 75, 100, 0, 0]||['d']
[330, 186, 330, 70, 100, 0, 0]||['d']
[330, 184, 330, 65, 100, 0, 0]||['d']
[330, 181, 330, 60, 100, 0, 0]||['d']
[330, 179, 330, 55, 100, 0, 0]||['d']
[330, 177, 330, 50, 100, 0, 0]||['d']
[330, 174, 330, 45, 100, 0, 0]||['d']
[330, 172, 330, 40, 100, 0, 0]||['d']
[330, 170, 330, 35, 100, 0, 0]||['d']
[330, 169, 330, 30, 100, 0, 0]||['d']
[330, 167, 330, 330, 100, 0, 0]||['d']
[330, 166, 330, 330, 100, 0, 0]||['d']
[330, 165, 330, 330, 100, 0, 0]||['d']
[330, 164, 330, 330, 100, 0, 0]||['d']
[330, 163, 330, 330, 100, 0, 0]||['d']
[330, 162, 330, 330, 100, 0, 0]||['d']
[330, 161, 330, 330, 100, 0, 0]||['d']
[330, 161, 330, 330, 100, 0, 0]||['d']
[330, 160, 330, 330, 100, 0, 0]||['d']
[330, 160, 330, 330, 100, 0, 0]||['d']
[330, 160, 330, 330, 100, 0, 0]||['d']
[330, 160, 330, 330, 100, 0, 0]||['d']
[330, 160, 330, 330, 100, 0, 0]||['d']
[330, 161, 330, 330, 100, 0, 0]||['d']
[330, 161, 330, 330, 100, 0, 0]||['d']
[330, 162, 330, 330, 100, 0, 0]||['d']
[330, 162, 330, 330, 100, 0, 0]||['d']
[330, 163, 330, 330, 100, 0, 0]||['d']
[330, 165, 330, 330, 100, 0, 0]||['d']
[330, 166, 330, 330, 100, 0, 0]||['d']
[330, 168, 330, 330, 100, 0, 0]||['d']
[330, 169, 330, 330, 100, 0, 0]||['d']
[330, 170, 330, 330, 100, 0, 0]||['d']
[330, 172, 330, 330, 100, 0, 0]||['d']
[330, 173, 330, 330, 100, 0, 0]||['d']
[330, 175, 330, 330, 100, 0, 0]||['d']
[330, 178, 330, 330, 100, 0, 0]||['d']
[330, 180, 330, 330, 100, 0, 0]||['d']
[330, 181, 330, 330, 100, 0, 0]||['d']
[330, 183, 330, 330, 100, 0, 0]||['d']
[330, 186, 330, 330, 100, 0, 0]||['d']
[330, 188, 330, 330, 100, 0, 0]||['d']
[330, 190, 330, 330, 100, 0, 0]||['d']
[330, 193, 330, 330, 100, 0, 0]||['d']
[330, 195, 330, 330, 100, 0, 0]||['d']
[330, 198, 330, 330, 100, 0, 0]||['d']
[330, 201, 330, 330, 100, 0, 0]||['d']
[330, 204, 330, 330, 100, 0, 0]||['d']
[330, 208, 330, 330, 100, 0, 0]||['d']
[330, 212, 330, 330, 100, 0, 0]||['d']
[330, 216, 330, 330, 100, 0, 0]||['d']
[330, 220, 330, 330, 100, 0, 0]||['d']
[330, 224, 330, 330, 100, 0, 0]||['d']
[330, 228, 330, 330, 100, 0, 0]||['d']
[330, 232, 330, 330, 100, 0, 0]||['d']
[330, 236, 330, 330, 100, 0, 0]||['d']
[330, 240, 330, 330, 100, 0, 0]||['d']
[330, 244, 330, 330, 100, 0, 0]||['d']
[330, 248, 330, 330, 100, 0, 0]||['d']
[330, 253, 330, 330, 100, 0, 0]||['d']
[330, 257, 330, 330, 100, 0, 0]||['d']
[330, 261, 330, 330, 100, 0, 0]||['d']
[330, 265, 330, 330, 100, 0, 0]||['d']
[330, 270, 330, 330, 100, 0, 0]||['d']
[330, 274, 330, 330, 100, 0, 0]||['d']
[330, 278, 330, 330, 100, 0, 0]||['d']
[330, 283, 330, 330, 100, 0, 0]||['d']
[330, 287, 330, 330, 100, 0, 0]||['d']
[330, 292, 330, 330, 100, 0, 0]||['d']
[330, 296, 330, 330, 100, 0, 0]||['d']
[330, 300, 330, 330, 100, 0, 0]||['d']
[330, 305, 330, 330, 100, 0, 0]||['d']
[330, 309, 330, 330, 100, 0, 0]||['d']
[330, 314, 330, 330, 100, 0, 0]||['d']
[330, 318, 330, 330, 100, 0, 0]||['d']
[330, 322, 330, 330, 100, 0, 0]||['d']
[330, 327, 330, 330, 100, 0, 0]||['d']
[330, 330, 330, 330, 100, 0, 0]||['d']
[330, 330, 330, 330, 100, 0, 0]||['d']
[330, 330, 330, 330, 100, 0, 0]||['d']
[330, 330, 330, 330, 100, 0, 0]||['d']
[330, 330, 330, 330, 100, 0, 0]||['d']
[330, 330, 330, 330, 100, 0, 0]||['d']
[330, 330, 330, 330, 100, 0, 0]||['d']
[330, 330, 330, 330, 100, 0, 0]||['d']
[330, 330, 330, 330, 100, 0, 0]||['d']
[330, 330, 330, 330, 100, 0, 0]||['d']
[330, 330, 330, 330, 100, 0, 0]||['d']
[330, 330, 330, 330, 100, 0, 0]||['d']
[330, 330, 330, 330, 100, 0, 0]||['d']
[330, 330, 330, 330, 100, 0, 0]||['d']
[330, 330, 330, 330, 100, 0, 0]||['d']
[330, 330, 330, 330, 100, 0, 0]||['d']
[330, 330, 330, 330, 100, 0, 0]||['d']
[330, 330, 330, 330, 100, 0, 0]||['d']
[330, 330, 330, 330, 100, 0, 0]||['d']
[330, 330, 330, 330, 100, 0, 0]||['d']
[330, 330, 330, 330, 100, 0, 0]||['d']
[330, 330, 330, 330, 100, 0, 0]||['d']
[330, 330, 330, 330, 100, 0, 0]||['d']
[330, 330, 330, 330, 100, 0, 0]||['d']
[330, 330, 330, 330, 100, 0, 0]||['d']
[330, 330, 330, 330, 100, 0, 0]||['d']
[330, 330, 330, 330, 100, 0, 0]||['d']
[330, 330, 330, 330, 100, 0, 0]||['d', 's']
[330, 330, 330, 330, 100, 0, 0]||['d', 's']
[330, 330, 330, 330, 100, 0, 0]||['d', 's']
[330, 330, 330, 330, 100, 0, 0]||['s']
[330, 330, 330, 330, 100, 0, 0]||['s']
[330, 330, 330, 330, 100, 0, 0]||['s']
[330, 330, 330, 330, 100, 0, 0]||['s']
[330, 330, 330, 330, 100, 0, 0]||['s']
[330, 330, 330, 330, 100, 0, 0]||['s']
[330, 330, 330, 330, 100, 0, 0]||['s']
[330, 330, 330, 330, 100, 0, 0]||['s']
[330, 330, 330, 330, 100, 0, 0]||['s']
[330, 330, 330, 330, 100, 0, 0]||['s']
[330, 330, 330, 330, 100, 0, 0]||['s']
[330, 330, 330, 330, 100, 0, 0]||['s']
[330, 330, 330, 330, 100, 0, 0]||['s']
[330, 330, 330, 330, 100, 0, 0]||['s']
[330, 330, 330, 330, 100, 0, 0]||['s']
[330, 330, 330, 330, 100, 0, 0]||['s']
[330, 330, 330, 330, 100, 0, 0]||['s']
[330, 330, 330, 330, 100, 0, 0]||['s']
[330, 330, 330, 330, 100, 0, 0]||['s']
[330, 330, 330, 330, 100, 0, 0]||['s']
[330, 330, 330, 330, 100, 0, 0]||['s']
[330, 330, 330, 330, 100, 0, 0]||['s']
[330, 330, 330, 330, 100, 0, 0]||['s']
[330, 330, 330, 330, 100, 0, 0]||['s']
[330, 330, 330, 330, 100, 0, 0]||['s']
[330, 330, 330, 330, 100, 0, 0]||['s']
[330, 330, 330, 330, 100, 0, 0]||['s']
[330, 330, 330, 330, 100, 0, 0]||['s']
[330, 330, 330, 330, 100, 0, 0]||['s']
[330, 330, 330, 330, 100, 0, 0]||['s']
[330, 330, 330, 330, 100, 0, 0]||['s']
[330, 330, 330, 330, 100, 0, 0]||['s']
[330, 330, 330, 330, 100, 0, 0]||['s']
[330, 330, 330, 330, 100, 0, 0]||['s']
[330, 330, 330, 330, 100, 0, 0]||['s']
[330, 330, 330, 330, 100, 0, 0]||['s']
[330, 330, 330, 330, 100, 0, 0]||['s']
[330, 330, 330, 330, 100, 0, 0]||['s']
[330, 330, 330, 330, 100, 0, 0]||['s']
[330, 330, 330, 330, 100, 0, 0]||['s']
[330, 330, 330, 330, 100, 0, 0]||['s']
[330, 330, 330, 330, 100, 0, 0]||['s']
[330, 330, 330, 330, 100, 0, 0]||['s']
[330, 330, 330, 330, 100, 0, 0]||['s']
[330, 330, 330, 330, 100, 0, 0]||['s']
[330, 330, 330, 330, 100, 0, 0]||['s']
[330, 330, 330, 330, 100, 0, 0]||['s']
[330, 330, 330, 330, 100, 0, 0]||['s']
[330, 330, 330, 330, 100, 0, 0]||['s']
[330, 330, 330, 330, 100, 0, 0]||['s']
[330, 330, 330, 330, 100, 0, 0]||['s']
[330, 330, 330, 330, 100, 0, 0]||['s']
[330, 330, 330, 330, 100, 0, 0]||['s']
[330, 330, 330, 330, 100, 0, 0]||['s']
[330, 330, 330, 330, 100, 0, 0]||['s']
[330, 330, 330, 330, 100, 0, 0]||['s']
[330, 330, 330, 330, 100, 0, 0]||['s']
[330, 330, 330, 330, 100, 0, 0]||['s']
[330, 330, 330, 330, 100, 0, 0]||['s']
[330, 330, 330, 330, 100, 0, 0]||['s', 'd']
[330, 330, 330, 330, 100, 0, 0]||['s', 'd']
[330, 330, 330, 330, 100, 0, 0]||['d']
[330, 330, 330, 330, 100, 0, 0]||['d']
[330, 330, 330, 330, 100, 0, 0]||['d']
[330, 330, 330, 330, 100, 0, 0]||['d']
[330, 330, 330, 330, 100, 0, 0]||['d']
[330, 330, 330, 330, 100, 0, 0]||['d']
[330, 330, 330, 330, 100, 0, 0]||['d']
[330, 330, 330, 330, 100, 0, 0]||['d']
[330, 330, 330, 330, 100, 0, 0]||['d']
[330, 330, 330, 330, 100, 0, 0]||['d']
[330, 330, 330, 330, 100, 0, 0]||['d']
[330, 330, 330, 330, 100, 0, 0]||['d']
[330, 330, 330, 330, 100, 0, 0]||['d']
[330, 330, 330, 330, 100, 0, 0]||['d']
[330, 330, 330, 330, 100, 0, 0]||['d']
[330, 330, 330, 330, 100, 0, 0]||['d']
[330, 330, 330, 330, 100, 0, 0]||['d']
[330, 330, 330, 330, 100, 0, 0]||['d']
[330, 330, 330, 330, 100, 0, 0]||['d']
[330, 330, 330, 330, 100, 0, 0]||['d']
[330, 330, 330, 330, 100, 0, 0]||['d']
[330, 330, 330, 330, 100, 0, 0]||['d', 's']
[330, 330, 330, 330, 100, 0, 0]||['d', 's']
[330, 330, 330, 330, 100, 0, 0]||['d', 's']
[330, 330, 330, 330, 100, 0, 0]||['d', 's']
[330, 330, 330, 330, 100, 0, 0]||['d', 's']
[330, 330, 330, 330, 100, 0, 0]||['d', 's']
[330, 330, 330, 330, 100, 0, 0]||['d', 's']
[330, 330, 330, 330, 100, 0, 0]||['d', 's']
[330, 330, 330, 330, 100, 0, 0]||['d', 's']
[330, 330, 330, 330, 100, 0, 0]||['d', 's']
[330, 330, 330, 330, 100, 0, 0]||['d', 's']
[330, 330, 330, 330, 100, 0, 0]||['d', 's']
[330, 330, 330, 330, 100, 0, 0]||['d', 's']
[330, 330, 330, 330, 100, 0, 0]||['d', 's']
[330, 330, 330, 330, 100, 0, 0]||['d', 's']
[330, 330, 330, 330, 100, 0, 0]||['d', 's']
[330, 330, 330, 330, 100, 0, 0]||['d']
[330, 330, 330, 330, 100, 0, 0]||['d']
[330, 330, 330, 330, 100, 0, 0]||['d']
[330, 330, 330, 330, 100, 0, 0]||['d']
[330, 330, 330, 330, 100, 0, 0]||['d']
[330, 330, 330, 330, 100, 0, 0]||['d']
[330, 330, 330, 330, 100, 0, 0]||['d']
[330, 330, 330, 330, 100, 0, 0]||['d']
[330, 330, 330, 330, 100, 0, 0]||['d']
[330, 330, 330, 330, 100, 0, 0]||['d']
[330, 330, 330, 330, 100, 0, 0]||['d']
[330, 330, 330, 330, 100, 0, 0]||['d']
[330, 330, 330, 330, 100, 0, 0]||['d']
[330, 330, 330, 330, 100, 0, 0]||['d']
[330, 330, 330, 330, 100, 0, 0]||['d']
[330, 330, 330, 330, 100, 0, 0]||['d']
[330, 330, 330, 330, 100, 0, 0]||['d']
[330, 330, 330, 330, 100, 0, 0]||['d']
[330, 330, 330, 330, 100, 0, 0]||['d']
[330, 330, 330, 330, 100, 0, 0]||['d']
[330, 330, 330, 330, 100, 0, 0]||['d']
[330, 330, 330, 330, 100, 0, 0]||['d']
[330, 330, 330, 330, 100, 0, 0]||['d']
[330, 330, 330, 330, 100, 0, 0]||['d']
[330, 330, 330, 330, 100, 0, 0]||['d']
[330, 330, 330, 330, 100, 0, 0]||['d']
[330, 330, 330, 330, 100, 0, 0]||['d']
[330, 330, 330, 330, 100, 0, 0]||['d']
[330, 330, 330, 330, 100, 0, 0]||['d']
[330, 330, 330, 330, 100, 0, 0]||['d']
[330, 330, 330, 330, 100, 0, 0]||['d']
[330, 330, 330, 330, 100, 0, 0]||['d']
[330, 330, 330, 330, 100, 0, 0]||['d']
[330, 330, 330, 330, 100, 0, 0]||['d']
[330, 330, 330, 330, 100, 0, 0]||['d']
[330, 330, 330, 330, 100, 0, 0]||['d']
[330, 330, 330, 330, 100, 0, 0]||['d']
[330, 330, 330, 330, 100, 0, 0]||['d']
[330, 330, 330, 330, 100, 0, 0]||['d']
[330, 330, 330, 330, 100, 0, 0]||['d']
[330, 330, 330, 330, 100, 0, 0]||['d']
[330, 330, 330, 330, 100, 0, 0]||['d']
[330, 330, 330, 330, 100, 0, 0]||['d']
[330, 330, 330, 330, 100, 0, 0]||['d']
[330, 330, 330, 330, 100, 0, 0]||['d']
[330, 330, 330, 330, 100, 0, 0]||['d']
[330, 330, 330, 330, 100, 0, 0]||['d']
[330, 330, 330, 330, 100, 0, 0]||['d']
[330, 330, 330, 330, 100, 0, 0]||['d']
[330, 330, 330, 330, 100, 0, 0]||['d']
[330, 330, 330, 330, 100, 0, 0]||['d']
[330, 330, 330, 330, 100, 0, 0]||['d']
[330, 330, 330, 330, 100, 0, 0]||['d']
[330, 330, 330, 330, 100, 0, 0]||['d']
[330, 330, 330, 330, 100, 0, 0]||['d']
[330, 330, 330, 330, 100, 0, 0]||['d']
[330, 330, 330, 330, 100, 0, 0]||['d']
[330, 330, 330, 330, 100, 0, 0]||['d']
[330, 330, 330, 330, 100, 0, 0]||['d']
[330, 330, 330, 330, 100, 0, 0]||['d']
[330, 330, 330, 330, 100, 0, 0]||['d']
[330, 330, 330, 330, 100, 0, 0]||['d']
[330, 330, 330, 330, 100, 0, 0]||['d']
[330, 330, 330, 330, 100, 0, 0]||['d']
[330, 330, 330, 330, 100, 0, 0]||['d']
[330, 330, 330, 330, 100, 0, 0]||['d']
[330, 330, 330, 330, 100, 0, 0]||['d']
[330, 330, 330, 330, 100, 0, 0]||['d']
[330, 330, 330, 330, 100, 0, 0]||['d']
[330, 330, 330, 330, 100, 0, 0]||['d']
[330, 330, 330, 330, 100, 0, 0]||['d']
[330, 330, 330, 330, 100, 0, 0]||['d']
[330, 330, 330, 330, 100, 0, 0]||['d']
[330, 330, 330, 330, 100, 0, 0]||['d']
[330, 330, 330, 330, 100, 0, 0]||['d']
[330, 330, 330, 330, 100, 0, 0]||['d']
[330, 330, 330, 330, 100, 0, 0]||['d']
[330, 330, 330, 330, 100, 0, 0]||['d']
[330, 330, 330, 330, 100, 0, 0]||['d']
[330, 330, 330, 330, 100, 0, 0]||['d']
[330, 330, 330, 330, 100, 0, 0]||['d']
[330, 330, 330, 330, 100, 0, 0]||['d']
[330, 330, 330, 330, 100, 0, 0]||['d']
[330, 330, 330, 330, 100, 0, 0]||['d']
[330, 330, 330, 330, 100, 0, 0]||['d']
[330, 330, 330, 330, 100, 0, 0]||['d']
[330, 330, 330, 330, 100, 0, 0]||['d']
[330, 330, 330, 330, 100, 0, 0]||['d']
[330, 330, 330, 330, 100, 0, 0]||['d']
[330, 330, 330, 330, 100, 0, 0]||['d']
[330, 330, 330, 330, 100, 0, 0]||['d']
[330, 330, 330, 330, 100, 0, 0]||['d']
[330, 330, 330, 330, 100, 0, 0]||['d']
[330, 330, 330, 330, 100, 0, 0]||['d']
[330, 330, 330, 330, 100, 0, 0]||['d']
[330, 330, 330, 330, 100, 0, 0]||['d']
[330, 330, 330, 330, 100, 0, 0]||['d']
[330, 330, 330, 330, 100, 0, 0]||['d']
[330, 330, 330, 330, 100, 0, 0]||['d']
[330, 330, 330, 330, 100, 0, 0]||['d']
[330, 330, 330, 330, 100, 0, 0]||['d']
[330, 330, 330, 330, 100, 0, 0]||['d']
[330, 330, 330, 330, 100, 0, 0]||['d']
[330, 330, 330, 330, 100, 0, 0]||['d']
[330, 330, 330, 330, 100, 0, 0]||['d']
[330, 330, 330, 330, 100, 0, 0]||['d']
[330, 330, 330, 330, 100, 0, 0]||['d']
[330, 330, 330, 330, 100, 0, 0]||['d']
[330, 330, 330, 330, 100, 0, 0]||['d']
[330, 330, 330, 330, 100, 0, 0]||['d']
[330, 330, 330, 330, 100, 0, 0]||['d']
[330, 330, 330, 330, 100, 0, 0]||['d']
[330, 330, 330, 330, 100, 0, 0]||['d']
[330, 330, 330, 330, 100, 0, 0]||['d']
[330, 330, 330, 330, 100, 0, 0]||['d']
[330, 330, 330, 330, 100, 0, 0]||['d']
[330, 330, 330, 330, 100, 0, 0]||['d']
[330, 330, 330, 330, 100, 0, 0]||['d']
[330, 330, 330, 330, 100, 0, 0]||['d']
[330, 330, 330, 330, 100, 0, 0]||['d']
[330, 330, 330, 330, 100, 0, 0]||['d']
[330, 330, 330, 330, 100, 0, 0]||['d']
[330, 330, 330, 330, 100, 0, 0]||['d']
[330, 330, 330, 330, 100, 0, 0]||['d']
[330, 330, 330, 330, 100, 0, 0]||['d']
[330, 330, 330, 330, 100, 0, 0]||['d']
[330, 330, 330, 330, 100, 0, 0]||['d']
[330, 330, 330, 330, 100, 0, 0]||['d']
[330, 330, 330, 330, 100, 0, 0]||['d']
[330, 330, 330, 330, 100, 0, 0]||['d']
[330, 330, 330, 330, 100, 0, 0]||['d']
[330, 330, 330, 330, 100, 0, 0]||['d']
[330, 330, 330, 330, 100, 0, 0]||['d']
[330, 330, 330, 330, 100, 0, 0]||['d']
[330, 330, 330, 330, 100, 0, 0]||['d']
[330, 330, 330, 330, 100, 0, 0]||['d']
[330, 330, 330, 330, 100, 0, 0]||['d']
[330, 330, 330, 330, 100, 0, 0]||['d']
[330, 330, 330, 330, 100, 0, 0]||['d']
[330, 330, 330, 330, 100, 0, 0]||['d']
[330, 330, 330, 330, 100, 0, 0]||['d']
[330, 330, 330, 330, 100, 0, 0]||['d']
[330, 330, 330, 330, 100, 0, 0]||['d']
[330, 330, 330, 330, 100, 0, 0]||['d']
[330, 330, 330, 330, 100, 0, 0]||['d']
[330, 330, 330, 330, 100, 0, 0]||['d']
[330, 330, 330, 330, 100, 0, 0]||['d']
[330, 330, 330, 330, 100, 0, 0]||['d']
[330, 330, 330, 330, 100, 0, 0]||['d']
[330, 330, 330, 330, 100, 0, 0]||['d']
[330, 330, 330, 330, 100, 0, 0]||['d', 's']
[330, 330, 330, 330, 100, 0, 0]||['d', 's']
[330, 330, 330, 330, 100, 0, 0]||['d', 's']
[330, 330, 330, 330, 100, 0, 0]||['d', 's']
[330, 330, 330, 330, 100, 0, 0]||['d', 's']
[330, 330, 330, 330, 100, 0, 0]||['d', 's']
[330, 330, 330, 330, 100, 0, 0]||['d', 's']
[330, 330, 330, 330, 100, 0, 0]||['d', 's']
[330, 330, 330, 330, 100, 0, 0]||['d', 's']
[330, 330, 330, 330, 100, 0, 0]||['d', 's']
[330, 330, 330, 330, 100, 0, 0]||['s']
[330, 330, 330, 330, 100, 0, 0]||['s']
[330, 330, 330, 330, 100, 0, 0]||['s']
[330, 330, 330, 330, 100, 0, 0]||['s']
[330, 330, 330, 330, 100, 0, 0]||['s']
[330, 330, 330, 330, 100, 0, 0]||['s']
[330, 330, 330, 330, 100, 0, 0]||['s']
[330, 330, 330, 330, 100, 0, 0]||['s']
[330, 330, 330, 330, 100, 0, 0]||['s']
[330, 330, 330, 330, 100, 0, 0]||['s']
[330, 330, 330, 330, 100, 0, 0]||['s']
[330, 330, 330, 330, 100, 0, 0]||['s']
[330, 330, 330, 330, 100, 0, 0]||['s']
[330, 330, 330, 330, 100, 0, 0]||['s']
[330, 330, 330, 330, 100, 0, 0]||['s']
[330, 330, 330, 330, 100, 0, 0]||['s']
[330, 330, 330, 330, 100, 0, 0]||['s']
[330, 330, 330, 330, 100, 0, 0]||['s']
[330, 330, 330, 330, 100, 0, 0]||['s']
[330, 330, 330, 330, 100, 0, 0]||['s']
[330, 330, 330, 330, 100, 0, 0]||['s']
[330, 330, 330, 330, 100, 0, 0]||['s']
[330, 330, 330, 330, 100, 0, 0]||['s']
[330, 330, 330, 330, 100, 0, 0]||['s']
[330, 330, 330, 330, 100, 0, 0]||['s']
[318, 330, 330, 330, 100, 0, 0]||['s']
[314, 330, 330, 330, 100, 0, 0]||['s']
[309, 330, 330, 330, 100, 0, 0]||['s']
[304, 330, 330, 330, 100, 0, 0]||['s']
[299, 330, 330, 330, 100, 0, 0]||['s']
[294, 330, 330, 330, 100, 0, 0]||['s']
[289, 330, 330, 330, 100, 0, 0]||['s']
[284, 330, 330, 330, 100, 0, 0]||['s']
[279, 330, 330, 330, 100, 0, 0]||['s']
[274, 330, 330, 330, 100, 0, 0]||['s']
[269, 330, 330, 330, 100, 0, 0]||['s']
[264, 330, 330, 330, 100, 0, 0]||['s']
[259, 330, 330, 330, 100, 0, 0]||['s']
[254, 330, 330, 330, 100, 0, 0]||['s']
[250, 330, 330, 330, 100, 0, 0]||['s']
[245, 330, 330, 330, 100, 0, 0]||['s']
[240, 330, 330, 330, 100, 0, 0]||['s']
[235, 330, 330, 330, 100, 0, 0]||['s']
[230, 330, 330, 330, 100, 0, 0]||['s']
[225, 330, 330, 330, 100, 0, 0]||['s']
[220, 330, 330, 330, 100, 0, 0]||['s']
[215, 330, 330, 330, 100, 0, 0]||['s']
[211, 330, 330, 330, 100, 0, 0]||['s']
[206, 330, 330, 330, 100, 0, 0]||['s']
[201, 330, 330, 330, 100, 0, 0]||['s']
[196, 330, 330, 330, 100, 0, 0]||['s']
[191, 330, 330, 330, 100, 0, 0]||['s']
[186, 330, 330, 330, 100, 0, 0]||['s']
[182, 330, 330, 330, 100, 0, 0]||['s']
[177, 330, 330, 330, 100, 0, 0]||['s']
[172, 330, 330, 330, 100, 0, 0]||['s']
[167, 330, 330, 330, 100, 0, 0]||['s']
[162, 330, 330, 330, 100, 0, 0]||['s', 'a']
[159, 330, 330, 330, 100, 0, 0]||['s', 'a']
[156, 330, 330, 330, 100, 0, 0]||['s', 'a']
[154, 330, 330, 330, 100, 0, 0]||['s']
[149, 330, 330, 330, 100, 0, 0]||['s']
[145, 330, 330, 330, 100, 0, 0]||['s']
[140, 330, 330, 330, 100, 0, 0]||['s']
[136, 330, 330, 330, 100, 0, 0]||['s']
[132, 330, 330, 330, 100, 0, 0]||['s']
[127, 330, 330, 330, 100, 0, 0]||['s']
[123, 330, 330, 330, 100, 0, 0]||['s']
[119, 330, 330, 330, 100, 0, 0]||['s']
[115, 330, 330, 330, 100, 0, 0]||['s']
[111, 330, 330, 330, 100, 0, 0]||['s']
[107, 330, 330, 330, 100, 0, 0]||['s']
[103, 330, 330, 330, 100, 0, 0]||['s']
[99, 330, 330, 330, 100, 0, 0]||['s']
[95, 330, 330, 330, 100, 0, 0]||['s']
[91, 330, 330, 330, 100, 0, 0]||['s']
[88, 330, 330, 330, 100, 0, 0]||['s']
[85, 330, 330, 330, 100, 0, 0]||['s']
[82, 330, 330, 330, 100, 0, 0]||['s']
[79, 330, 330, 330, 100, 0, 0]||['s']
[76, 330, 330, 330, 100, 0, 0]||['s']
[73, 330, 330, 330, 100, 0, 0]||['s']
[71, 330, 330, 330, 100, 0, 0]||['s', 'd']
[65, 330, 330, 330, 100, 0, 0]||['d']
[60, 330, 330, 330, 100, 0, 0]||['d']
[55, 330, 330, 330, 100, 0, 0]||['d']
[55, 330, 330, 330, 100, 0, 0]||['d']
[55, 330, 330, 330, 100, 0, 0]||['d']
[55, 330, 330, 330, 100, 0, 0]||['d']
[55, 330, 330, 330, 100, 0, 0]||['d']
[55, 330, 330, 330, 100, 0, 0]||['d']
[55, 330, 330, 330, 100, 0, 0]||['d']
[55, 330, 330, 330, 100, 0, 0]||['d']
[55, 330, 330, 330, 100, 0, 0]||['d']
[55, 330, 330, 330, 100, 0, 0]||['d']
[55, 330, 330, 330, 100, 0, 0]||['d']
[55, 330, 330, 330, 100, 0, 0]||['d']
[55, 330, 330, 330, 100, 0, 0]||['d']
[55, 330, 330, 330, 100, 0, 0]||['d']
[55, 330, 330, 330, 100, 0, 0]||['s']
[53, 330, 330, 330, 100, 0, 0]||['s']
[52, 330, 330, 330, 100, 0, 0]||['s']
[50, 330, 330, 330, 100, 0, 0]||['s']
[50, 330, 330, 330, 100, 0, 0]||['s']
[50, 330, 330, 330, 100, 0, 0]||['s']
[50, 330, 330, 330, 100, 0, 0]||['s']
[50, 330, 330, 330, 100, 0, 0]||['s']
[50, 330, 330, 330, 100, 0, 0]||['s']
[50, 330, 330, 330, 100, 0, 0]||['s']
[50, 330, 330, 330, 100, 0, 0]||[]
[50, 330, 330, 330, 100, 0, 0]||[]
[50, 330, 330, 330, 100, 0, 0]||['d']
[46, 330, 330, 330, 100, 0, 0]||['d']
[41, 330, 330, 330, 100, 0, 0]||['d']
[36, 330, 330, 330, 100, 0, 0]||['d']
[31, 330, 330, 330, 100, 0, 0]||['d']
[31, 330, 330, 330, 100, 0, 0]||
