[325, 325, 325, 325, 100, 0, 0]||[]
[325, 325, 325, 325, 100, 0, 0]||[]
[325, 325, 325, 325, 100, 0, 0]||[]
[325, 325, 325, 325, 100, 0, 0]||[]
[325, 325, 325, 325, 100, 0, 0]||[]
[325, 325, 325, 325, 100, 0, 0]||[]
[325, 325, 325, 325, 100, 0, 0]||[]
[325, 325, 325, 325, 100, 0, 0]||[]
[325, 325, 325, 325, 100, 0, 0]||[]
[325, 325, 325, 325, 100, 0, 0]||[]
[325, 325, 325, 325, 100, 0, 0]||[]
[325, 325, 325, 325, 100, 0, 0]||[]
[325, 325, 325, 325, 100, 0, 0]||[]
[325, 325, 325, 325, 100, 0, 0]||[]
[325, 325, 325, 325, 100, 0, 0]||[]
[325, 325, 325, 325, 100, 0, 0]||[]
[325, 325, 325, 325, 100, 0, 0]||[]
[325, 325, 325, 325, 100, 0, 0]||[]
[325, 325, 325, 325, 100, 0, 0]||['d']
[325, 325, 325, 325, 100, 0, 0]||['d']
[325, 325, 325, 325, 100, 0, 0]||['d']
[325, 325, 325, 325, 100, 0, 0]||['d']
[325, 325, 325, 325, 100, 0, 0]||['d']
[325, 325, 325, 325, 100, 0, 0]||['d']
[325, 325, 325, 325, 100, 0, 0]||['d']
[325, 325, 325, 325, 100, 0, 0]||['d']
[325, 325, 325, 325, 100, 0, 0]||['d']
[325, 325, 325, 325, 100, 0, 0]||['d']
[325, 325, 325, 325, 100, 0, 0]||['d']
[325, 325, 325, 325, 100, 0, 0]||['d']
[325, 325, 325, 325, 100, 0, 0]||['d']
[325, 325, 325, 325, 100, 0, 0]||['d']
[325, 325, 325, 325, 100, 0, 0]||['d']
[325, 325, 325, 325, 100, 0, 0]||['d']
[325, 325, 325, 325, 100, 0, 0]||['d']
[325, 325, 325, 325, 100, 0, 0]||['d']
[325, 325, 325, 325, 100, 0, 0]||['d']
[325, 325, 325, 325, 100, 0, 0]||['d']
[325, 325, 325, 325, 100, 0, 0]||['d']
[325, 325, 325, 325, 100, 0, 0]||['d']
[325, 325, 325, 325, 100, 0, 0]||['d']
[325, 325, 325, 325, 100, 0, 0]||['d']
[325, 325, 325, 325, 100, 0, 0]||['d']
[325, 325, 325, 325, 100, 0, 0]||['d']
[325, 325, 325, 325, 100, 0, 0]||['d']
[325, 325, 325, 325, 100, 0, 0]||['d']
[325, 325, 325, 325, 100, 0, 0]||['d']
[325, 325, 325, 325, 100, 0, 0]||['d']
[325, 325, 325, 325, 100, 0, 0]||['d']
[325, 325, 325, 325, 100, 0, 0]||['d']
[325, 325, 325, 325, 100, 0, 0]||['d']
[325, 325, 325, 325, 100, 0, 0]||['d']
[325, 325, 325, 325, 100, 0, 0]||['d']
[325, 325, 325, 325, 100, 0, 0]||['d']
[325, 325, 325, 325, 100, 0, 0]||['d']
[325, 325, 325, 325, 100, 0, 0]||['d']
[325, 325, 325, 325, 100, 0, 0]||['d']
[325, 325, 325, 325, 100, 0, 0]||['d']
[325, 325, 325, 325, 100, 0, 0]||['d']
[325, 325, 325, 325, 100, 0, 0]||['d']
[325, 325, 325, 325, 100, 0, 0]||['d']
[325, 325, 325, 325, 100, 0, 0]||['d']
[325, 325, 325, 325, 100, 0, 0]||['d']
[325, 325, 325, 325, 100, 0, 0]||['d']
[325, 325, 325, 325, 100, 0, 0]||['d']
[325, 325, 325, 325, 100, 0, 0]||['d']
[325, 325, 325, 325, 100, 0, 0]||['d']
[325, 325, 325, 325, 100, 0, 0]||['d']
[325, 325, 325, 325, 100, 0, 0]||['d']
[325, 325, 325, 325, 100, 0, 0]||['d']
[325, 325, 325, 325, 100, 0, 0]||['d']
[325, 325, 325, 325, 100, 0, 0]||['d']
[325, 325, 325, 325, 100, 0, 0]||['d']
[325, 325, 325, 325, 100, 0, 0]||['d']
[325, 325, 325, 325, 100, 0, 0]||['d']
[325, 325, 325, 325, 100, 0, 0]||['d']
[325, 325, 325, 325, 100, 0, 0]||['d']
[325, 325, 325, 325, 100, 0, 0]||['d']
[325, 325, 325, 325, 100, 0, 0]||['d']
[325, 325, 325, 325, 100, 0, 0]||['d']
[325, 325, 325, 325, 100, 0, 0]||['d']
[325, 325, 325, 325, 100, 0, 0]||['d']
[325, 325, 325, 325, 100, 0, 0]||['d']
[325, 325, 325, 325, 100, 0, 0]||['d']
[325, 325, 325, 315, 100, 0, 0]||['d']
[325, 325, 325, 310, 100, 0, 0]||['d']
[325, 325, 325, 305, 100, 0, 0]||['d']
[325, 325, 325, 300, 100, 0, 0]||['d']
[325, 325, 325, 295, 100, 0, 0]||['d']
[325, 325, 325, 290, 100, 0, 0]||['d']
[325, 325, 325, 285, 100, 0, 0]||['d']
[325, 325, 325, 280, 100, 0, 0]||['d']
[325, 324, 325, 275, 100, 0, 0]||['d']
[325, 320, 325, 270, 100, 0, 0]||['d']
[325, 316, 325, 265, 100, 0, 0]||['d']
[325, 312, 325, 260, 100, 0, 0]||['d']
[325, 308, 325, 255, 100, 0, 0]||['d']
[325, 304, 325, 250, 100, 0, 0]||['d']
[325, 300, 325, 245, 100, 0, 0]||['d']
[325, 296, 325, 240, 100, 0, 0]||['d']
[325, 292, 325, 235, 100, 0, 0]||['d']
[325, 288, 325, 230, 100, 0, 0]||['d']
[325, 284, 325, 225, 100, 0, 0]||['d']
[325, 280, 325, 220, 100, 0, 0]||['d']
[325, 276, 325, 215, 100, 0, 0]||['d']
[325, 272, 325, 210, 100, 0, 0]||['d']
[325, 269, 325, 205, 100, 0, 0]||['d']
[325, 265, 325, 200, 100, 0, 0]||['d']
[325, 261, 325, 195, 100, 0, 0]||['d']
[325, 258, 325, 190, 100, 0, 0]||['d']
[325, 254, 325, 185, 100, 0, 0]||['d']
[325, 251, 325, 180, 100, 0, 0]||['d']
[325, 247, 325, 175, 100, 0, 0]||['d']
[325, 244, 325, 170, 100, 0, 0]||['d']
[325, 240, 325, 165, 100, 0, 0]||['d']
[325, 237, 325, 160, 100, 0, 0]||['d']
[325, 234, 325, 155, 100, 0, 0]||['d']
[325, 231, 325, 150, 100, 0, 0]||['d']
[325, 228, 325, 145, 100, 0, 0]||['d']
[325, 225, 325, 140, 100, 0, 0]||['d', 'w']
[325, 226, 325, 135, 100, 0, 0]||['d', 'w']
[325, 227, 325, 130, 100, 0, 0]||['d', 'w']
[325, 228, 325, 126, 100, 0, 0]||['d', 'w']
[325, 230, 325, 122, 100, 0, 0]||['d', 'w']
[325, 232, 325, 118, 100, 0, 0]||['d']
[325, 230, 325, 114, 100, 0, 0]||['d']
[325, 228, 325, 109, 100, 0, 0]||['d']
[325, 225, 325, 104, 100, 0, 0]||['d']
[325, 223, 325, 99, 100, 0, 0]||['d']
[325, 221, 325, 94, 100, 0, 0]||['d']
[325, 220, 325, 90, 100, 0, 0]||['d']
[325, 218, 325, 85, 100, 0, 0]||['d']
[325, 216, 325, 80, 100, 0, 0]||['d', 'w']
[325, 219, 325, 78, 100, 0, 0]||['d', 'w']
[325, 223, 325, 76, 100, 0, 0]||['d', 'w']
[325, 226, 325, 75, 100, 0, 0]||['d', 'w']
[325, 230, 325, 74, 100, 0, 0]||['d', 'w']
[325, 234, 325, 74, 100, 0, 0]||['d', 'w']
[325, 238, 325, 75, 100, 0, 0]||['d', 'w']
[325, 242, 325, 76, 100, 0, 0]||['d', 'w']
[325, 246, 325, 78, 100, 0, 0]||['d', 'w']
[325, 251, 325, 80, 100, 0, 0]||['d']
[325, 250, 325, 79, 100, 0, 0]||['d']
[325, 250, 325, 77, 100, 0, 0]||['d']
[325, 250, 325, 76, 100, 0, 0]||['d']
[325, 250, 325, 75, 100, 0, 0]||['d']
[325, 250, 325, 75, 100, 0, 0]||['d']
[325, 250, 325, 75, 100, 0, 0]||['d']
[325, 250, 325, 75, 100, 0, 0]||['d']
[325, 250, 325, 75, 100, 0, 0]||['d']
[325, 250, 325, 76, 100, 0, 0]||['d', 's']
[325, 246, 325, 72, 100, 0, 0]||['d', 's']
[325, 241, 325, 69, 100, 0, 0]||['d', 's']
[325, 237, 325, 67, 100, 0, 0]||['d', 's']
[325, 233, 325, 65, 100, 0, 0]||['d', 's']
[325, 229, 325, 64, 100, 0, 0]||['d', 's']
[325, 225, 325, 63, 100, 0, 0]||['d', 's']
[325, 221, 325, 64, 100, 0, 0]||['d']
[325, 223, 325, 68, 100, 0, 0]||['d']
[325, 224, 325, 72, 100, 0, 0]||['d']
[325, 226, 325, 76, 100, 0, 0]||['d', 's']
[325, 222, 325, 78, 100, 0, 0]||['d', 's']
[325, 220, 325, 80, 100, 0, 0]||['d', 's']
[325, 217, 325, 83, 100, 0, 0]||['d', 's']
[325, 214, 325, 87, 100, 0, 0]||['d', 's']
[325, 212, 325, 91, 100, 0, 0]||['d']
[325, 214, 325, 96, 100, 0, 0]||['d']
[325, 217, 325, 101, 100, 0, 0]||['d']
[325, 219, 325, 106, 100, 0, 0]||['d']
[325, 222, 325, 111, 100, 0, 0]||['d', 's']
[325, 220, 325, 115, 100, 0, 0]||['d', 's']
[325, 219, 325, 120, 100, 0, 0]||['d']
[325, 222, 325, 125, 100, 0, 0]||['d']
[325, 225, 325, 130, 100, 0, 0]||['d']
[325, 228, 325, 135, 100, 0, 0]||['d']
[325, 231, 325, 140, 100, 0, 0]||['d']
[325, 234, 325, 145, 100, 0, 0]||['d']
[325, 237, 325, 150, 100, 0, 0]||['d']
[325, 240, 325, 155, 100, 0, 0]||['d']
[325, 244, 325, 160, 100, 0, 0]||['d']
[325, 247, 325, 165, 100, 0, 0]||['d']
[325, 251, 325, 170, 100, 0, 0]||['d']
[325, 254, 325, 175, 100, 0, 0]||['d']
[325, 258, 325, 180, 100, 0, 0]||['d']
[325, 261, 325, 185, 100, 0, 0]||['d']
[325, 265, 325, 190, 100, 0, 0]||['d']
[325, 269, 325, 195, 100, 0, 0]||['d']
[325, 272, 325, 200, 100, 0, 0]||['d']
[325, 276, 325, 205, 100, 0, 0]||['d']
[325, 280, 325, 210, 100, 0, 0]||['d']
[325, 284, 325, 215, 100, 0, 0]||['d']
[325, 288, 325, 220, 100, 0, 0]||['d']
[325, 292, 325, 225, 100, 0, 0]||['d']
[325, 296, 325, 230, 100, 0, 0]||['d']
[325, 300, 325, 235, 100, 0, 0]||['d']
[325, 304, 325, 240, 100, 0, 0]||['d']
[325, 308, 325, 245, 100, 0, 0]||['d']
[325, 312, 325, 250, 100, 0, 0]||['d']
[325, 316, 325, 255, 100, 0, 0]||['d']
[325, 320, 325, 260, 100, 0, 0]||['d']
[325, 324, 325, 265, 100, 0, 0]||['d']
[325, 325, 325, 270, 100, 0, 0]||['d']
[325, 325, 325, 275, 100, 0, 0]||['d']
[325, 325, 325, 280, 100, 0, 0]||['d']
[325, 325, 325, 285, 100, 0, 0]||['d']
[325, 325, 325, 290, 100, 0, 0]||['d']
[325, 325, 325, 295, 100, 0, 0]||['d']
[325, 325, 325, 300, 100, 0, 0]||['d']
[325, 325, 325, 305, 100, 0, 0]||['d']
[325, 325, 325, 325, 100, 0, 0]||['d']
[325, 325, 325, 325, 100, 0, 0]||['d']
[325, 325, 325, 325, 100, 0, 0]||['d']
[325, 325, 325, 325, 100, 0, 0]||['d']
[325, 325, 325, 325, 100, 0, 0]||['d']
[325, 325, 325, 325, 100, 0, 0]||['d']
[325, 325, 325, 325, 100, 0, 0]||['d']
[325, 325, 325, 325, 100, 0, 0]||['d']
[325, 325, 325, 325, 100, 0, 0]||['d']
[325, 325, 325, 325, 100, 0, 0]||['d']
[325, 325, 325, 325, 100, 0, 0]||['d']
[325, 325, 325, 325, 100, 0, 0]||['d']
[325, 325, 325, 325, 100, 0, 0]||['d']
[325, 325, 325, 325, 100, 0, 0]||['d']
[325, 325, 325, 325, 100, 0, 0]||['d']
[325, 325, 325, 325, 100, 0, 0]||['d']
[325, 325, 325, 325, 100, 0, 0]||['d']
[325, 325, 325, 325, 100, 0, 0]||['d']
[325, 325, 325, 325, 100, 0, 0]||['d']
[325, 325, 325, 325, 100, 0, 0]||['d']
[325, 325, 325, 325, 100, 0, 0]||['d']
[325, 325, 325, 325, 100, 0, 0]||['d']
[325, 325, 325, 325, 100, 0, 0]||['d', 's']
[325, 325, 325, 325, 100, 0, 0]||['d', 's']
[325, 325, 325, 325, 100, 0, 0]||['d', 's']
[325, 325, 325, 325, 100, 0, 0]||['d', 's']
[325, 325, 325, 325, 100, 0, 0]||['d', 's']
[325, 325, 325, 325, 100, 0, 0]||['d', 's']
[325, 325, 325, 325, 100, 0, 0]||['d', 's']
[325, 325, 325, 325, 100, 0, 0]||['d']
[325, 325, 325, 325, 100, 0, 0]||['d']
[325, 325, 325, 325, 100, 0, 0]||['d']
[325, 325, 325, 325, 100, 0, 0]||['d']
[325, 325, 325, 325, 100, 0, 0]||['d']
[325, 325, 325, 325, 100, 0, 0]||['d']
[325, 325, 325, 325, 100, 0, 0]||['d']
[325, 325, 325, 325, 100, 0, 0]||['d']
[325, 325, 325, 325, 100, 0, 0]||['d']
[325, 325, 325, 325, 100, 0, 0]||['d']
[325, 325, 325, 325, 100, 0, 0]||['d']
[325, 325, 325, 325, 100, 0, 0]||['d', 's']
[325, 325, 325, 325, 100, 0, 0]||['s']
[325, 325, 325, 325, 100, 0, 0]||['s']
[325, 325, 325, 325, 100, 0, 0]||['s']
[325, 325, 325, 325, 100, 0, 0]||['s']
[325, 325, 325, 325, 100, 0, 0]||['s']
[325, 325, 325, 325, 100, 0, 0]||['s']
[325, 325, 325, 325, 100, 0, 0]||['s']
[325, 325, 325, 325, 100, 0, 0]||['s']
[325, 325, 325, 325, 100, 0, 0]||['s']
[325, 325, 325, 325, 100, 0, 0]||['s']
[325, 325, 325, 325, 100, 0, 0]||['s']
[325, 325, 325, 325, 100, 0, 0]||['s']
[325, 325, 325, 325, 100, 0, 0]||['s']
[325, 325, 325, 325, 100, 0, 0]||['s']
[325, 325, 325, 325, 100, 0, 0]||['s']
[325, 325, 325, 325, 100, 0, 0]||['s']
[325, 325, 325, 325, 100, 0, 0]||['s']
[325, 325, 325, 325, 100, 0, 0]||['s']
[325, 325, 325, 325, 100, 0, 0]||['s']
[325, 325, 325, 325, 100, 0, 0]||['s']
[325, 325, 325, 325, 100, 0, 0]||['s']
[325, 325, 325, 325, 100, 0, 0]||['s']
[325, 325, 325, 325, 100, 0, 0]||['s']
[325, 325, 325, 325, 100, 0, 0]||['s']
[325, 325, 325, 325, 100, 0, 0]||['s']
[325, 325, 325, 325, 100, 0, 0]||['s']
[325, 325, 325, 325, 100, 0, 0]||['s']
[325, 325, 325, 325, 100, 0, 0]||['s']
[325, 325, 325, 325, 100, 0, 0]||['s']
[325, 325, 325, 325, 100, 0, 0]||['s']
[325, 325, 325, 325, 100, 0, 0]||['s']
[325, 325, 325, 325, 100, 0, 0]||['s']
[325, 325, 325, 325, 100, 0, 0]||['s']
[325, 325, 325, 325, 100, 0, 0]||['s']
[325, 325, 325, 325, 100, 0, 0]||['s']
[325, 325, 325, 325, 100, 0, 0]||['s']
[325, 325, 325, 325, 100, 0, 0]||['s']
[325, 325, 325, 325, 100, 0, 0]||['s']
[325, 325, 325, 325, 100, 0, 0]||['s']
[325, 325, 325, 325, 100, 0, 0]||['s']
[325, 325, 325, 325, 100, 0, 0]||['s']
[325, 325, 325, 325, 100, 0, 0]||['s']
[325, 325, 325, 325, 100, 0, 0]||['s']
[325, 325, 325, 325, 100, 0, 0]||['s']
[325, 325, 325, 325, 100, 0, 0]||['s']
[325, 325, 325, 325, 100, 0, 0]||['s']
[325, 325, 325, 325, 100, 0, 0]||['s']
[325, 325, 325, 325, 100, 0, 0]||['s']
[325, 325, 325, 325, 100, 0, 0]||['s']
[325, 325, 325, 325, 100, 0, 0]||['s']
[325, 325, 325, 325, 100, 0, 0]||['s']
[325, 325, 325, 325, 100, 0, 0]||['s']
[325, 325, 325, 325, 100, 0, 0]||['s']
[325, 325, 325, 325, 100, 0, 0]||['s']
[325, 325, 325, 325, 100, 0, 0]||['s']
[325, 325, 325, 325, 100, 0, 0]||['s']
[325, 325, 325, 325, 100, 0, 0]||['s']
[325, 325, 325, 325, 100, 0, 0]||['s']
[325, 325, 325, 325, 100, 0, 0]||['s', 'd']
[325, 325, 325, 325, 100, 0, 0]||['s', 'd']
[325, 325, 325, 325, 100, 0, 0]||['s', 'd']
[325, 325, 325, 325, 100, 0, 0]||['s', 'd']
[325, 325, 325, 325, 100, 0, 0]||['s', 'd']
[325, 325, 325, 325, 100, 0, 0]||['s', 'd']
[325, 325, 325, 325, 100, 0, 0]||['s', 'd']
[325, 325, 325, 325, 100, 0, 0]||['s', 'd']
[325, 325, 325, 325, 100, 0, 0]||['d']
[325, 325, 325, 325, 100, 0, 0]||['d']
[325, 325, 325, 325, 100, 0, 0]||['d']
[325, 325, 325, 325, 100, 0, 0]||['d']
[325, 325, 325, 325, 100, 0, 0]||['d']
[325, 325, 325, 325, 100, 0, 0]||['d']
[325, 325, 325, 325, 100, 0, 0]||['d']
[325, 325, 325, 325, 100, 0, 0]||['d']
[325, 325, 325, 325, 100, 0, 0]||['d']
[325, 325, 325, 325, 100, 0, 0]||['d']
[325, 325, 325, 325, 100, 0, 0]||['d']
[325, 325, 325, 325, 100, 0, 0]||['d']
[325, 325, 325, 325, 100, 0, 0]||['d']
[325, 325, 325, 325, 100, 0, 0]||['d']
[325, 325, 325, 325, 100, 0, 0]||['d']
[325, 325, 325, 325, 100, 0, 0]||['d']
[325, 325, 325, 325, 100, 0, 0]||['d']
[325, 325, 325, 325, 100, 0, 0]||['d']
[325, 325, 325, 325, 100, 0, 0]||['d']
[325, 325, 325, 325, 100, 0, 0]||['d']
[325, 325, 325, 325, 100, 0, 0]||['d']
[325, 325, 325, 325, 100, 0, 0]||['d', 'w']
[325, 325, 325, 325, 100, 0, 0]||['d', 'w']
[325, 325, 325, 325, 100, 0, 0]||['d', 'w']
[325, 325, 325, 325, 100, 0, 0]||['d']
[325, 325, 325, 325, 100, 0, 0]||['d']
[325, 325, 325, 325, 100, 0, 0]||['d']
[325, 325, 325, 325, 100, 0, 0]||['d']
[325, 325, 325, 325, 100, 0, 0]||['d']
[325, 325, 325, 325, 100, 0, 0]||['d']
[325, 325, 325, 325, 100, 0, 0]||['d']
[325, 325, 325, 325, 100, 0, 0]||['d']
[325, 325, 325, 325, 100, 0, 0]||['d']
[325, 325, 325, 325, 100, 0, 0]||['d']
[325, 325, 325, 325, 100, 0, 0]||['d']
[325, 325, 325, 325, 100, 0, 0]||['d']
[325, 325, 325, 325, 100, 0, 0]||['d']
[325, 325, 325, 325, 100, 0, 0]||['d']
[325, 325, 325, 325, 100, 0, 0]||['d']
[325, 325, 325, 325, 100, 0, 0]||['d']
[325, 325, 325, 325, 100, 0, 0]||['d']
[325, 325, 325, 325, 100, 0, 0]||['d']
[325, 325, 325, 325, 100, 0, 0]||['d']
[325, 325, 325, 325, 100, 0, 0]||['d']
[325, 325, 325, 325, 100, 0, 0]||['d']
[325, 325, 325, 325, 100, 0, 0]||['d']
[325, 325, 325, 325, 100, 0, 0]||['d']
[325, 325, 325, 325, 100, 0, 0]||['d']
[325, 325, 325, 325, 100, 0, 0]||['d']
[325, 325, 325, 325, 100, 0, 0]||['d']
[325, 325, 325, 325, 100, 0, 0]||['d']
[325, 325, 325, 325, 100, 0, 0]||['d']
[325, 325, 325, 325, 100, 0, 0]||['d']
[325, 325, 325, 325, 100, 0, 0]||['d']
[325, 325, 325, 325, 100, 0, 0]||['d']
[325, 325, 325, 325, 100, 0, 0]||['d']
[325, 325, 325, 325, 100, 0, 0]||['d']
[325, 325, 325, 325, 100, 0, 0]||['d']
[325, 325, 325, 325, 100, 0, 0]||['d']
[325, 325, 325, 325, 100, 0, 0]||['d']
[325, 325, 325, 325, 100, 0, 0]||['d']
[325, 325, 325, 325, 100, 0, 0]||['d']
[325, 325, 325, 325, 100, 0, 0]||['d']
[325, 325, 325, 325, 100, 0, 0]||['d']
[325, 325, 325, 325, 100, 0, 0]||['d']
[325, 325, 325, 325, 100, 0, 0]||['d']
[325, 325, 325, 325, 100, 0, 0]||['d']
[325, 325, 325, 325, 100, 0, 0]||['d']
[325, 325, 325, 325, 100, 0, 0]||['d']
[325, 325, 325, 325, 100, 0, 0]||['d']
[325, 325, 325, 325, 100, 0, 0]||['d']
[325, 325, 325, 325, 100, 0, 0]||['d']
[325, 325, 325, 325, 100, 0, 0]||['d']
[325, 325, 325, 325, 100, 0, 0]||['d']
[325, 325, 325, 325, 100, 0, 0]||['d']
[325, 325, 325, 325, 100, 0, 0]||['d']
[325, 325, 325, 325, 100, 0, 0]||['d']
[325, 325, 325, 325, 100, 0, 0]||['d']
[325, 325, 325, 325, 100, 0, 0]||['d']
[325, 325, 325, 325, 100, 0, 0]||['d']
[325, 325, 325, 325, 100, 0, 0]||['d']
[325, 325, 325, 325, 100, 0, 0]||['d']
[325, 325, 325, 325, 100, 0, 0]||['d']
[325, 325, 325, 325, 100, 0, 0]||['d']
[325, 325, 325, 325, 100, 0, 0]||['d']
[325, 325, 325, 325, 100, 0, 0]||['d']
[325, 325, 325, 325, 100, 0, 0]||['d']
[325, 325, 325, 325, 100, 0, 0]||['d']
[325, 325, 325, 325, 100, 0, 0]||['d']
[325, 325, 325, 325, 100, 0, 0]||['d']
[325, 325, 325, 325, 100, 0, 0]||['d']
[325, 325, 325, 325, 100, 0, 0]||['d']
[325, 325, 325, 325, 100, 0, 0]||['d']
[325, 325, 325, 325, 100, 0, 0]||['d']
[325, 325, 325, 325, 100, 0, 0]||['d']
[325, 325, 325, 325, 100, 0, 0]||['d']
[325, 325, 325, 325, 100, 0, 0]||['d']
[325, 325, 325, 325, 100, 0, 0]||['d']
[325, 325, 325, 325, 100, 0, 0]||['d']
[325, 325, 325, 325, 100, 0, 0]||['d']
[325, 325, 325, 325, 100, 0, 0]||['d']
[325, 325, 325, 325, 100, 0, 0]||['d']
[325, 325, 325, 325, 100, 0, 0]||['d']
[325, 325, 325, 325, 100, 0, 0]||['d']
[325, 325, 325, 325, 100, 0, 0]||['d']
[325, 325, 325, 325, 100, 0, 0]||['d']
[325, 325, 325, 325, 100, 0, 0]||['d']
[325, 325, 325, 325, 100, 0, 0]||['d']
[325, 325, 325, 325, 100, 0, 0]||['d']
[325, 325, 325, 325, 100, 0, 0]||['d']
[325, 325, 325, 325, 100, 0, 0]||['d']
[325, 325, 325, 325, 100, 0, 0]||['d']
[325, 325, 325, 325, 100, 0, 0]||['d']
[325, 325, 325, 325, 100, 0, 0]||['d']
[325, 325, 325, 325, 100, 0, 0]||['d']
[325, 325, 325, 325, 100, 0, 0]||['d']
[325, 325, 325, 325, 100, 0, 0]||['d']
[325, 325, 325, 325, 100, 0, 0]||['d']
[325, 325, 325, 325, 100, 0, 0]||['d']
[325, 325, 325, 325, 100, 0, 0]||['d']
[325, 325, 325, 325, 100, 0, 0]||['d']
[325, 325, 325, 325, 100, 0, 0]||['d']
[325, 325, 325, 325, 100, 0, 0]||['d']
[325, 325, 325, 325, 100, 0, 0]||['d']
[325, 325, 325, 325, 100, 0, 0]||['d']
[325, 325, 325, 325, 100, 0, 0]||['d']
[325, 325, 325, 325, 100, 0, 0]||['d']
[325, 325, 325, 325, 100, 0, 0]||['d']
[325, 325, 325, 325, 100, 0, 0]||['d']
[325, 325, 325, 325, 100, 0, 0]||['d']
[325, 325, 325, 325, 100, 0, 0]||['d']
[325, 325, 325, 325, 100, 0, 0]||['d']
[325, 325, 325, 325, 100, 0, 0]||['d']
[325, 325, 325, 325, 100, 0, 0]||['d']
[325, 325, 325, 325, 100, 0, 0]||['d']
[325, 325, 325, 325, 100, 0, 0]||['d']
[325, 325, 325, 325, 100, 0, 0]||['d']
[325, 325, 325, 325, 100, 0, 0]||['d']
[325, 325, 325, 325, 100, 0, 0]||['d']
[325, 325, 325, 325, 100, 0, 0]||['d']
[325, 325, 325, 325, 100, 0, 0]||['d']
[325, 325, 325, 325, 100, 0, 0]||['d']
[325, 325, 325, 325, 100, 0, 0]||['d']
[325, 325, 325, 325, 100, 0, 0]||['d']
[325, 325, 325, 325, 100, 0, 0]||['d']
[325, 325, 325, 325, 100, 0, 0]||['d']
[325, 325, 325, 325, 100, 0, 0]||['d']
[325, 325, 325, 325, 100, 0, 0]||['d']
[325, 325, 325, 325, 100, 0, 0]||['d']
[325, 325, 325, 325, 100, 0, 0]||['d']
[325, 325, 325, 325, 100, 0, 0]||['d']
[325, 325, 325, 325, 100, 0, 0]||['d']
[325, 325, 325, 325, 100, 0, 0]||['d']
[325, 325, 325, 325, 100, 0, 0]||['d']
[325, 325, 325, 325, 100, 0, 0]||['d']
[325, 325, 325, 325, 100, 0, 0]||['d']
[325, 325, 325, 325, 100, 0, 0]||['d', 's']
[325, 325, 325, 325, 100, 0, 0]||['d', 's']
[325, 325, 325, 325, 100, 0, 0]||['d', 's']
[325, 325, 325, 325, 100, 0, 0]||['d', 's']
[325, 325, 325, 325, 100, 0, 0]||['d', 's']
[325, 325, 325, 325, 100, 0, 0]||['d', 's']
[325, 325, 325, 325, 100, 0, 0]||['d', 's']
[325, 325, 325, 325, 100, 0, 0]||['d', 's']
[325, 325, 325, 325, 100, 0, 0]||['d', 's']
[325, 325, 325, 325, 100, 0, 0]||['s']
[325, 325, 325, 325, 100, 0, 0]||['s']
[325, 325, 325, 325, 100, 0, 0]||['s']
[325, 325, 325, 325, 100, 0, 0]||['s']
[325, 325, 325, 325, 100, 0, 0]||['s']
[325, 325, 325, 325, 100, 0, 0]||['s']
[325, 325, 325, 325, 100, 0, 0]||['s']
[325, 325, 325, 325, 100, 0, 0]||['s']
[325, 325, 325, 325, 100, 0, 0]||['s']
[325, 325, 325, 325, 100, 0, 0]||['s']
[325, 325, 325, 325, 100, 0, 0]||['s']
[325, 325, 325, 325, 100, 0, 0]||['s']
[325, 325, 325, 325, 100, 0, 0]||['s']
[325, 325, 325, 325, 100, 0, 0]||['s']
[325, 325, 325, 325, 100, 0, 0]||['s']
[325, 325, 325, 325, 100, 0, 0]||['s']
[325, 325, 325, 325, 100, 0, 0]||['s']
[325, 325, 325, 325, 100, 0, 0]||['s']
[325, 325, 325, 325, 100, 0, 0]||['s']
[325, 325, 325, 325, 100, 0, 0]||['s']
[325, 325, 325, 325, 100, 0, 0]||['s']
[325, 325, 325, 325, 100, 0, 0]||['s']
[325, 325, 325, 325, 100, 0, 0]||['s']
[325, 325, 325, 325, 100, 0, 0]||['s']
[325, 325, 325, 325, 100, 0, 0]||['s']
[325, 325, 325, 325, 100, 0, 0]||['s']
[325, 325, 325, 325, 100, 0, 0]||['s']
[325, 325, 325, 325, 100, 0, 0]||['s']
[325, 325, 325, 325, 100, 0, 0]||['s']
[319, 325, 325, 325, 100, 0, 0]||['a']
[320, 325, 325, 325, 100, 0, 0]||['a']
[321, 325, 325, 325, 100, 0, 0]||['a']
[322, 325, 325, 325, 100, 0, 0]||['a']
[323, 325, 325, 325, 100, 0, 0]||['a']
[325, 325, 325, 325, 100, 0, 0]||['a']
[325, 325, 325, 325, 100, 0, 0]||['a', 's']
[322, 325, 325, 325, 100, 0, 0]||['s']
[318, 325, 325, 325, 100, 0, 0]||['s']
[313, 325, 325, 325, 100, 0, 0]||['s']
[308, 325, 325, 325, 100, 0, 0]||['s']
[303, 325, 325, 325, 100, 0, 0]||['s']
[298, 325, 325, 325, 100, 0, 0]||['s']
[294, 325, 325, 325, 100, 0, 0]||['s']
[289, 325, 325, 325, 100, 0, 0]||['s']
[284, 325, 325, 325, 100, 0, 0]||['s']
[279, 325, 325, 325, 100, 0, 0]||['s']
[275, 325, 325, 325, 100, 0, 0]||['s']
[270, 325, 325, 325, 100, 0, 0]||['s']
[265, 325, 325, 325, 100, 0, 0]||['s']
[261, 325, 325, 325, 100, 0, 0]||['s']
[256, 325, 325, 325, 100, 0, 0]||['s']
[251, 325, 325, 325, 100, 0, 0]||['s']
[246, 325, 325, 325, 100, 0, 0]||['s']
[242, 325, 325, 325, 100, 0, 0]||['s']
[237, 325, 325, 325, 100, 0, 0]||['s']
[233, 325, 325, 325, 100, 0, 0]||['s']
[228, 325, 325, 325, 100, 0, 0]||['s']
[223, 325, 325, 325, 100, 0, 0]||['s']
[219, 325, 325, 325, 100, 0, 0]||['s']
[214, 325, 325, 325, 100, 0, 0]||['s']
[210, 325, 325, 325, 100, 0, 0]||['s']
[205, 325, 325, 325, 100, 0, 0]||['s']
[201, 325, 325, 325, 100, 0, 0]||['s']
[196, 325, 325, 325, 100, 0, 0]||['s']
[192, 325, 325, 325, 100, 0, 0]||['s']
[187, 325, 325, 325, 100, 0, 0]||['s']
[183, 325, 325, 325, 100, 0, 0]||['s']
[179, 325, 325, 325, 100, 0, 0]||['s']
[174, 325, 325, 325, 100, 0, 0]||['s']
[170, 325, 325, 325, 100, 0, 0]||['s']
[166, 325, 325, 325, 100, 0, 0]||['s']
[162, 325, 325, 325, 100, 0, 0]||['s']
[158, 325, 325, 325, 100, 0, 0]||['s']
[154, 325, 325, 325, 100, 0, 0]||['s']
[150, 325, 325, 325, 100, 0, 0]||['s']
[146, 325, 325, 325, 100, 0, 0]||['s']
[142, 325, 325, 325, 100, 0, 0]||['s']
[138, 325, 325, 325, 100, 0, 0]||['s']
[134, 325, 325, 325, 100, 0, 0]||['s']
[130, 325, 325, 325, 100, 0, 0]||['s']
[127, 325, 325, 325, 100, 0, 0]||['s']
[123, 325, 325, 325, 100, 0, 0]||['s']
[120, 325, 325, 325, 100, 0, 0]||['s']
[117, 325, 325, 325, 100, 0, 0]||['s']
[114, 325, 325, 325, 100, 0, 0]||['s']
[111, 325, 325, 325, 100, 0, 0]||['s']
[108, 325, 325, 325, 100, 0, 0]||['s', 'd']
[101, 325, 325, 325, 100, 0, 0]||['s', 'd']
[94, 325, 325, 325, 100, 0, 0]||['s', 'd']
[87, 325, 325, 325, 100, 0, 0]||['s', 'd']
[80, 325, 325, 325, 100, 0, 0]||['s', 'd']
[73, 325, 325, 325, 100, 0, 0]||['s', 'd']
[67, 325, 325, 325, 100, 0, 0]||['s', 'd']
[60, 325, 325, 325, 100, 0, 0]||['s', 'd']
[53, 325, 325, 325, 100, 0, 0]||['s', 'd']
[47, 325, 325, 325, 100, 0, 0]||['d']
[42, 325, 325, 325, 100, 0, 0]||['d']
[38, 325, 325, 325, 100, 0, 0]||['d']
[33, 325, 325, 325, 100, 0, 0]||['d']
