[325, 325, 325, 325, 100, 0, 0]||[]
[325, 325, 325, 325, 100, 0, 0]||[]
[325, 325, 325, 325, 100, 0, 0]||[]
[325, 325, 325, 325, 100, 0, 0]||[]
[325, 325, 325, 325, 100, 0, 0]||[]
[325, 325, 325, 325, 100, 0, 0]||[]
[325, 325, 325, 325, 100, 0, 0]||[]
[325, 325, 325, 325, 100, 0, 0]||[]
[325, 325, 325, 325, 100, 0, 0]||[]
[325, 325, 325, 325, 100, 0, 0]||[]
[325, 325, 325, 325, 100, 0, 0]||[]
[325, 325, 325, 325, 100, 0, 0]||[]
[325, 325, 325, 325, 100, 0, 0]||[]
[325, 325, 325, 325, 100, 0, 0]||[]
[325, 325, 325, 325, 100, 0, 0]||[]
[325, 325, 325, 325, 100, 0, 0]||[]
[325, 325, 325, 325, 100, 0, 0]||[]
[325, 325, 325, 325, 100, 0, 0]||[]
[325, 325, 325, 325, 100, 0, 0]||[]
[325, 325, 325, 325, 100, 0, 0]||[]
[325, 325, 325, 325, 100, 0, 0]||[]
[325, 325, 325, 325, 100, 0, 0]||[]
[325, 325, 325, 325, 100, 0, 0]||[]
[325, 325, 325, 325, 100, 0, 0]||[]
[325, 325, 325, 325, 100, 0, 0]||[]
[325, 325, 325, 325, 100, 0, 0]||[]
[325, 325, 325, 325, 100, 0, 0]||[]
[325, 325, 325, 325, 100, 0, 0]||[]
[325, 325, 325, 325, 100, 0, 0]||[]
[325, 325, 325, 325, 100, 0, 0]||[]
[325, 325, 325, 325, 100, 0, 0]||[]
[325, 325, 325, 325, 100, 0, 0]||[]
[325, 325, 325, 325, 100, 0, 0]||['d']
[325, 325, 325, 325, 100, 0, 0]||['d']
[325, 325, 325, 325, 100, 0, 0]||['d']
[325, 325, 325, 325, 100, 0, 0]||['d']
[325, 325, 325, 325, 100, 0, 0]||['d']
[325, 325, 325, 325, 100, 0, 0]||['d']
[325, 325, 325, 325, 100, 0, 0]||['d']
[325, 325, 325, 325, 100, 0, 0]||['d']
[325, 325, 325, 325, 100, 0, 0]||['d']
[325, 325, 325, 325, 100, 0, 0]||['d']
[325, 325, 325, 325, 100, 0, 0]||['d']
[325, 325, 325, 325, 100, 0, 0]||['d']
[325, 325, 325, 325, 100, 0, 0]||['d']
[325, 325, 325, 325, 100, 0, 0]||['d']
[325, 325, 325, 325, 100, 0, 0]||['d']
[325, 325, 325, 325, 100, 0, 0]||['d']
[325, 325, 325, 325, 100, 0, 0]||['d']
[325, 325, 325, 325, 100, 0, 0]||['d']
[325, 325, 325, 325, 100, 0, 0]||['d']
[325, 325, 325, 325, 100, 0, 0]||['d']
[325, 325, 325, 325, 100, 0, 0]||['d']
[325, 325, 325, 325, 100, 0, 0]||['d']
[325, 325, 325, 325, 100, 0, 0]||['d']
[325, 325, 325, 325, 100, 0, 0]||['d']
[325, 325, 325, 325, 100, 0, 0]||['d']
[325, 325, 325, 325, 100, 0, 0]||['d']
[325, 325, 325, 325, 100, 0, 0]||['d']
[325, 325, 325, 325, 100, 0, 0]||['d']
[325, 325, 325, 325, 100, 0, 0]||['d']
[325, 325, 325, 325, 100, 0, 0]||['d']
[325, 325, 325, 325, 100, 0, 0]||['d', 'w']
[325, 325, 325, 325, 100, 0, 0]||['d']
[325, 325, 325, 325, 100, 0, 0]||['d']
[325, 325, 325, 325, 100, 0, 0]||['d']
[325, 325, 325, 325, 100, 0, 0]||['d']
[325, 325, 325, 325, 100, 0, 0]||['d']
[325, 325, 325, 325, 100, 0, 0]||['d']
[325, 325, 325, 325, 100, 0, 0]||['d']
[325, 325, 325, 325, 100, 0, 0]||['d']
[325, 325, 325, 325, 100, 0, 0]||['d']
[325, 325, 325, 325, 100, 0, 0]||['d']
[325, 325, 325, 325, 100, 0, 0]||['d']
[325, 325, 325, 325, 100, 0, 0]||['d']
[325, 325, 325, 325, 100, 0, 0]||['d']
[325, 325, 325, 325, 100, 0, 0]||['d']
[325, 325, 325, 325, 100, 0, 0]||['d']
[325, 325, 325, 325, 100, 0, 0]||['d']
[325, 325, 325, 325, 100, 0, 0]||['d']
[325, 325, 325, 325, 100, 0, 0]||['d']
[325, 325, 325, 325, 100, 0, 0]||['d']
[325, 325, 325, 325, 100, 0, 0]||['d']
[325, 325, 325, 325, 100, 0, 0]||['d']
[325, 325, 325, 325, 100, 0, 0]||['d']
[325, 325, 325, 325, 100, 0, 0]||['d']
[325, 325, 325, 325, 100, 0, 0]||['d']
[325, 325, 325, 325, 100, 0, 0]||['d']
[325, 325, 325, 325, 100, 0, 0]||['d']
[325, 325, 325, 325, 100, 0, 0]||['d']
[325, 325, 325, 325, 100, 0, 0]||['d']
[325, 325, 325, 325, 100, 0, 0]||['d']
[325, 325, 325, 325, 100, 0, 0]||['d']
[325, 325, 325, 325, 100, 0, 0]||['d']
[325, 325, 325, 325, 100, 0, 0]||['d']
[325, 325, 325, 325, 100, 0, 0]||['d']
[325, 325, 325, 325, 100, 0, 0]||['d']
[325, 325, 325, 325, 100, 0, 0]||['d']
[325, 325, 325, 315, 100, 0, 0]||['d']
[325, 325, 325, 310, 100, 0, 0]||['d']
[325, 325, 325, 305, 100, 0, 0]||['d']
[325, 325, 325, 300, 100, 0, 0]||['d']
[325, 325, 325, 295, 100, 0, 0]||['d']
[325, 325, 325, 290, 100, 0, 0]||['d']
[325, 325, 325, 285, 100, 0, 0]||['d']
[325, 325, 325, 280, 100, 0, 0]||['d']
[325, 325, 325, 275, 100, 0, 0]||['d']
[325, 323, 325, 270, 100, 0, 0]||['d']
[325, 319, 325, 265, 100, 0, 0]||['d']
[325, 315, 325, 260, 100, 0, 0]||['d']
[325, 311, 325, 255, 100, 0, 0]||['d']
[325, 307, 325, 250, 100, 0, 0]||['d']
[325, 303, 325, 245, 100, 0, 0]||['d']
[325, 299, 325, 240, 100, 0, 0]||['d']
[325, 295, 325, 235, 100, 0, 0]||['d']
[325, 291, 325, 230, 100, 0, 0]||['d']
[325, 287, 325, 225, 100, 0, 0]||['d']
[325, 283, 325, 220, 100, 0, 0]||['d']
[325, 279, 325, 215, 100, 0, 0]||['d']
[325, 276, 325, 210, 100, 0, 0]||['d']
[325, 272, 325, 205, 100, 0, 0]||['d']
[325, 268, 325, 200, 100, 0, 0]||['d']
[325, 265, 325, 195, 100, 0, 0]||['d']
[325, 261, 325, 190, 100, 0, 0]||['d']
[325, 258, 325, 185, 100, 0, 0]||['d']
[325, 254, 325, 180, 100, 0, 0]||['d']
[325, 251, 325, 175, 100, 0, 0]||['d']
[325, 247, 325, 170, 100, 0, 0]||['d']
[325, 244, 325, 165, 100, 0, 0]||['d']
[325, 241, 325, 160, 100, 0, 0]||['d']
[325, 238, 325, 155, 100, 0, 0]||['d']
[325, 235, 325, 150, 100, 0, 0]||['d']
[325, 232, 325, 145, 100, 0, 0]||['d']
[325, 229, 325, 140, 100, 0, 0]||['d']
[325, 226, 325, 135, 100, 0, 0]||['d']
[325, 223, 325, 130, 100, 0, 0]||['d']
[325, 220, 325, 125, 100, 0, 0]||['d']
[325, 217, 325, 120, 100, 0, 0]||['d']
[325, 215, 325, 115, 100, 0, 0]||['d']
[325, 212, 325, 110, 100, 0, 0]||['d']
[325, 210, 325, 105, 100, 0, 0]||['d']
[325, 207, 325, 100, 100, 0, 0]||['d']
[325, 205, 325, 95, 100, 0, 0]||['d']
[325, 203, 325, 90, 100, 0, 0]||['d']
[325, 201, 325, 85, 100, 0, 0]||['d']
[325, 199, 325, 80, 100, 0, 0]||['d']
[325, 196, 325, 75, 100, 0, 0]||['d']
[325, 193, 325, 70, 100, 0, 0]||['d']
[325, 191, 325, 65, 100, 0, 0]||['d']
[325, 188, 325, 60, 100, 0, 0]||['d']
[325, 186, 325, 55, 100, 0, 0]||['d']
[325, 184, 325, 50, 100, 0, 0]||['d']
[325, 182, 325, 46, 100, 0, 0]||['d']
[325, 179, 325, 41, 100, 0, 0]||['d']
[325, 178, 325, 36, 100, 0, 0]||['d']
[325, 176, 325, 31, 100, 0, 0]||['d']
[325, 174, 325, 325, 100, 0, 0]||['d']
[325, 173, 325, 325, 100, 0, 0]||['d']
[325, 172, 325, 325, 100, 0, 0]||['d']
[325, 171, 325, 325, 100, 0, 0]||['d']
[325, 170, 325, 325, 100, 0, 0]||['d']
[325, 169, 325, 325, 100, 0, 0]||['d']
[325, 168, 325, 325, 100, 0, 0]||['d']
[325, 167, 325, 325, 100, 0, 0]||['d']
[325, 167, 325, 325, 100, 0, 0]||['d']
[325, 167, 325, 325, 100, 0, 0]||['d']
[325, 167, 325, 325, 100, 0, 0]||['d']
[325, 167, 325, 325, 100, 0, 0]||['d']
[325, 167, 325, 325, 100, 0, 0]||['d']
[325, 167, 325, 325, 100, 0, 0]||['d']
[325, 167, 325, 325, 100, 0, 0]||['d']
[325, 168, 325, 325, 100, 0, 0]||['d', 's']
[325, 164, 325, 325, 100, 0, 0]||['d', 's']
[325, 160, 325, 325, 100, 0, 0]||['d', 's']
[325, 157, 325, 325, 100, 0, 0]||['d', 's']
[325, 153, 325, 325, 100, 0, 0]||['d']
[325, 156, 325, 325, 100, 0, 0]||['d']
[325, 157, 325, 325, 100, 0, 0]||['d']
[325, 159, 325, 325, 100, 0, 0]||['d']
[325, 160, 325, 325, 100, 0, 0]||['d']
[325, 163, 325, 325, 100, 0, 0]||['d']
[325, 164, 325, 325, 100, 0, 0]||['d']
[325, 167, 325, 325, 100, 0, 0]||['d']
[325, 169, 325, 325, 100, 0, 0]||['d']
[325, 171, 325, 325, 100, 0, 0]||['d']
[325, 173, 325, 325, 100, 0, 0]||['d', 'w']
[325, 180, 325, 325, 100, 0, 0]||['d', 'w']
[325, 186, 325, 325, 100, 0, 0]||['d', 'w']
[325, 191, 325, 325, 100, 0, 0]||['d', 'w']
[325, 197, 325, 325, 100, 0, 0]||['d', 'w']
[325, 204, 325, 325, 100, 0, 0]||['d']
[325, 207, 325, 325, 100, 0, 0]||['d']
[325, 211, 325, 325, 100, 0, 0]||['d']
[325, 215, 325, 325, 100, 0, 0]||['d']
[325, 218, 325, 325, 100, 0, 0]||['d']
[325, 222, 325, 325, 100, 0, 0]||['d']
[325, 226, 325, 325, 100, 0, 0]||['d']
[325, 229, 325, 325, 100, 0, 0]||['d']
[325, 233, 325, 325, 100, 0, 0]||['d', 's']
[325, 234, 325, 325, 100, 0, 0]||['d', 's']
[325, 235, 325, 325, 100, 0, 0]||['d', 's']
[325, 236, 325, 325, 100, 0, 0]||['d', 's']
[325, 237, 325, 325, 100, 0, 0]||['d', 's']
[325, 239, 325, 325, 100, 0, 0]||['d']
[325, 243, 325, 325, 100, 0, 0]||['d']
[325, 248, 325, 325, 100, 0, 0]||['d']
[325, 252, 325, 325, 100, 0, 0]||['d']
[325, 256, 325, 325, 100, 0, 0]||['d']
[325, 261, 325, 325, 100, 0, 0]||['d']
[325, 265, 325, 325, 100, 0, 0]||['d']
[325, 270, 325, 325, 100, 0, 0]||['d']
[325, 274, 325, 325, 100, 0, 0]||['d']
[325, 279, 325, 325, 100, 0, 0]||['d']
[325, 283, 325, 325, 100, 0, 0]||['d']
[325, 288, 325, 325, 100, 0, 0]||['d']
[325, 292, 325, 325, 100, 0, 0]||['d']
[325, 297, 325, 325, 100, 0, 0]||['d', 'w']
[325, 303, 325, 325, 100, 0, 0]||['d', 'w']
[325, 310, 325, 325, 100, 0, 0]||['d', 'w']
[325, 317, 325, 325, 100, 0, 0]||['d']
[325, 320, 325, 325, 100, 0, 0]||['d']
[325, 325, 325, 325, 100, 0, 0]||['d']
[325, 325, 325, 325, 100, 0, 0]||['d']
[325, 325, 325, 325, 100, 0, 0]||['d']
[325, 325, 325, 325, 100, 0, 0]||['d']
[325, 325, 325, 325, 100, 0, 0]||['d']
[325, 325, 325, 325, 100, 0, 0]||['d']
[325, 325, 325, 325, 100, 0, 0]||['d']
[325, 325, 325, 325, 100, 0, 0]||['d']
[325, 325, 325, 325, 100, 0, 0]||['d']
[325, 325, 325, 325, 100, 0, 0]||['d']
[325, 325, 325, 325, 100, 0, 0]||['d']
[325, 325, 325, 325, 100, 0, 0]||['d']
[325, 325, 325, 325, 100, 0, 0]||['d']
[325, 325, 325, 325, 100, 0, 0]||['d']
[325, 325, 325, 325, 100, 0, 0]||['d']
[325, 325, 325, 325, 100, 0, 0]||['d']
[325, 325, 325, 325, 100, 0, 0]||['d']
[325, 325, 325, 325, 100, 0, 0]||['d']
[325, 325, 325, 325, 100, 0, 0]||['d']
[325, 325, 325, 325, 100, 0, 0]||['d']
[325, 325, 325, 325, 100, 0, 0]||['d']
[325, 325, 325, 325, 100, 0, 0]||['d']
[325, 325, 325, 325, 100, 0, 0]||['d']
[325, 325, 325, 325, 100, 0, 0]||['d']
[325, 325, 325, 325, 100, 0, 0]||['d']
[325, 325, 325, 325, 100, 0, 0]||['d']
[325, 325, 325, 325, 100, 0, 0]||['d']
[325, 325, 325, 325, 100, 0, 0]||['d']
[325, 325, 325, 325, 100, 0, 0]||['d']
[325, 325, 325, 325, 100, 0, 0]||['d']
[325, 325, 325, 325, 100, 0, 0]||['d']
[325, 325, 325, 325, 100, 0, 0]||['d']
[325, 325, 325, 325, 100, 0, 0]||['s']
[325, 325, 325, 325, 100, 0, 0]||['s']
[325, 325, 325, 325, 100, 0, 0]||['s']
[325, 325, 325, 325, 100, 0, 0]||['s']
[325, 325, 325, 325, 100, 0, 0]||['s']
[325, 325, 325, 325, 100, 0, 0]||['s']
[325, 325, 325, 325, 100, 0, 0]||['s']
[325, 325, 325, 325, 100, 0, 0]||['s']
[325, 325, 325, 325, 100, 0, 0]||['s']
[325, 325, 325, 325, 100, 0, 0]||['s']
[325, 325, 325, 325, 100, 0, 0]||['s']
[325, 325, 325, 325, 100, 0, 0]||['s']
[325, 325, 325, 325, 100, 0, 0]||['s']
[325, 325, 325, 325, 100, 0, 0]||['s']
[325, 325, 325, 325, 100, 0, 0]||['s']
[325, 325, 325, 325, 100, 0, 0]||['s']
[325, 325, 325, 325, 100, 0, 0]||['s']
[325, 325, 325, 325, 100, 0, 0]||['s']
[325, 325, 325, 325, 100, 0, 0]||['s']
[325, 325, 325, 325, 100, 0, 0]||['s']
[325, 325, 325, 325, 100, 0, 0]||['s']
[325, 325, 325, 325, 100, 0, 0]||['s']
[325, 325, 325, 325, 100, 0, 0]||['s']
[325, 325, 325, 325, 100, 0, 0]||['s']
[325, 325, 325, 325, 100, 0, 0]||['s']
[325, 325, 325, 325, 100, 0, 0]||['s']
[325, 325, 325, 325, 100, 0, 0]||['s']
[325, 325, 325, 325, 100, 0, 0]||['s']
[325, 325, 325, 325, 100, 0, 0]||['s']
[325, 325, 325, 325, 100, 0, 0]||['s']
[325, 325, 325, 325, 100, 0, 0]||['s', 'd']
[325, 325, 325, 325, 100, 0, 0]||['s', 'd']
[325, 325, 325, 325, 100, 0, 0]||['s']
[325, 325, 325, 325, 100, 0, 0]||['s']
[325, 325, 325, 325, 100, 0, 0]||['s']
[325, 325, 325, 325, 100, 0, 0]||['s']
[325, 325, 325, 325, 100, 0, 0]||['s']
[325, 325, 325, 325, 100, 0, 0]||['s']
[325, 325, 325, 325, 100, 0, 0]||['s']
[325, 325, 325, 325, 100, 0, 0]||['s']
[325, 325, 325, 325, 100, 0, 0]||['s']
[325, 325, 325, 325, 100, 0, 0]||['s']
[325, 325, 325, 325, 100, 0, 0]||['s']
[325, 325, 325, 325, 100, 0, 0]||['s']
[325, 325, 325, 325, 100, 0, 0]||['s']
[325, 325, 325, 325, 100, 0, 0]||['s']
[325, 325, 325, 325, 100, 0, 0]||['s']
[325, 325, 325, 325, 100, 0, 0]||['s']
[325, 325, 325, 325, 100, 0, 0]||['s']
[325, 325, 325, 325, 100, 0, 0]||['s']
[325, 325, 325, 325, 100, 0, 0]||['s']
[325, 325, 325, 325, 100, 0, 0]||['s']
[325, 325, 325, 325, 100, 0, 0]||['s']
[325, 325, 325, 325, 100, 0, 0]||['s']
[325, 325, 325, 325, 100, 0, 0]||['s']
[325, 325, 325, 325, 100, 0, 0]||['s']
[325, 325, 325, 325, 100, 0, 0]||['s']
[325, 325, 325, 325, 100, 0, 0]||['s']
[325, 325, 325, 325, 100, 0, 0]||['s']
[325, 325, 325, 325, 100, 0, 0]||['s']
[325, 325, 325, 325, 100, 0, 0]||['s']
[325, 325, 325, 325, 100, 0, 0]||['s']
[325, 325, 325, 325, 100, 0, 0]||['s']
[325, 325, 325, 325, 100, 0, 0]||['s']
[325, 325, 325, 325, 100, 0, 0]||['s']
[325, 325, 325, 325, 100, 0, 0]||['s']
[325, 325, 325, 325, 100, 0, 0]||['s']
[325, 325, 325, 325, 100, 0, 0]||['s']
[325, 325, 325, 325, 100, 0, 0]||['s']
[325, 325, 325, 325, 100, 0, 0]||['s']
[325, 325, 325, 325, 100, 0, 0]||[]
[325, 325, 325, 325, 100, 0, 0]||['d']
[325, 325, 325, 325, 100, 0, 0]||['d']
[325, 325, 325, 325, 100, 0, 0]||['d']
[325, 325, 325, 325, 100, 0, 0]||['d']
[325, 325, 325, 325, 100, 0, 0]||['d']
[325, 325, 325, 325, 100, 0, 0]||['d']
[325, 325, 325, 325, 100, 0, 0]||['d']
[325, 325, 325, 325, 100, 0, 0]||['d']
[325, 325, 325, 325, 100, 0, 0]||['d']
[325, 325, 325, 325, 100, 0, 0]||['d']
[325, 325, 325, 325, 100, 0, 0]||['d']
[325, 325, 325, 325, 100, 0, 0]||['d']
[325, 325, 325, 325, 100, 0, 0]||['d']
[325, 325, 325, 325, 100, 0, 0]||['d']
[325, 325, 325, 325, 100, 0, 0]||['d']
[325, 325, 325, 325, 100, 0, 0]||['d']
[325, 325, 325, 325, 100, 0, 0]||['d']
[325, 325, 325, 325, 100, 0, 0]||['d']
[325, 325, 325, 325, 100, 0, 0]||['d']
[325, 325, 325, 325, 100, 0, 0]||['d']
[325, 325, 325, 325, 100, 0, 0]||['d']
[325, 325, 325, 325, 100, 0, 0]||['d']
[325, 325, 325, 325, 100, 0, 0]||['d']
[325, 325, 325, 325, 100, 0, 0]||['d']
[325, 325, 325, 325, 100, 0, 0]||['d']
[325, 325, 325, 325, 100, 0, 0]||['d']
[325, 325, 325, 325, 100, 0, 0]||['d']
[325, 325, 325, 325, 100, 0, 0]||['d']
[325, 325, 325, 325, 100, 0, 0]||['d']
[325, 325, 325, 325, 100, 0, 0]||['d']
[325, 325, 325, 325, 100, 0, 0]||['d']
[325, 325, 325, 325, 100, 0, 0]||['d']
[325, 325, 325, 325, 100, 0, 0]||['d']
[325, 325, 325, 325, 100, 0, 0]||['d']
[325, 325, 325, 325, 100, 0, 0]||['d']
[325, 325, 325, 325, 100, 0, 0]||['d']
[325, 325, 325, 325, 100, 0, 0]||['d']
[325, 325, 325, 325, 100, 0, 0]||['d']
[325, 325, 325, 325, 100, 0, 0]||['d']
[325, 325, 325, 325, 100, 0, 0]||['d']
[325, 325, 325, 325, 100, 0, 0]||['d']
[325, 325, 325, 325, 100, 0, 0]||['d']
[325, 325, 325, 325, 100, 0, 0]||['d']
[325, 325, 325, 325, 100, 0, 0]||['d']
[325, 325, 325, 325, 100, 0, 0]||['d']
[325, 325, 325, 325, 100, 0, 0]||['d']
[325, 325, 325, 325, 100, 0, 0]||['d']
[325, 325, 325, 325, 100, 0, 0]||['d']
[325, 325, 325, 325, 100, 0, 0]||['d']
[325, 325, 325, 325, 100, 0, 0]||['d']
[325, 325, 325, 325, 100, 0, 0]||['d']
[325, 325, 325, 325, 100, 0, 0]||['d']
[325, 325, 325, 325, 100, 0, 0]||['d']
[325, 325, 325, 325, 100, 0, 0]||['d']
[325, 325, 325, 325, 100, 0, 0]||['d']
[325, 325, 325, 325, 100, 0, 0]||['d']
[325, 325, 325, 325, 100, 0, 0]||['d']
[325, 325, 325, 325, 100, 0, 0]||['d']
[325, 325, 325, 325, 100, 0, 0]||['d']
[325, 325, 325, 325, 100, 0, 0]||['d']
[325, 325, 325, 325, 100, 0, 0]||['d']
[325, 325, 325, 325, 100, 0, 0]||['d']
[325, 325, 325, 325, 100, 0, 0]||['d']
[325, 325, 325, 325, 100, 0, 0]||['d']
[325, 325, 325, 325, 100, 0, 0]||['d']
[325, 325, 325, 325, 100, 0, 0]||['d']
[325, 325, 325, 325, 100, 0, 0]||['d']
[325, 325, 325, 325, 100, 0, 0]||['d']
[325, 325, 325, 325, 100, 0, 0]||['d']
[325, 325, 325, 325, 100, 0, 0]||['d']
[325, 325, 325, 325, 100, 0, 0]||['d']
[325, 325, 325, 325, 100, 0, 0]||['d']
[325, 325, 325, 325, 100, 0, 0]||['d']
[325, 325, 325, 325, 100, 0, 0]||['d']
[325, 325, 325, 325, 100, 0, 0]||['d']
[325, 325, 325, 325, 100, 0, 0]||['d']
[325, 325, 325, 325, 100, 0, 0]||['d']
[325, 325, 325, 325, 100, 0, 0]||['d']
[325, 325, 325, 325, 100, 0, 0]||['d']
[325, 325, 325, 325, 100, 0, 0]||['d']
[325, 325, 325, 325, 100, 0, 0]||['d']
[325, 325, 325, 325, 100, 0, 0]||['d']
[325, 325, 325, 325, 100, 0, 0]||['d']
[325, 325, 325, 325, 100, 0, 0]||['d']
[325, 325, 325, 325, 100, 0, 0]||['d']
[325, 325, 325, 325, 100, 0, 0]||['d']
[325, 325, 325, 325, 100, 0, 0]||['d']
[325, 325, 325, 325, 100, 0, 0]||['d']
[325, 325, 325, 325, 100, 0, 0]||['d']
[325, 325, 325, 325, 100, 0, 0]||['d']
[325, 325, 325, 325, 100, 0, 0]||['d']
[325, 325, 325, 325, 100, 0, 0]||['d']
[325, 325, 325, 325, 100, 0, 0]||['d']
[325, 325, 325, 325, 100, 0, 0]||['d']
[325, 325, 325, 325, 100, 0, 0]||['d']
[325, 325, 325, 325, 100, 0, 0]||['d']
[325, 325, 325, 325, 100, 0, 0]||['d']
[325, 325, 325, 325, 100, 0, 0]||['d']
[325, 325, 325, 325, 100, 0, 0]||['d']
[325, 325, 325, 325, 100, 0, 0]||['d']
[325, 325, 325, 325, 100, 0, 0]||['d']
[325, 325, 325, 325, 100, 0, 0]||['d']
[325, 325, 325, 325, 100, 0, 0]||['d']
[325, 325, 325, 325, 100, 0, 0]||['d']
[325, 325, 325, 325, 100, 0, 0]||['d']
[325, 325, 325, 325, 100, 0, 0]||['d']
[325, 325, 325, 325, 100, 0, 0]||['d']
[325, 325, 325, 325, 100, 0, 0]||['d']
[325, 325, 325, 325, 100, 0, 0]||['d']
[325, 325, 325, 325, 100, 0, 0]||['d']
[325, 325, 325, 325, 100, 0, 0]||['d']
[325, 325, 325, 325, 100, 0, 0]||['d']
[325, 325, 325, 325, 100, 0, 0]||['d']
[325, 325, 325, 325, 100, 0, 0]||['d']
[325, 325, 325, 325, 100, 0, 0]||['d']
[325, 325, 325, 325, 100, 0, 0]||['d']
[325, 325, 325, 325, 100, 0, 0]||['d']
[325, 325, 325, 325, 100, 0, 0]||['d']
[325, 325, 325, 325, 100, 0, 0]||['d']
[325, 325, 325, 325, 100, 0, 0]||['d']
[325, 325, 325, 325, 100, 0, 0]||['d']
[325, 325, 325, 325, 100, 0, 0]||['d']
[325, 325, 325, 325, 100, 0, 0]||['d']
[325, 325, 325, 325, 100, 0, 0]||['d']
[325, 325, 325, 325, 100, 0, 0]||['d']
[325, 325, 325, 325, 100, 0, 0]||['d']
[325, 325, 325, 325, 100, 0, 0]||['d']
[325, 325, 325, 325, 100, 0, 0]||['d']
[325, 325, 325, 325, 100, 0, 0]||['d']
[325, 325, 325, 325, 100, 0, 0]||['d']
[325, 325, 325, 325, 100, 0, 0]||['d']
[325, 325, 325, 325, 100, 0, 0]||['d']
[325, 325, 325, 325, 100, 0, 0]||['d']
[325, 325, 325, 325, 100, 0, 0]||['d']
[325, 325, 325, 325, 100, 0, 0]||['d']
[325, 325, 325, 325, 100, 0, 0]||['d']
[325, 325, 325, 325, 100, 0, 0]||['d']
[325, 325, 325, 325, 100, 0, 0]||['d']
[325, 325, 325, 325, 100, 0, 0]||['d']
[325, 325, 325, 325, 100, 0, 0]||['d']
[325, 325, 325, 325, 100, 0, 0]||['d']
[325, 325, 325, 325, 100, 0, 0]||['d']
[325, 325, 325, 325, 100, 0, 0]||['d']
[325, 325, 325, 325, 100, 0, 0]||['d']
[325, 325, 325, 325, 100, 0, 0]||['d']
[325, 325, 325, 325, 100, 0, 0]||['d']
[325, 325, 325, 325, 100, 0, 0]||['d']
[325, 325, 325, 325, 100, 0, 0]||['d']
[325, 325, 325, 325, 100, 0, 0]||['d']
[325, 325, 325, 325, 100, 0, 0]||['d']
[325, 325, 325, 325, 100, 0, 0]||['d']
[325, 325, 325, 325, 100, 0, 0]||['d']
[325, 325, 325, 325, 100, 0, 0]||['d']
[325, 325, 325, 325, 100, 0, 0]||['d']
[325, 325, 325, 325, 100, 0, 0]||['d']
[325, 325, 325, 325, 100, 0, 0]||['d']
[325, 325, 325, 325, 100, 0, 0]||['d']
[325, 325, 325, 325, 100, 0, 0]||['d']
[325, 325, 325, 325, 100, 0, 0]||['d']
[325, 325, 325, 325, 100, 0, 0]||['d']
[325, 325, 325, 325, 100, 0, 0]||['d']
[325, 325, 325, 325, 100, 0, 0]||['d']
[325, 325, 325, 325, 100, 0, 0]||['d']
[325, 325, 325, 325, 100, 0, 0]||['d']
[325, 325, 325, 325, 100, 0, 0]||['d']
[325, 325, 325, 325, 100, 0, 0]||['d']
[325, 325, 325, 325, 100, 0, 0]||['d']
[325, 325, 325, 325, 100, 0, 0]||['d']
[325, 325, 325, 325, 100, 0, 0]||['d']
[325, 325, 325, 325, 100, 0, 0]||['d']
[325, 325, 325, 325, 100, 0, 0]||['d']
[325, 325, 325, 325, 100, 0, 0]||['d']
[325, 325, 325, 325, 100, 0, 0]||['d', 's']
[325, 325, 325, 325, 100, 0, 0]||['s']
[325, 325, 325, 325, 100, 0, 0]||['s']
[325, 325, 325, 325, 100, 0, 0]||['s']
[325, 325, 325, 325, 100, 0, 0]||['s']
[325, 325, 325, 325, 100, 0, 0]||['s']
[325, 325, 325, 325, 100, 0, 0]||['s']
[325, 325, 325, 325, 100, 0, 0]||['s']
[325, 325, 325, 325, 100, 0, 0]||['s']
[325, 325, 325, 325, 100, 0, 0]||['s']
[325, 325, 325, 325, 100, 0, 0]||['s']
[325, 325, 325, 325, 100, 0, 0]||['s']
[325, 325, 325, 325, 100, 0, 0]||['s']
[325, 325, 325, 325, 100, 0, 0]||['s']
[325, 325, 325, 325, 100, 0, 0]||['s']
[325, 325, 325, 325, 100, 0, 0]||['s']
[325, 325, 325, 325, 100, 0, 0]||['s']
[325, 325, 325, 325, 100, 0, 0]||['s']
[325, 325, 325, 325, 100, 0, 0]||['s']
[325, 325, 325, 325, 100, 0, 0]||['s']
[325, 325, 325, 325, 100, 0, 0]||['s']
[325, 325, 325, 325, 100, 0, 0]||['s']
[325, 325, 325, 325, 100, 0, 0]||['s']
[325, 325, 325, 325, 100, 0, 0]||['s']
[325, 325, 325, 325, 100, 0, 0]||['s']
[325, 325, 325, 325, 100, 0, 0]||['s']
[325, 325, 325, 325, 100, 0, 0]||['s']
[325, 325, 325, 325, 100, 0, 0]||['s']
[325, 325, 325, 325, 100, 0, 0]||['s']
[325, 325, 325, 325, 100, 0, 0]||['s']
[325, 325, 325, 325, 100, 0, 0]||['s']
[325, 325, 325, 325, 100, 0, 0]||['s']
[325, 325, 325, 325, 100, 0, 0]||['s']
[325, 325, 325, 325, 100, 0, 0]||['s']
[325, 325, 325, 325, 100, 0, 0]||['s']
[325, 325, 325, 325, 100, 0, 0]||['s']
[325, 325, 325, 325, 100, 0, 0]||['s']
[325, 325, 325, 325, 100, 0, 0]||['s']
[325, 325, 325, 325, 100, 0, 0]||['s']
[320, 325, 325, 325, 100, 0, 0]||['s']
[315, 325, 325, 325, 100, 0, 0]||['s']
[310, 325, 325, 325, 100, 0, 0]||['s']
[305, 325, 325, 325, 100, 0, 0]||['s']
[301, 325, 325, 325, 100, 0, 0]||['s']
[296, 325, 325, 325, 100, 0, 0]||['s']
[291, 325, 325, 325, 100, 0, 0]||['s']
[286, 325, 325, 325, 100, 0, 0]||['s']
[281, 325, 325, 325, 100, 0, 0]||['s']
[276, 325, 325, 325, 100, 0, 0]||['s']
[271, 325, 325, 325, 100, 0, 0]||['s']
[266, 325, 325, 325, 100, 0, 0]||['s']
[261, 325, 325, 325, 100, 0, 0]||['s']
[257, 325, 325, 325, 100, 0, 0]||['s']
[252, 325, 325, 325, 100, 0, 0]||['s']
[247, 325, 325, 325, 100, 0, 0]||['s']
[242, 325, 325, 325, 100, 0, 0]||['s']
[237, 325, 325, 325, 100, 0, 0]||['s']
[232, 325, 325, 325, 100, 0, 0]||['s']
[228, 325, 325, 325, 100, 0, 0]||['s']
[223, 325, 325, 325, 100, 0, 0]||['s']
[218, 325, 325, 325, 100, 0, 0]||['s']
[213, 325, 325, 325, 100, 0, 0]||['s']
[208, 325, 325, 325, 100, 0, 0]||['s']
[204, 325, 325, 325, 100, 0, 0]||['s']
[199, 325, 325, 325, 100, 0, 0]||['s']
[194, 325, 325, 325, 100, 0, 0]||['s']
[189, 325, 325, 325, 100, 0, 0]||['s']
[185, 325, 325, 325, 100, 0, 0]||['s']
[180, 325, 325, 325, 100, 0, 0]||['s']
[175, 325, 325, 325, 100, 0, 0]||['s']
[170, 325, 325, 325, 100, 0, 0]||['s']
[166, 325, 325, 325, 100, 0, 0]||['s']
[161, 325, 325, 325, 100, 0, 0]||['s']
[156, 325, 325, 325, 100, 0, 0]||['s']
[152, 325, 325, 325, 100, 0, 0]||['s']
[147, 325, 325, 325, 100, 0, 0]||['s']
[143, 325, 325, 325, 100, 0, 0]||['s']
[138, 325, 325, 325, 100, 0, 0]||['s']
[134, 325, 325, 325, 100, 0, 0]||['s']
[129, 325, 325, 325, 100, 0, 0]||['s']
[125, 325, 325, 325, 100, 0, 0]||['s']
[120, 325, 325, 325, 100, 0, 0]||['s']
[116, 325, 325, 325, 100, 0, 0]||['s']
[112, 325, 325, 325, 100, 0, 0]||['s']
[108, 325, 325, 325, 100, 0, 0]||['s']
[104, 325, 325, 325, 100, 0, 0]||['s']
[100, 325, 325, 325, 100, 0, 0]||['s']
[96, 325, 325, 325, 100, 0, 0]||['s']
[92, 325, 325, 325, 100, 0, 0]||['s']
[88, 325, 325, 325, 100, 0, 0]||['s']
[84, 325, 325, 325, 100, 0, 0]||['s']
[81, 325, 325, 325, 100, 0, 0]||['s']
[78, 325, 325, 325, 100, 0, 0]||['s']
[75, 325, 325, 325, 100, 0, 0]||['s']
[72, 325, 325, 325, 100, 0, 0]||['s']
[69, 325, 325, 325, 100, 0, 0]||['s']
[67, 325, 325, 325, 100, 0, 0]||['s']
[65, 325, 325, 325, 100, 0, 0]||['s']
[63, 325, 325, 325, 100, 0, 0]||['s', 'd']
[57, 325, 325, 325, 100, 0, 0]||['s', 'd']
[50, 325, 325, 325, 100, 0, 0]||['s']
[50, 325, 325, 325, 100, 0, 0]||['s']
[50, 325, 325, 325, 100, 0, 0]||['s', 'd']
[45, 325, 325, 325, 100, 0, 0]||['d']
[40, 325, 325, 325, 100, 0, 0]||['d']
[35, 325, 325, 325, 100, 0, 0]||['d']
[30, 325, 325, 325, 100, 0, 0]||['d']
