[315, 315, 315, 315, 100, 0.0, 0.0]
[315, 315, 315, 315, 100, 0.0, 0.0]
[315, 315, 315, 315, 100, 0.0, 0.0]
[315, 315, 315, 315, 100, 0.0, 0.0]
[315, 315, 315, 315, 100, 0.0, 0.0]
[315, 315, 315, 315, 100, 0.0, 0.0]
[315, 315, 315, 315, 100, 0.0, 0.0]
[315, 315, 315, 315, 100, 0.0, 0.0]
[315, 315, 315, 315, 100, 0.0, 0.0]
[315, 315, 315, 315, 100, 0.0, 0.0]
[315, 315, 315, 315, 100, 0.0, 0.0]
[315, 315, 315, 315, 100, 0.0, 0.0]
[315, 315, 315, 315, 100, 0.0, 0.0]
[315, 315, 315, 315, 100, 0.0, 0.0]
[315, 315, 315, 315, 100, 0.0, 0.0]
[315, 315, 315, 315, 100, 0.0, 0.0]
[315, 315, 315, 315, 100, 0.0, 0.0]
[315, 315, 315, 315, 100, 0.0, 0.0]
[315, 315, 315, 315, 100, 0.0, 0.0]
[315, 315, 315, 315, 100, 0.0, 0.0]
[315, 315, 315, 315, 100, 0.0, 0.0]
[315, 315, 315, 315, 100, 0.0, 0.0]
[315, 315, 315, 315, 100, 0.0, 0.0]
[315, 315, 315, 315, 100, 0.0, 0.0]
[315, 315, 315, 315, 100, 0.0, 0.0]
[315, 315, 315, 315, 100, 0.0, 0.0]
[315, 315, 315, 315, 100, 0.0, 0.0]
[315, 315, 315, 315, 100, 0.0, 0.0]
[315, 315, 315, 315, 100, 0.0, 0.0]
[315, 315, 315, 315, 100, 0.0, 0.0]
[315, 315, 315, 315, 100, 0.0, 0.0]
[315, 315, 315, 315, 100, 0.0, 0.0]
[315, 315, 315, 315, 100, 0.0, 0.0]
[315, 315, 315, 315, 100, 0.0, 0.0]
[315, 315, 315, 315, 100, 0.0, 0.0]
[315, 315, 315, 315, 100, 0.0, 0.0]
[315, 315, 315, 315, 100, 0.0, 0.0]
[315, 315, 315, 315, 100, 0.0, 0.0]
[315, 315, 315, 315, 100, 0.0, 0.0]
[315, 315, 315, 315, 100, 0.0, 0.0]
[315, 315, 315, 315, 100, 0.0, 0.0]
[315, 315, 315, 315, 100, 0.0, 0.0]
[315, 315, 315, 315, 100, 0.0, 0.0]
[315, 315, 315, 315, 100, 0.0, 0.0]
[315, 315, 315, 315, 100, 0.0, 0.0]
[315, 315, 315, 315, 100, 0.0, 0.0]
[315, 315, 315, 315, 100, 0.0, 0.0]
[315, 315, 315, 315, 100, 0.0, 0.0]
[315, 315, 315, 315, 100, 0.0, 0.0]
[315, 315, 315, 315, 100, 0.0, 0.0]
[315, 315, 315, 315, 100, 0.0, 0.0]
[315, 315, 315, 315, 100, 0.0, 0.0]
[315, 315, 315, 315, 100, 0.0, 0.0]
[315, 315, 315, 315, 100, 0.0, 0.0]
[315, 315, 315, 315, 100, 0.0, 0.0]
[315, 315, 315, 315, 100, 0.0, 0.0]
[315, 315, 315, 315, 100, 0.0, 0.0]
[315, 315, 315, 315, 100, 0.0, 0.0]
[315, 315, 315, 315, 100, 0.0, 0.0]
[315, 315, 315, 315, 100, 0.0, 0.0]
[315, 315, 315, 315, 100, 0.0, 0.0]
[315, 315, 315, 315, 100, 0.0, 0.0]
[315, 315, 315, 315, 100, 0.0, 0.0]
[315, 315, 315, 315, 100, 0.0, 0.0]
[315, 315, 315, 315, 100, 0.0, 0.0]
[315, 315, 315, 315, 100, 0.0, 0.0]
[315, 315, 315, 315, 100, 0.0, 0.0]
[315, 315, 315, 315, 100, 0.0, 0.0]
[315, 315, 315, 315, 100, 0.0, 0.0]
[315, 315, 315, 315, 100, 0.0, 0.0]
[315, 315, 315, 315, 100, 0.0, 0.0]
[315, 315, 315, 315, 100, 0.0, 0.0]
[315, 315, 315, 315, 100, 0.0, 0.0]
[315, 315, 315, 315, 100, 0.0, 0.0]
[315, 315, 315, 315, 100, 0.0, 0.0]
[315, 315, 315, 315, 100, 0.0, 0.0]
[315, 315, 315, 315, 100, 0.0, 0.0]
[315, 315, 315, 315, 100, 0.0, 0.0]
[315, 315, 315, 315, 100, 0.0, 0.0]
[315, 315, 315, 315, 100, 0.0, 0.0]
[315, 315, 315, 315, 100, 0.0, 0.0]
[315, 315, 315, 315, 100, 0.0, 0.0]
[315, 315, 315, 315, 100, 0.0, 0.0]
[315, 315, 315, 315, 100, 0.0, 0.0]
[315, 315, 315, 315, 100, 0.0, 0.0]
[315, 315, 315, 315, 100, 0.0, 0.0]
[315, 315, 315, 315, 100, 0.0, 0.0]
[315, 315, 315, 315, 100, 0.0, 0.0]
[315, 315, 315, 315, 100, 0.0, 0.0]
[315, 315, 315, 315, 100, 0.0, 0.0]
[315, 315, 315, 310, 100, 0.0, 0.0]
[315, 315, 315, 305, 100, 0.0, 0.0]
[315, 315, 315, 300, 100, 0.0, 0.0]
[315, 315, 315, 295, 100, 0.0, 0.0]
[315, 315, 315, 290, 100, 0.0, 0.0]
[315, 315, 315, 285, 100, 0.0, 0.0]
[315, 315, 315, 280, 100, 0.0, 0.0]
[315, 315, 315, 275, 100, 0.0, 0.0]
[315, 315, 315, 270, 100, 0.0, 0.0]
[315, 315, 315, 265, 100, 0.0, 0.0]
[315, 312, 315, 260, 100, 0.0, 0.0]
[315, 308, 315, 255, 100, 0.0, 0.0]
[315, 304, 315, 250, 100, 0.0, 0.0]
[315, 300, 315, 245, 100, 0.0, 0.0]
[315, 296, 315, 240, 100, 0.0, 0.0]
[315, 292, 315, 235, 100, 0.0, 0.0]
[315, 288, 315, 230, 100, 0.0, 0.0]
[315, 284, 315, 225, 100, 0.0, 0.0]
[315, 280, 315, 220, 100, 0.0, 0.0]
[315, 276, 315, 215, 100, 0.0, 0.0]
[315, 272, 315, 210, 100, 0.0, 0.0]
[315, 269, 315, 205, 100, 0.0, 0.0]
[315, 265, 315, 200, 100, 0.0, 0.0]
[315, 261, 315, 195, 100, 0.0, 0.0]
[315, 258, 315, 190, 100, 0.0, 0.0]
[315, 254, 315, 185, 100, 0.0, 0.0]
[315, 251, 315, 180, 100, 0.0, 0.0]
[315, 247, 315, 175, 100, 0.0, 0.0]
[315, 244, 315, 170, 100, 0.0, 0.0]
[315, 240, 315, 165, 100, 0.0, 0.0]
[315, 237, 315, 160, 100, 0.0, 0.0]
[315, 234, 315, 155, 100, 0.0, 0.0]
[315, 231, 315, 150, 100, 0.0, 0.0]
[315, 228, 315, 145, 100, 0.0, 0.0]
[315, 225, 315, 140, 100, 0.0, 0.0]
[315, 222, 315, 135, 100, 0.0, 0.0]
[315, 219, 315, 130, 100, 0.0, 0.0]
[315, 216, 315, 125, 100, 0.0, 0.0]
[315, 213, 315, 120, 100, 0.0, 0.0]
[315, 210, 315, 115, 100, 0.0, 0.0]
[315, 208, 315, 110, 100, 0.0, 0.0]
[315, 205, 315, 105, 100, 0.0, 0.0]
[315, 203, 315, 100, 100, 0.0, 0.0]
[315, 201, 315, 95, 100, 0.0, 0.0]
[315, 199, 315, 90, 100, 0.0, 0.0]
[315, 195, 315, 85, 100, 0.0, 0.0]
[315, 192, 315, 80, 100, 0.0, 0.0]
[315, 189, 315, 75, 100, 0.0, 0.0]
[315, 186, 315, 70, 100, 0.0, 0.0]
[315, 184, 315, 65, 100, 0.0, 0.0]
[315, 181, 315, 60, 100, 0.0, 0.0]
[315, 179, 315, 55, 100, 0.0, 0.0]
[315, 177, 315, 50, 100, 0.0, 0.0]
[315, 174, 315, 45, 100, 0.0, 0.0]
[315, 172, 315, 40, 100, 0.0, 0.0]
[315, 170, 315, 35, 100, 0.0, 0.0]
[315, 169, 315, 30, 100, 0.0, 0.0]
[315, 167, 315, 315, 100, 0.0, 0.0]
[315, 166, 315, 315, 100, 0.0, 0.0]
[315, 165, 315, 315, 100, 0.0, 0.0]
[315, 164, 315, 315, 100, 0.0, 0.0]
[315, 163, 315, 315, 100, 0.0, 0.0]
[315, 162, 315, 315, 100, 0.0, 0.0]
[315, 161, 315, 315, 100, 0.0, 0.0]
[315, 161, 315, 315, 100, 0.0, 0.0]
[315, 160, 315, 315, 100, 0.0, 0.0]
[315, 160, 315, 315, 100, 0.0, 0.0]
[315, 160, 315, 315, 100, 0.0, 0.0]
[315, 160, 315, 315, 100, 0.0, 0.0]
[315, 160, 315, 315, 100, 0.0, 0.0]
[315, 161, 315, 315, 100, 0.0, 0.0]
[315, 161, 315, 315, 100, 0.0, 0.0]
[315, 162, 315, 315, 100, 0.0, 0.0]
[315, 162, 315, 315, 100, 0.0, 0.0]
[315, 163, 315, 315, 100, 0.0, 0.0]
[315, 165, 315, 315, 100, 0.0, 0.0]
[315, 166, 315, 315, 100, 0.0, 0.0]
[315, 168, 315, 315, 100, 0.0, 0.0]
[315, 169, 315, 315, 100, 0.0, 0.0]
[315, 170, 315, 315, 100, 0.0, 0.0]
[315, 172, 315, 315, 100, 0.0, 0.0]
[315, 173, 315, 315, 100, 0.0, 0.0]
[315, 175, 315, 315, 100, 0.0, 0.0]
[315, 178, 315, 315, 100, 0.0, 0.0]
[315, 180, 315, 315, 100, 0.0, 0.0]
[315, 181, 315, 315, 100, 0.0, 0.0]
[315, 183, 315, 315, 100, 0.0, 0.0]
[315, 186, 315, 315, 100, 0.0, 0.0]
[315, 188, 315, 315, 100, 0.0, 0.0]
[315, 190, 315, 315, 100, 0.0, 0.0]
[315, 193, 315, 315, 100, 0.0, 0.0]
[315, 195, 315, 315, 100, 0.0, 0.0]
[315, 198, 315, 315, 100, 0.0, 0.0]
[315, 201, 315, 315, 100, 0.0, 0.0]
[315, 204, 315, 315, 100, 0.0, 0.0]
[315, 208, 315, 315, 100, 0.0, 0.0]
[315, 212, 315, 315, 100, 0.0, 0.0]
[315, 216, 315, 315, 100, 0.0, 0.0]
[315, 220, 315, 315, 100, 0.0, 0.0]
[315, 224, 315, 315, 100, 0.0, 0.0]
[315, 228, 315, 315, 100, 0.0, 0.0]
[315, 232, 315, 315, 100, 0.0, 0.0]
[315, 236, 315, 315, 100, 0.0, 0.0]
[315, 240, 315, 315, 100, 0.0, 0.0]
[315, 244, 315, 315, 100, 0.0, 0.0]
[315, 248, 315, 315, 100, 0.0, 0.0]
[315, 253, 315, 315, 100, 0.0, 0.0]
[315, 257, 315, 315, 100, 0.0, 0.0]
[315, 261, 315, 315, 100, 0.0, 0.0]
[315, 265, 315, 315, 100, 0.0, 0.0]
[315, 270, 315, 315, 100, 0.0, 0.0]
[315, 274, 315, 315, 100, 0.0, 0.0]
[315, 278, 315, 315, 100, 0.0, 0.0]
[315, 283, 315, 315, 100, 0.0, 0.0]
[315, 287, 315, 315, 100, 0.0, 0.0]
[315, 292, 315, 315, 100, 0.0, 0.0]
[315, 296, 315, 315, 100, 0.0, 0.0]
[315, 300, 315, 315, 100, 0.0, 0.0]
[315, 305, 315, 315, 100, 0.0, 0.0]
[315, 309, 315, 315, 100, 0.0, 0.0]
[315, 314, 315, 315, 100, 0.0, 0.0]
[315, 315, 315, 315, 100, 0.0, 0.0]
[315, 315, 315, 315, 100, 0.0, 0.0]
[315, 315, 315, 315, 100, 0.0, 0.0]
[315, 315, 315, 315, 100, 0.0, 0.0]
[315, 315, 315, 315, 100, 0.0, 0.0]
[315, 315, 315, 315, 100, 0.0, 0.0]
[315, 315, 315, 315, 100, 0.0, 0.0]
[315, 315, 315, 315, 100, 0.0, 0.0]
[315, 315, 315, 315, 100, 0.0, 0.0]
[315, 315, 315, 315, 100, 0.0, 0.0]
[315, 315, 315, 315, 100, 0.0, 0.0]
[315, 315, 315, 315, 100, 0.0, 0.0]
[315, 315, 315, 315, 100, 0.0, 0.0]
[315, 315, 315, 315, 100, 0.0, 0.0]
[315, 315, 315, 315, 100, 0.0, 0.0]
[315, 315, 315, 315, 100, 0.0, 0.0]
[315, 315, 315, 315, 100, 0.0, 0.0]
[315, 315, 315, 315, 100, 0.0, 0.0]
[315, 315, 315, 315, 100, 0.0, 0.0]
[315, 315, 315, 315, 100, 0.0, 0.0]
[315, 315, 315, 315, 100, 0.0, 0.0]
[315, 315, 315, 315, 100, 0.0, 0.0]
[315, 315, 315, 315, 100, 0.0, 0.0]
[315, 315, 315, 315, 100, 0.0, 0.0]
[315, 315, 315, 315, 100, 0.0, 0.0]
[315, 315, 315, 315, 100, 0.0, 0.0]
[315, 315, 315, 315, 100, 0.0, 0.0]
[315, 315, 315, 315, 100, 0.0, 0.0]
[315, 315, 315, 315, 100, 0.0, 0.0]
[315, 315, 315, 315, 100, 0.0, 0.0]
[315, 315, 315, 315, 100, 0.0, 0.0]
[315, 315, 315, 315, 100, 0.0, 0.0]
[315, 315, 315, 315, 100, 0.0, 0.0]
[315, 315, 315, 315, 100, 0.0, 0.0]
[315, 315, 315, 315, 100, 0.0, 0.0]
[315, 315, 315, 315, 100, 0.0, 0.0]
[315, 315, 315, 315, 100, 0.0, 0.0]
[315, 315, 315, 315, 100, 0.0, 0.0]
[315, 315, 315, 315, 100, 0.0, 0.0]
[315, 315, 315, 315, 100, 0.0, 0.0]
[315, 315, 315, 315, 100, 0.0, 0.0]
[315, 315, 315, 315, 100, 0.0, 0.0]
[315, 315, 315, 315, 100, 0.0, 0.0]
[315, 315, 315, 315, 100, 0.0, 0.0]
[315, 315, 315, 315, 100, 0.0, 0.0]
[315, 315, 315, 315, 100, 0.0, 0.0]
[315, 315, 315, 315, 100, 0.0, 0.0]
[315, 315, 315, 315, 100, 0.0, 0.0]
[315, 315, 315, 315, 100, 0.0, 0.0]
[315, 315, 315, 315, 100, 0.0, 0.0]
[315, 315, 315, 315, 100, 0.0, 0.0]
[315, 315, 315, 315, 100, 0.0, 0.0]
[315, 315, 315, 315, 100, 0.0, 0.0]
[315, 315, 315, 315, 100, 0.0, 0.0]
[315, 315, 315, 315, 100, 0.0, 0.0]
[315, 315, 315, 315, 100, 0.0, 0.0]
[315, 315, 315, 315, 100, 0.0, 0.0]
[315, 315, 315, 315, 100, 0.0, 0.0]
[315, 315, 315, 315, 100, 0.0, 0.0]
[315, 315, 315, 315, 100, 0.0, 0.0]
[315, 315, 315, 315, 100, 0.0, 0.0]
[315, 315, 315, 315, 100, 0.0, 0.0]
[315, 315, 315, 315, 100, 0.0, 0.0]
[315, 315, 315, 315, 100, 0.0, 0.0]
[315, 315, 315, 315, 100, 0.0, 0.0]
[315, 315, 315, 315, 100, 0.0, 0.0]
[315, 315, 315, 315, 100, 0.0, 0.0]
[315, 315, 315, 315, 100, 0.0, 0.0]
[315, 315, 315, 315, 100, 0.0, 0.0]
[315, 315, 315, 315, 100, 0.0, 0.0]
[315, 315, 315, 315, 100, 0.0, 0.0]
[315, 315, 315, 315, 100, 0.0, 0.0]
[315, 315, 315, 315, 100, 0.0, 0.0]
[315, 315, 315, 315, 100, 0.0, 0.0]
[315, 315, 315, 315, 100, 0.0, 0.0]
[315, 315, 315, 315, 100, 0.0, 0.0]
[315, 315, 315, 315, 100, 0.0, 0.0]
[315, 315, 315, 315, 100, 0.0, 0.0]
[315, 315, 315, 315, 100, 0.0, 0.0]
[315, 315, 315, 315, 100, 0.0, 0.0]
[315, 315, 315, 315, 100, 0.0, 0.0]
[315, 315, 315, 315, 100, 0.0, 0.0]
[315, 315, 315, 315, 100, 0.0, 0.0]
[315, 315, 315, 315, 100, 0.0, 0.0]
[315, 315, 315, 315, 100, 0.0, 0.0]
[315, 315, 315, 315, 100, 0.0, 0.0]
[315, 315, 315, 315, 100, 0.0, 0.0]
[315, 315, 315, 315, 100, 0.0, 0.0]
[315, 315, 315, 315, 100, 0.0, 0.0]
[315, 315, 315, 315, 100, 0.0, 0.0]
[315, 315, 315, 315, 100, 0.0, 0.0]
[315, 315, 315, 315, 100, 0.0, 0.0]
[315, 315, 315, 315, 100, 0.0, 0.0]
[315, 315, 315, 315, 100, 0.0, 0.0]
[315, 315, 315, 315, 100, 0.0, 0.0]
[315, 315, 315, 315, 100, 0.0, 0.0]
[315, 315, 315, 315, 100, 0.0, 0.0]
[315, 315, 315, 315, 100, 0.0, 0.0]
[315, 315, 315, 315, 100, 0.0, 0.0]
[315, 315, 315, 315, 100, 0.0, 0.0]
[315, 315, 315, 315, 100, 0.0, 0.0]
[315, 315, 315, 315, 100, 0.0, 0.0]
[315, 315, 315, 315, 100, 0.0, 0.0]
[315, 315, 315, 315, 100, 0.0, 0.0]
[315, 315, 315, 315, 100, 0.0, 0.0]
[315, 315, 315, 315, 100, 0.0, 0.0]
[315, 315, 315, 315, 100, 0.0, 0.0]
[315, 315, 315, 315, 100, 0.0, 0.0]
[315, 315, 315, 315, 100, 0.0, 0.0]
[315, 315, 315, 315, 100, 0.0, 0.0]
[315, 315, 315, 315, 100, 0.0, 0.0]
[315, 315, 315, 315, 100, 0.0, 0.0]
[315, 315, 315, 315, 100, 0.0, 0.0]
[315, 315, 315, 315, 100, 0.0, 0.0]
[315, 315, 315, 315, 100, 0.0, 0.0]
[315, 315, 315, 315, 100, 0.0, 0.0]
[315, 315, 315, 315, 100, 0.0, 0.0]
[315, 315, 315, 315, 100, 0.0, 0.0]
[315, 315, 315, 315, 100, 0.0, 0.0]
[315, 315, 315, 315, 100, 0.0, 0.0]
[315, 315, 315, 315, 100, 0.0, 0.0]
[315, 315, 315, 315, 100, 0.0, 0.0]
[315, 315, 315, 315, 100, 0.0, 0.0]
[315, 315, 315, 315, 100, 0.0, 0.0]
[315, 315, 315, 315, 100, 0.0, 0.0]
[315, 315, 315, 315, 100, 0.0, 0.0]
[315, 315, 314, 315, 100, 0.0, 0.0]
[315, 315, 309, 315, 100, 0.0, 0.0]
[315, 315, 304, 315, 100, 0.0, 0.0]
[315, 315, 299, 315, 100, 0.0, 0.0]
[315, 315, 294, 315, 100, 0.0, 0.0]
[315, 315, 289, 315, 100, 0.0, 0.0]
[315, 315, 284, 315, 100, 0.0, 0.0]
[315, 315, 279, 315, 100, 0.0, 0.0]
[315, 315, 274, 315, 100, 0.0, 0.0]
[315, 315, 269, 315, 100, 0.0, 0.0]
[315, 315, 264, 315, 100, 0.0, 0.0]
[315, 315, 259, 315, 100, 0.0, 0.0]
[315, 315, 254, 315, 100, 0.0, 0.0]
[315, 315, 249, 315, 100, 0.0, 0.0]
[315, 315, 244, 315, 100, 0.0, 0.0]
[315, 315, 239, 315, 100, 0.0, 0.0]
[315, 315, 234, 315, 100, 0.0, 0.0]
[315, 315, 229, 315, 100, 0.0, 0.0]
[315, 315, 224, 315, 100, 0.0, 0.0]
[315, 315, 219, 315, 100, 0.0, 0.0]
[315, 315, 214, 315, 100, 0.0, 0.0]
[315, 315, 209, 315, 100, 0.0, 0.0]
[315, 315, 204, 315, 100, 0.0, 0.0]
[315, 315, 199, 315, 100, 0.0, 0.0]
[315, 315, 194, 315, 100, 0.0, 0.0]
[315, 315, 189, 315, 100, 0.0, 0.0]
[315, 315, 184, 315, 100, 0.0, 0.0]
[315, 315, 179, 315, 100, 0.0, 0.0]
[315, 315, 174, 315, 100, 0.0, 0.0]
[315, 315, 169, 315, 100, 0.0, 0.0]
[315, 315, 164, 315, 100, 0.0, 0.0]
[315, 315, 159, 315, 100, 0.0, 0.0]
[315, 315, 154, 315, 100, 0.0, 0.0]
[315, 315, 149, 315, 100, 0.0, 0.0]
[315, 315, 144, 315, 100, 0.0, 0.0]
[315, 315, 139, 315, 100, 0.0, 0.0]
[315, 315, 134, 315, 100, 0.0, 0.0]
[315, 315, 129, 315, 100, 0.0, 0.0]
[315, 315, 124, 315, 100, 0.0, 0.0]
[315, 315, 119, 315, 100, 0.0, 0.0]
[315, 315, 114, 315, 100, 0.0, 0.0]
[315, 315, 109, 315, 100, 0.0, 0.0]
[315, 315, 104, 315, 100, 0.0, 0.0]
[315, 315, 99, 315, 100, 0.0, 0.0]
[315, 315, 94, 315, 100, 0.0, 0.0]
[315, 315, 89, 315, 100, 0.0, 0.0]
[315, 315, 84, 315, 100, 0.0, 0.0]
[315, 315, 79, 315, 100, 0.0, 0.0]
[315, 315, 74, 315, 100, 0.0, 0.0]
[315, 315, 69, 315, 100, 0.0, 0.0]
[315, 315, 64, 315, 100, 0.0, 0.0]
[315, 315, 59, 315, 100, 0.0, 0.0]
[315, 315, 54, 315, 100, 0.0, 0.0]
[315, 315, 49, 315, 100, 0.0, 0.0]
[315, 315, 44, 315, 100, 0.0, 0.0]
[315, 315, 39, 315, 100, 0.0, 0.0]
[315, 315, 34, 315, 100, 0.0, 0.0]
[315, 315, 315, 315, 100, 0.5, 0.0]
[315, 315, 315, 315, 100, 0.5, 0.0]
[315, 315, 315, 315, 100, 0.5, 0.0]
[315, 315, 315, 315, 100, 0.5, 0.0]
[315, 315, 315, 315, 100, 0.5, 0.0]
[315, 315, 315, 315, 100, 0.5, 0.0]
[315, 315, 315, 315, 100, 0.5, 0.0]
[315, 315, 315, 315, 100, 0.5, 0.0]
[315, 315, 315, 315, 100, 0.5, 0.0]
[315, 315, 315, 315, 100, 0.5, 0.0]
[315, 315, 315, 315, 100, 0.5, 0.0]
[315, 315, 315, 315, 100, 0.5, 0.0]
[315, 315, 315, 315, 100, 0.5, 0.0]
[315, 315, 315, 315, 100, 0.5, 0.0]
[315, 315, 315, 315, 100, 0.5, 0.0]
[315, 315, 315, 315, 100, 0.5, 0.0]
[315, 315, 315, 315, 100, 0.5, 0.0]
[315, 315, 315, 315, 100, 0.5, 0.0]
[315, 315, 315, 315, 100, 0.5, 0.0]
[315, 315, 315, 315, 100, 0.5, 0.0]
[315, 315, 315, 315, 100, 0.5, 0.0]
[315, 315, 315, 315, 100, 0.5, 0.0]
[315, 315, 315, 315, 100, 0.5, 0.0]
[315, 315, 315, 315, 100, 0.5, 0.0]
[315, 315, 315, 315, 100, 0.5, 0.0]
[315, 315, 315, 315, 100, 0.5, 0.0]
[315, 315, 315, 315, 100, 0.5, 0.0]
[315, 315, 315, 315, 100, 0.5, 0.0]
[315, 315, 315, 315, 100, 0.5, 0.0]
[315, 315, 315, 315, 100, 0.5, 0.0]
[315, 315, 315, 315, 100, 0.5, 0.0]
[315, 315, 315, 315, 100, 0.5, 0.0]
[315, 315, 315, 315, 100, 0.5, 0.0]
[315, 315, 315, 315, 100, 0.5, 0.0]
[315, 315, 315, 315, 100, 0.5, 0.0]
[315, 315, 315, 315, 100, 0.5, 0.0]
[315, 315, 315, 315, 100, 0.5, 0.0]
[315, 315, 315, 315, 100, 0.5, 0.0]
[315, 315, 315, 315, 100, 0.5, 0.0]
[315, 315, 315, 315, 100, 0.5, 0.0]
[315, 315, 315, 315, 100, 0.5, 0.0]
[315, 315, 315, 315, 100, 0.5, 0.0]
[315, 315, 315, 315, 100, 0.5, 0.0]
[315, 315, 315, 315, 100, 0.5, 0.0]
[315, 315, 315, 315, 100, 0.5, 0.0]
[315, 315, 315, 315, 100, 0.5, 0.0]
[315, 315, 315, 315, 100, 0.5, 0.0]
[315, 315, 315, 315, 100, 0.5, 0.0]
[315, 315, 315, 315, 100, 0.5, 0.0]
[315, 315, 315, 315, 100, 0.5, 0.0]
[315, 315, 315, 315, 100, 0.5, 0.0]
[315, 315, 315, 315, 100, 0.5, 0.0]
[315, 315, 315, 315, 100, 0.5, 0.0]
[315, 315, 315, 315, 100, 0.5, 0.0]
[315, 315, 315, 315, 100, 0.5, 0.0]
[315, 315, 315, 315, 100, 0.5, 0.0]
[315, 315, 315, 315, 100, 0.5, 0.0]
[315, 315, 315, 315, 100, 0.5, 0.0]
[315, 315, 315, 315, 100, 0.5, 0.0]
[315, 315, 315, 315, 100, 0.5, 0.0]
[315, 315, 315, 315, 100, 0.5, 0.0]
[315, 315, 315, 315, 100, 0.5, 0.0]
[315, 315, 315, 315, 100, 0.5, 0.0]
[315, 315, 315, 315, 100, 0.5, 0.0]
[315, 315, 315, 315, 100, 0.5, 0.0]
[315, 315, 315, 315, 100, 0.5, 0.0]
[315, 315, 315, 315, 100, 0.5, 0.0]
[315, 315, 315, 315, 100, 0.5, 0.0]
[315, 315, 315, 315, 100, 0.5, 0.0]
[315, 315, 315, 315, 100, 0.5, 0.0]
[315, 315, 315, 315, 100, 0.5, 0.0]
[315, 315, 315, 315, 100, 0.5, 0.0]
[315, 315, 315, 315, 100, 0.5, 0.0]
[315, 315, 315, 315, 100, 0.5, 0.0]
[315, 315, 315, 315, 100, 0.5, 0.0]
[315, 315, 315, 315, 100, 0.5, 0.0]
[315, 315, 315, 315, 100, 0.5, 0.0]
[315, 315, 315, 315, 100, 0.5, 0.0]
[315, 315, 315, 315, 100, 0.5, 0.0]
[315, 315, 315, 315, 100, 0.5, 0.0]
[315, 315, 315, 315, 100, 0.5, 0.0]
[315, 315, 315, 315, 100, 0.5, 0.0]
[315, 315, 315, 315, 100, 0.5, 0.0]
[315, 315, 315, 315, 100, 0.5, 0.0]
[315, 315, 315, 315, 100, 0.5, 0.0]
[315, 315, 315, 315, 100, 0.5, 0.0]
[315, 315, 315, 315, 100, 0.5, 0.0]
[315, 315, 315, 315, 100, 0.5, 0.0]
[315, 315, 315, 315, 100, 0.5, 0.0]
[315, 315, 315, 315, 100, 0.5, 0.0]
[315, 315, 315, 315, 100, 0.5, 0.0]
[315, 315, 315, 315, 100, 0.5, 0.0]
[315, 315, 315, 315, 100, 0.5, 0.0]
[315, 315, 315, 315, 100, 0.5, 0.0]
[315, 315, 315, 315, 100, 0.5, 0.0]
[315, 315, 315, 315, 100, 0.5, 0.0]
[315, 315, 315, 315, 100, 0.5, 0.0]
[315, 315, 315, 315, 100, 0.5, 0.0]
[315, 315, 315, 315, 100, 0.5, 0.0]
[315, 315, 315, 315, 100, 0.5, 0.0]
[315, 315, 315, 315, 100, 0.5, 0.0]
[315, 315, 315, 315, 100, 0.5, 0.0]
[315, 315, 315, 315, 100, 0.5, 0.0]
[315, 315, 315, 315, 100, 0.5, 0.0]
[315, 315, 315, 315, 100, 0.5, 0.0]
[315, 315, 315, 315, 100, 0.5, 0.0]
[315, 315, 315, 315, 100, 0.5, 0.0]
[315, 315, 315, 315, 100, 0.5, 0.0]
[315, 315, 315, 315, 100, 0.5, 0.0]
[315, 315, 315, 315, 100, 0.5, 0.0]
[315, 315, 315, 315, 100, 0.5, 0.0]
[315, 315, 315, 315, 100, 0.5, 0.0]
[315, 315, 315, 315, 100, 0.5, 0.0]
[315, 315, 315, 315, 100, 0.5, 0.0]
[315, 315, 315, 315, 100, 0.5, 0.0]
[315, 315, 315, 315, 100, 0.5, 0.0]
[315, 315, 315, 315, 100, 0.5, 0.0]
[315, 315, 315, 315, 100, 0.5, 0.0]
[315, 315, 315, 315, 100, 0.5, 0.0]
[315, 315, 315, 315, 100, 0.5, 0.0]
[315, 315, 315, 315, 100, 0.5, 0.0]
[315, 315, 315, 315, 100, 0.5, 0.0]
[315, 315, 315, 315, 100, 0.5, 0.0]
[315, 315, 315, 315, 100, 0.5, 0.0]
[315, 315, 315, 315, 100, 0.5, 0.0]
[315, 315, 315, 315, 100, 0.5, 0.0]
[315, 315, 315, 315, 100, 0.5, 0.0]
[315, 315, 315, 315, 100, 0.5, 0.0]
[315, 315, 315, 315, 100, 0.5, 0.0]
[315, 315, 315, 315, 100, 0.5, 0.0]
[315, 315, 315, 315, 100, 0.5, 0.0]
[315, 315, 315, 315, 100, 0.5, 0.0]
[315, 315, 315, 315, 100, 0.5, 0.0]
[314, 315, 315, 315, 100, 0.5, 0.0]
[309, 315, 315, 315, 100, 0.5, 0.0]
[304, 315, 315, 315, 100, 0.5, 0.0]
[299, 315, 315, 315, 100, 0.5, 0.0]
[294, 315, 315, 315, 100, 0.5, 0.0]
[289, 315, 315, 315, 100, 0.5, 0.0]
[284, 315, 315, 315, 100, 0.5, 0.0]
[279, 315, 315, 315, 100, 0.5, 0.0]
[274, 315, 315, 315, 100, 0.5, 0.0]
[269, 315, 315, 315, 100, 0.5, 0.0]
[264, 315, 315, 315, 100, 0.5, 0.0]
[259, 315, 315, 315, 100, 0.5, 0.0]
[254, 315, 315, 315, 100, 0.5, 0.0]
[250, 315, 315, 315, 100, 0.5, 0.0]
[245, 315, 315, 315, 100, 0.5, 0.0]
[240, 315, 315, 315, 100, 0.5, 0.0]
[235, 315, 315, 315, 100, 0.5, 0.0]
[230, 315, 315, 315, 100, 0.5, 0.0]
[225, 315, 315, 315, 100, 0.5, 0.0]
[220, 315, 315, 315, 100, 0.5, 0.0]
[215, 315, 315, 315, 100, 0.5, 0.0]
[211, 315, 315, 315, 100, 0.5, 0.0]
[206, 315, 315, 315, 100, 0.5, 0.0]
[201, 315, 315, 315, 100, 0.5, 0.0]
[196, 315, 315, 315, 100, 0.5, 0.0]
[191, 315, 315, 315, 100, 0.5, 0.0]
[186, 315, 315, 315, 100, 0.5, 0.0]
[182, 315, 315, 315, 100, 0.5, 0.0]
[177, 315, 315, 315, 100, 0.5, 0.0]
[172, 315, 315, 315, 100, 0.5, 0.0]
[167, 315, 315, 315, 100, 0.5, 0.0]
[162, 315, 315, 315, 100, 0.5, 0.0]
[158, 315, 315, 315, 100, 0.5, 0.0]
[153, 315, 315, 315, 100, 0.5, 0.0]
[148, 315, 315, 315, 100, 0.5, 0.0]
[143, 315, 315, 315, 100, 0.5, 0.0]
[139, 315, 315, 315, 100, 0.5, 0.0]
[134, 315, 315, 315, 100, 0.5, 0.0]
[130, 315, 315, 315, 100, 0.5, 0.0]
[125, 315, 315, 315, 100, 0.5, 0.0]
[120, 315, 315, 315, 100, 0.5, 0.0]
[116, 315, 315, 315, 100, 0.5, 0.0]
[111, 315, 315, 315, 100, 0.5, 0.0]
[107, 315, 315, 315, 100, 0.5, 0.0]
[102, 315, 315, 315, 100, 0.5, 0.0]
[98, 315, 315, 315, 100, 0.5, 0.0]
[94, 315, 315, 315, 100, 0.5, 0.0]
[90, 315, 315, 315, 100, 0.5, 0.0]
[86, 315, 315, 315, 100, 0.5, 0.0]
[82, 315, 315, 315, 100, 0.5, 0.0]
[78, 315, 315, 315, 100, 0.5, 0.0]
[74, 315, 315, 315, 100, 0.5, 0.0]
[70, 315, 315, 315, 100, 0.5, 0.0]
[67, 315, 315, 315, 100, 0.5, 0.0]
[64, 315, 315, 315, 100, 0.5, 0.0]
[61, 315, 315, 315, 100, 0.5, 0.0]
[58, 315, 315, 315, 100, 0.5, 0.0]
[55, 315, 315, 315, 100, 0.5, 0.0]
[53, 315, 315, 315, 100, 0.5, 0.0]
[52, 315, 315, 315, 100, 0.5, 0.0]
[50, 315, 315, 315, 100, 0.5, 0.0]
[45, 315, 315, 315, 100, 0.5, 0.0]
[40, 315, 315, 315, 100, 0.5, 0.0]
[35, 315, 315, 315, 100, 0.5, 0.0]
[36, 315, 315, 315, 100, 0.5, 0.0]
[36, 315, 315, 315, 100, 0.5, 0.0]
[36, 315, 315, 315, 100, 0.5, 0.0]
[31, 315, 315, 315, 100, 0.5, 0.0]
