[325, 325, 325, 325, 100, 0, 0]||[]
[325, 325, 325, 325, 100, 0, 0]||[]
[325, 325, 325, 325, 100, 0, 0]||[]
[325, 325, 325, 325, 100, 0, 0]||[]
[325, 325, 325, 325, 100, 0, 0]||[]
[325, 325, 325, 325, 100, 0, 0]||[]
[325, 325, 325, 325, 100, 0, 0]||[]
[325, 325, 325, 325, 100, 0, 0]||[]
[325, 325, 325, 325, 100, 0, 0]||[]
[325, 325, 325, 325, 100, 0, 0]||[]
[325, 325, 325, 325, 100, 0, 0]||[]
[325, 325, 325, 325, 100, 0, 0]||[]
[325, 325, 325, 325, 100, 0, 0]||[]
[325, 325, 325, 325, 100, 0, 0]||[]
[325, 325, 325, 325, 100, 0, 0]||[]
[325, 325, 325, 325, 100, 0, 0]||[]
[325, 325, 325, 325, 100, 0, 0]||[]
[325, 325, 325, 325, 100, 0, 0]||[]
[325, 325, 325, 325, 100, 0, 0]||[]
[325, 325, 325, 325, 100, 0, 0]||[]
[325, 325, 325, 325, 100, 0, 0]||[]
[325, 325, 325, 325, 100, 0, 0]||[]
[325, 325, 325, 325, 100, 0, 0]||[]
[325, 325, 325, 325, 100, 0, 0]||[]
[325, 325, 325, 325, 100, 0, 0]||[]
[325, 325, 325, 325, 100, 0, 0]||[]
[325, 325, 325, 325, 100, 0, 0]||[]
[325, 325, 325, 325, 100, 0, 0]||[]
[325, 325, 325, 325, 100, 0, 0]||['d']
[325, 325, 325, 325, 100, 0, 0]||['d']
[325, 325, 325, 325, 100, 0, 0]||['d']
[325, 325, 325, 325, 100, 0, 0]||['d']
[325, 325, 325, 325, 100, 0, 0]||['d']
[325, 325, 325, 325, 100, 0, 0]||['d']
[325, 325, 325, 325, 100, 0, 0]||['d']
[325, 325, 325, 325, 100, 0, 0]||['d']
[325, 325, 325, 325, 100, 0, 0]||['d']
[325, 325, 325, 325, 100, 0, 0]||['d']
[325, 325, 325, 325, 100, 0, 0]||['d']
[325, 325, 325, 325, 100, 0, 0]||['d']
[325, 325, 325, 325, 100, 0, 0]||['d']
[325, 325, 325, 325, 100, 0, 0]||['d']
[325, 325, 325, 325, 100, 0, 0]||['d']
[325, 325, 325, 325, 100, 0, 0]||['d']
[325, 325, 325, 325, 100, 0, 0]||['d']
[325, 325, 325, 325, 100, 0, 0]||['d']
[325, 325, 325, 325, 100, 0, 0]||['d']
[325, 325, 325, 325, 100, 0, 0]||['d']
[325, 325, 325, 325, 100, 0, 0]||['d']
[325, 325, 325, 325, 100, 0, 0]||['d']
[325, 325, 325, 325, 100, 0, 0]||['d']
[325, 325, 325, 325, 100, 0, 0]||['d']
[325, 325, 325, 325, 100, 0, 0]||['d']
[325, 325, 325, 325, 100, 0, 0]||['d']
[325, 325, 325, 325, 100, 0, 0]||['d']
[325, 325, 325, 325, 100, 0, 0]||['d']
[325, 325, 325, 325, 100, 0, 0]||['d']
[325, 325, 325, 325, 100, 0, 0]||['d']
[325, 325, 325, 325, 100, 0, 0]||['d']
[325, 325, 325, 325, 100, 0, 0]||['d']
[325, 325, 325, 325, 100, 0, 0]||['d']
[325, 325, 325, 325, 100, 0, 0]||['d']
[325, 325, 325, 325, 100, 0, 0]||['d']
[325, 325, 325, 325, 100, 0, 0]||['d']
[325, 325, 325, 325, 100, 0, 0]||['d']
[325, 325, 325, 325, 100, 0, 0]||['d']
[325, 325, 325, 325, 100, 0, 0]||['d']
[325, 325, 325, 325, 100, 0, 0]||['d']
[325, 325, 325, 325, 100, 0, 0]||['d']
[325, 325, 325, 325, 100, 0, 0]||['d']
[325, 325, 325, 325, 100, 0, 0]||['d']
[325, 325, 325, 325, 100, 0, 0]||['d']
[325, 325, 325, 325, 100, 0, 0]||['d']
[325, 325, 325, 325, 100, 0, 0]||['d']
[325, 325, 325, 325, 100, 0, 0]||['d']
[325, 325, 325, 325, 100, 0, 0]||['d']
[325, 325, 325, 325, 100, 0, 0]||['d']
[325, 325, 325, 325, 100, 0, 0]||['d']
[325, 325, 325, 325, 100, 0, 0]||['d']
[325, 325, 325, 325, 100, 0, 0]||['d']
[325, 325, 325, 325, 100, 0, 0]||['d']
[325, 325, 325, 325, 100, 0, 0]||['d']
[325, 325, 325, 325, 100, 0, 0]||['d']
[325, 325, 325, 325, 100, 0, 0]||['d']
[325, 325, 325, 325, 100, 0, 0]||['d']
[325, 325, 325, 325, 100, 0, 0]||['d']
[325, 325, 325, 325, 100, 0, 0]||['d']
[325, 325, 325, 325, 100, 0, 0]||['d']
[325, 325, 325, 325, 100, 0, 0]||['d']
[325, 325, 325, 325, 100, 0, 0]||['d']
[325, 325, 325, 325, 100, 0, 0]||['d']
[325, 325, 325, 325, 100, 0, 0]||['d']
[325, 325, 325, 325, 100, 0, 0]||['d']
[325, 325, 325, 325, 100, 0, 0]||['d']
[325, 325, 325, 315, 100, 0, 0]||['d']
[325, 325, 325, 310, 100, 0, 0]||['d']
[325, 325, 325, 305, 100, 0, 0]||['d']
[325, 325, 325, 300, 100, 0, 0]||['d']
[325, 325, 325, 295, 100, 0, 0]||['d']
[325, 325, 325, 290, 100, 0, 0]||['d']
[325, 325, 325, 285, 100, 0, 0]||['d']
[325, 325, 325, 280, 100, 0, 0]||['d']
[325, 324, 325, 275, 100, 0, 0]||['d']
[325, 320, 325, 270, 100, 0, 0]||['d']
[325, 316, 325, 265, 100, 0, 0]||['d']
[325, 312, 325, 260, 100, 0, 0]||['d']
[325, 308, 325, 255, 100, 0, 0]||['d']
[325, 304, 325, 250, 100, 0, 0]||['d']
[325, 300, 325, 245, 100, 0, 0]||['d']
[325, 296, 325, 240, 100, 0, 0]||['d']
[325, 292, 325, 235, 100, 0, 0]||['d']
[325, 288, 325, 230, 100, 0, 0]||['d']
[325, 284, 325, 225, 100, 0, 0]||['d']
[325, 280, 325, 220, 100, 0, 0]||['d']
[325, 276, 325, 215, 100, 0, 0]||['d']
[325, 272, 325, 210, 100, 0, 0]||['d']
[325, 269, 325, 205, 100, 0, 0]||['d']
[325, 265, 325, 200, 100, 0, 0]||['d']
[325, 261, 325, 195, 100, 0, 0]||['d']
[325, 258, 325, 190, 100, 0, 0]||['d']
[325, 254, 325, 185, 100, 0, 0]||['d']
[325, 251, 325, 180, 100, 0, 0]||['d']
[325, 247, 325, 175, 100, 0, 0]||['d']
[325, 244, 325, 170, 100, 0, 0]||['d']
[325, 240, 325, 165, 100, 0, 0]||['d']
[325, 237, 325, 160, 100, 0, 0]||['d']
[325, 234, 325, 155, 100, 0, 0]||['d']
[325, 231, 325, 150, 100, 0, 0]||['d']
[325, 228, 325, 145, 100, 0, 0]||['d']
[325, 225, 325, 140, 100, 0, 0]||['d']
[325, 222, 325, 135, 100, 0, 0]||['d']
[325, 219, 325, 130, 100, 0, 0]||['d']
[325, 216, 325, 125, 100, 0, 0]||['d']
[325, 213, 325, 120, 100, 0, 0]||['d']
[325, 210, 325, 115, 100, 0, 0]||['d']
[325, 208, 325, 110, 100, 0, 0]||['d']
[325, 205, 325, 105, 100, 0, 0]||['d']
[325, 203, 325, 100, 100, 0, 0]||['d']
[325, 201, 325, 95, 100, 0, 0]||['d']
[325, 199, 325, 90, 100, 0, 0]||['d']
[325, 195, 325, 85, 100, 0, 0]||['d']
[325, 192, 325, 80, 100, 0, 0]||['d']
[325, 189, 325, 75, 100, 0, 0]||['d']
[325, 186, 325, 70, 100, 0, 0]||['d']
[325, 184, 325, 65, 100, 0, 0]||['d']
[325, 181, 325, 60, 100, 0, 0]||['d']
[325, 179, 325, 55, 100, 0, 0]||['d']
[325, 177, 325, 50, 100, 0, 0]||['d']
[325, 174, 325, 45, 100, 0, 0]||['d']
[325, 172, 325, 40, 100, 0, 0]||['d']
[325, 170, 325, 35, 100, 0, 0]||['d']
[325, 169, 325, 30, 100, 0, 0]||['d']
[325, 167, 325, 325, 100, 0, 0]||['d']
[325, 166, 325, 325, 100, 0, 0]||['d']
[325, 165, 325, 325, 100, 0, 0]||['d']
[325, 164, 325, 325, 100, 0, 0]||['d']
[325, 163, 325, 325, 100, 0, 0]||['d']
[325, 162, 325, 325, 100, 0, 0]||['d']
[325, 161, 325, 325, 100, 0, 0]||['d']
[325, 161, 325, 325, 100, 0, 0]||['d']
[325, 160, 325, 325, 100, 0, 0]||['d']
[325, 160, 325, 325, 100, 0, 0]||['d']
[325, 160, 325, 325, 100, 0, 0]||['d']
[325, 160, 325, 325, 100, 0, 0]||['d']
[325, 160, 325, 325, 100, 0, 0]||['d']
[325, 161, 325, 325, 100, 0, 0]||['d']
[325, 161, 325, 325, 100, 0, 0]||['d']
[325, 162, 325, 325, 100, 0, 0]||['d']
[325, 162, 325, 325, 100, 0, 0]||['d']
[325, 163, 325, 325, 100, 0, 0]||['d']
[325, 165, 325, 325, 100, 0, 0]||['d']
[325, 166, 325, 325, 100, 0, 0]||['d']
[325, 168, 325, 325, 100, 0, 0]||['d']
[325, 169, 325, 325, 100, 0, 0]||['d']
[325, 170, 325, 325, 100, 0, 0]||['d']
[325, 172, 325, 325, 100, 0, 0]||['d']
[325, 173, 325, 325, 100, 0, 0]||['d']
[325, 175, 325, 325, 100, 0, 0]||['d']
[325, 178, 325, 325, 100, 0, 0]||['d']
[325, 180, 325, 325, 100, 0, 0]||['d']
[325, 181, 325, 325, 100, 0, 0]||['d']
[325, 183, 325, 325, 100, 0, 0]||['d']
[325, 186, 325, 325, 100, 0, 0]||['d']
[325, 188, 325, 325, 100, 0, 0]||['d']
[325, 190, 325, 325, 100, 0, 0]||['d']
[325, 193, 325, 325, 100, 0, 0]||['d']
[325, 195, 325, 325, 100, 0, 0]||['d']
[325, 198, 325, 325, 100, 0, 0]||['d']
[325, 201, 325, 325, 100, 0, 0]||['d']
[325, 204, 325, 325, 100, 0, 0]||['d']
[325, 208, 325, 325, 100, 0, 0]||['d']
[325, 212, 325, 325, 100, 0, 0]||['d']
[325, 216, 325, 325, 100, 0, 0]||['d']
[325, 220, 325, 325, 100, 0, 0]||['d']
[325, 224, 325, 325, 100, 0, 0]||['d']
[325, 228, 325, 325, 100, 0, 0]||['d']
[325, 232, 325, 325, 100, 0, 0]||['d']
[325, 236, 325, 325, 100, 0, 0]||['d']
[325, 240, 325, 325, 100, 0, 0]||['d']
[325, 244, 325, 325, 100, 0, 0]||['d']
[325, 248, 325, 325, 100, 0, 0]||['d']
[325, 253, 325, 325, 100, 0, 0]||['d']
[325, 257, 325, 325, 100, 0, 0]||['d']
[325, 261, 325, 325, 100, 0, 0]||['d']
[325, 265, 325, 325, 100, 0, 0]||['d']
[325, 270, 325, 325, 100, 0, 0]||['d']
[325, 274, 325, 325, 100, 0, 0]||['d']
[325, 278, 325, 325, 100, 0, 0]||['d']
[325, 283, 325, 325, 100, 0, 0]||['d']
[325, 287, 325, 325, 100, 0, 0]||['d']
[325, 292, 325, 325, 100, 0, 0]||['d']
[325, 296, 325, 325, 100, 0, 0]||['d']
[325, 300, 325, 325, 100, 0, 0]||['d']
[325, 305, 325, 325, 100, 0, 0]||['d']
[325, 309, 325, 325, 100, 0, 0]||['d']
[325, 314, 325, 325, 100, 0, 0]||['d']
[325, 318, 325, 325, 100, 0, 0]||['d']
[325, 322, 325, 325, 100, 0, 0]||['d']
[325, 325, 325, 325, 100, 0, 0]||['d']
[325, 325, 325, 325, 100, 0, 0]||['d']
[325, 325, 325, 325, 100, 0, 0]||['d']
[325, 325, 325, 325, 100, 0, 0]||['d']
[325, 325, 325, 325, 100, 0, 0]||['d']
[325, 325, 325, 325, 100, 0, 0]||['d']
[325, 325, 325, 325, 100, 0, 0]||['d']
[325, 325, 325, 325, 100, 0, 0]||['d']
[325, 325, 325, 325, 100, 0, 0]||['d']
[325, 325, 325, 325, 100, 0, 0]||['d']
[325, 325, 325, 325, 100, 0, 0]||['d']
[325, 325, 325, 325, 100, 0, 0]||['d']
[325, 325, 325, 325, 100, 0, 0]||['d']
[325, 325, 325, 325, 100, 0, 0]||['d']
[325, 325, 325, 325, 100, 0, 0]||['d']
[325, 325, 325, 325, 100, 0, 0]||['d']
[325, 325, 325, 325, 100, 0, 0]||['d']
[325, 325, 325, 325, 100, 0, 0]||['d']
[325, 325, 325, 325, 100, 0, 0]||['d']
[325, 325, 325, 325, 100, 0, 0]||['d']
[325, 325, 325, 325, 100, 0, 0]||['d']
[325, 325, 325, 325, 100, 0, 0]||['d']
[325, 325, 325, 325, 100, 0, 0]||['d']
[325, 325, 325, 325, 100, 0, 0]||['d']
[325, 325, 325, 325, 100, 0, 0]||['d']
[325, 325, 325, 325, 100, 0, 0]||['d']
[325, 325, 325, 325, 100, 0, 0]||['d']
[325, 325, 325, 325, 100, 0, 0]||['d']
[325, 325, 325, 325, 100, 0, 0]||['d']
[325, 325, 325, 325, 100, 0, 0]||['d']
[325, 325, 325, 325, 100, 0, 0]||['d']
[325, 325, 325, 325, 100, 0, 0]||['d']
[325, 325, 325, 325, 100, 0, 0]||['d']
[325, 325, 325, 325, 100, 0, 0]||['d']
[325, 325, 325, 325, 100, 0, 0]||['d']
[325, 325, 325, 325, 100, 0, 0]||['d']
[325, 325, 325, 325, 100, 0, 0]||['d']
[325, 325, 325, 325, 100, 0, 0]||['d']
[325, 325, 325, 325, 100, 0, 0]||['d']
[325, 325, 325, 325, 100, 0, 0]||['d']
[325, 325, 325, 325, 100, 0, 0]||['d']
[325, 325, 325, 325, 100, 0, 0]||['d']
[325, 325, 325, 325, 100, 0, 0]||['d']
[325, 325, 325, 325, 100, 0, 0]||['d']
[325, 325, 325, 325, 100, 0, 0]||['d']
[325, 325, 325, 325, 100, 0, 0]||['d']
[325, 325, 325, 325, 100, 0, 0]||['d']
[325, 325, 325, 325, 100, 0, 0]||['d']
[325, 325, 325, 325, 100, 0, 0]||['d']
[325, 325, 325, 325, 100, 0, 0]||['d']
[325, 325, 325, 325, 100, 0, 0]||['d']
[325, 325, 325, 325, 100, 0, 0]||['d']
[325, 325, 325, 325, 100, 0, 0]||['d']
[325, 325, 325, 325, 100, 0, 0]||['d']
[325, 325, 325, 325, 100, 0, 0]||['d']
[325, 325, 325, 325, 100, 0, 0]||['d']
[325, 325, 325, 325, 100, 0, 0]||['d']
[325, 325, 325, 325, 100, 0, 0]||['d']
[325, 325, 325, 325, 100, 0, 0]||['d']
[325, 325, 325, 325, 100, 0, 0]||['d']
[325, 325, 325, 325, 100, 0, 0]||['d']
[325, 325, 325, 325, 100, 0, 0]||['d']
[325, 325, 325, 325, 100, 0, 0]||['d']
[325, 325, 325, 325, 100, 0, 0]||['d']
[325, 325, 325, 325, 100, 0, 0]||['d']
[325, 325, 325, 325, 100, 0, 0]||['d']
[325, 325, 325, 325, 100, 0, 0]||['d']
[325, 325, 325, 325, 100, 0, 0]||['d']
[325, 325, 325, 325, 100, 0, 0]||['d']
[325, 325, 325, 325, 100, 0, 0]||['d']
[325, 325, 325, 325, 100, 0, 0]||['d']
[325, 325, 325, 325, 100, 0, 0]||['d']
[325, 325, 325, 325, 100, 0, 0]||['d']
[325, 325, 325, 325, 100, 0, 0]||['d']
[325, 325, 325, 325, 100, 0, 0]||['d']
[325, 325, 325, 325, 100, 0, 0]||['d']
[325, 325, 325, 325, 100, 0, 0]||['d']
[325, 325, 325, 325, 100, 0, 0]||['d']
[325, 325, 325, 325, 100, 0, 0]||['d']
[325, 325, 325, 325, 100, 0, 0]||['d']
[325, 325, 325, 325, 100, 0, 0]||['d']
[325, 325, 325, 325, 100, 0, 0]||['d']
[325, 325, 325, 325, 100, 0, 0]||['d']
[325, 325, 325, 325, 100, 0, 0]||['d']
[325, 325, 325, 325, 100, 0, 0]||['d']
[325, 325, 325, 325, 100, 0, 0]||['d']
[325, 325, 325, 325, 100, 0, 0]||['d']
[325, 325, 325, 325, 100, 0, 0]||['d']
[325, 325, 325, 325, 100, 0, 0]||['d']
[325, 325, 325, 325, 100, 0, 0]||['d']
[325, 325, 325, 325, 100, 0, 0]||['d']
[325, 325, 325, 325, 100, 0, 0]||['d']
[325, 325, 325, 325, 100, 0, 0]||['d']
[325, 325, 325, 325, 100, 0, 0]||['d']
[325, 325, 325, 325, 100, 0, 0]||['d']
[325, 325, 325, 325, 100, 0, 0]||['d']
[325, 325, 325, 325, 100, 0, 0]||['d']
[325, 325, 325, 325, 100, 0, 0]||['d']
[325, 325, 325, 325, 100, 0, 0]||['d']
[325, 325, 325, 325, 100, 0, 0]||['d']
[325, 325, 325, 325, 100, 0, 0]||['d']
[325, 325, 325, 325, 100, 0, 0]||['d']
[325, 325, 325, 325, 100, 0, 0]||['d']
[325, 325, 325, 325, 100, 0, 0]||['d']
[325, 325, 325, 325, 100, 0, 0]||['d']
[325, 325, 325, 325, 100, 0, 0]||['d']
[325, 325, 325, 325, 100, 0, 0]||['d']
[325, 325, 325, 325, 100, 0, 0]||['d']
[325, 325, 325, 325, 100, 0, 0]||['d']
[325, 325, 325, 325, 100, 0, 0]||['d']
[325, 325, 325, 325, 100, 0, 0]||['d']
[325, 325, 325, 325, 100, 0, 0]||['d']
[325, 325, 325, 325, 100, 0, 0]||['d']
[325, 325, 325, 325, 100, 0, 0]||['d']
[325, 325, 325, 325, 100, 0, 0]||['d']
[325, 325, 325, 325, 100, 0, 0]||['d']
[325, 325, 325, 325, 100, 0, 0]||['d']
[325, 325, 325, 325, 100, 0, 0]||['d']
[325, 325, 325, 325, 100, 0, 0]||['d']
[325, 325, 325, 325, 100, 0, 0]||['d']
[325, 325, 325, 325, 100, 0, 0]||['d']
[325, 325, 325, 325, 100, 0, 0]||['d']
[325, 325, 325, 325, 100, 0, 0]||['d']
[325, 325, 325, 325, 100, 0, 0]||['d']
[325, 325, 314, 325, 100, 0, 0]||['d']
[325, 325, 309, 325, 100, 0, 0]||['d']
[325, 325, 304, 325, 100, 0, 0]||['d']
[325, 325, 299, 325, 100, 0, 0]||['d']
[325, 325, 294, 325, 100, 0, 0]||['d']
[325, 325, 289, 325, 100, 0, 0]||['d']
[325, 325, 284, 325, 100, 0, 0]||['d']
[325, 325, 279, 325, 100, 0, 0]||['d']
[325, 325, 274, 325, 100, 0, 0]||['d']
[325, 325, 269, 325, 100, 0, 0]||['d']
[325, 325, 264, 325, 100, 0, 0]||['d']
[325, 325, 259, 325, 100, 0, 0]||['d']
[325, 325, 254, 325, 100, 0, 0]||['d']
[325, 325, 249, 325, 100, 0, 0]||['d']
[325, 325, 244, 325, 100, 0, 0]||['d']
[325, 325, 239, 325, 100, 0, 0]||['d']
[325, 325, 234, 325, 100, 0, 0]||['d']
[325, 325, 229, 325, 100, 0, 0]||['d']
[325, 325, 224, 325, 100, 0, 0]||['d']
[325, 325, 219, 325, 100, 0, 0]||['d']
[325, 325, 214, 325, 100, 0, 0]||['d']
[325, 325, 209, 325, 100, 0, 0]||['d']
[325, 325, 204, 325, 100, 0, 0]||['d']
[325, 325, 199, 325, 100, 0, 0]||['d']
[325, 325, 194, 325, 100, 0, 0]||['d']
[325, 325, 189, 325, 100, 0, 0]||['d']
[325, 325, 184, 325, 100, 0, 0]||['d']
[325, 325, 179, 325, 100, 0, 0]||['d']
[325, 325, 174, 325, 100, 0, 0]||['d']
[325, 325, 169, 325, 100, 0, 0]||['d']
[325, 325, 164, 325, 100, 0, 0]||['d']
[325, 325, 159, 325, 100, 0, 0]||['d']
[325, 325, 154, 325, 100, 0, 0]||['d']
[325, 325, 149, 325, 100, 0, 0]||['d']
[325, 325, 144, 325, 100, 0, 0]||['d']
[325, 325, 139, 325, 100, 0, 0]||['d']
[325, 325, 134, 325, 100, 0, 0]||['d']
[325, 325, 129, 325, 100, 0, 0]||['d']
[325, 325, 124, 325, 100, 0, 0]||['d']
[325, 325, 119, 325, 100, 0, 0]||['d']
[325, 325, 114, 325, 100, 0, 0]||['d']
[325, 325, 109, 325, 100, 0, 0]||['d']
[325, 325, 104, 325, 100, 0, 0]||['d']
[325, 325, 99, 325, 100, 0, 0]||['d']
[325, 325, 94, 325, 100, 0, 0]||['d']
[325, 325, 89, 325, 100, 0, 0]||['d']
[325, 325, 84, 325, 100, 0, 0]||['d']
[325, 325, 79, 325, 100, 0, 0]||['d']
[325, 325, 74, 325, 100, 0, 0]||['d']
[325, 325, 69, 325, 100, 0, 0]||['d']
[325, 325, 64, 325, 100, 0, 0]||['d']
[325, 325, 59, 325, 100, 0, 0]||['d']
[325, 325, 54, 325, 100, 0, 0]||['d']
[325, 325, 49, 325, 100, 0, 0]||['d']
[325, 325, 44, 325, 100, 0, 0]||['d']
[325, 325, 39, 325, 100, 0, 0]||['d']
[325, 325, 34, 325, 100, 0, 0]||['d']
[325, 325, 325, 325, 100, 5, 0]||['d']
[325, 325, 325, 325, 100, 5, 0]||['d']
[325, 325, 325, 325, 100, 5, 0]||['d']
[325, 325, 325, 325, 100, 5, 0]||['d']
[325, 325, 325, 325, 100, 5, 0]||['d']
[325, 325, 325, 325, 100, 5, 0]||['d']
[325, 325, 325, 325, 100, 5, 0]||['d']
[325, 325, 325, 325, 100, 5, 0]||['d']
[325, 325, 325, 325, 100, 5, 0]||['d']
[325, 325, 325, 325, 100, 5, 0]||['d']
[325, 325, 325, 325, 100, 5, 0]||['d']
[325, 325, 325, 325, 100, 5, 0]||['d']
[325, 325, 325, 325, 100, 5, 0]||['d']
[325, 325, 325, 325, 100, 5, 0]||['d']
[325, 325, 325, 325, 100, 5, 0]||['s']
[325, 325, 325, 325, 100, 5, 0]||['s']
[325, 325, 325, 325, 100, 5, 0]||['s']
[325, 325, 325, 325, 100, 5, 0]||['s']
[325, 325, 325, 325, 100, 5, 0]||['s']
[325, 325, 325, 325, 100, 5, 0]||['s']
[325, 325, 325, 325, 100, 5, 0]||['s']
[325, 325, 325, 325, 100, 5, 0]||['s']
[325, 325, 325, 325, 100, 5, 0]||['s']
[325, 325, 325, 325, 100, 5, 0]||['s']
[325, 325, 325, 325, 100, 5, 0]||['s']
[325, 325, 325, 325, 100, 5, 0]||['s']
[325, 325, 325, 325, 100, 5, 0]||['s']
[325, 325, 325, 325, 100, 5, 0]||['d']
[325, 325, 325, 325, 100, 5, 0]||['d']
[325, 325, 325, 325, 100, 5, 0]||['d']
[325, 325, 325, 325, 100, 5, 0]||['d']
[325, 325, 325, 325, 100, 5, 0]||['d']
[325, 325, 325, 325, 100, 5, 0]||['d']
[325, 325, 325, 325, 100, 5, 0]||['d']
[325, 325, 325, 325, 100, 5, 0]||['d', 's']
[325, 325, 325, 325, 100, 5, 0]||['d', 's']
[325, 325, 325, 325, 100, 5, 0]||['d', 's']
[325, 325, 325, 325, 100, 5, 0]||['d']
[325, 325, 325, 325, 100, 5, 0]||['d', 's']
[325, 325, 325, 325, 100, 5, 0]||['s']
[325, 325, 325, 325, 100, 5, 0]||['s']
[325, 325, 325, 325, 100, 5, 0]||['s']
[325, 325, 325, 325, 100, 5, 0]||['s']
[325, 325, 325, 325, 100, 5, 0]||['s']
[325, 325, 325, 325, 100, 5, 0]||['s']
[325, 325, 325, 325, 100, 5, 0]||['s']
[325, 325, 325, 325, 100, 5, 0]||['s']
[325, 325, 325, 325, 100, 5, 0]||['s']
[325, 325, 325, 325, 100, 5, 0]||['s', 'w']
[325, 325, 325, 325, 100, 5, 0]||['s', 'w']
[325, 325, 325, 325, 100, 5, 0]||['s', 'w']
[325, 325, 325, 325, 100, 5, 0]||['s']
[325, 325, 325, 325, 100, 5, 0]||[]
[325, 325, 325, 325, 100, 5, 0]||[]
[325, 325, 325, 325, 100, 5, 0]||['a']
[325, 325, 325, 325, 100, 5, 0]||['a']
[325, 325, 325, 325, 100, 5, 0]||['a']
[325, 325, 325, 325, 100, 5, 0]||['a']
[325, 325, 325, 325, 100, 5, 0]||['a']
[325, 325, 325, 325, 100, 5, 0]||['a']
[325, 325, 325, 325, 100, 5, 0]||['s']
[325, 325, 325, 325, 100, 5, 0]||['s']
[325, 325, 325, 325, 100, 5, 0]||['s']
[325, 325, 325, 325, 100, 5, 0]||['s']
[325, 325, 325, 325, 100, 5, 0]||['s']
[325, 325, 325, 325, 100, 5, 0]||['s']
[325, 325, 325, 325, 100, 5, 0]||['s']
[325, 325, 325, 325, 100, 5, 0]||['s']
[325, 325, 325, 325, 100, 5, 0]||['s']
[325, 325, 325, 325, 100, 5, 0]||['s']
[325, 325, 325, 325, 100, 5, 0]||['s']
[325, 325, 325, 325, 100, 5, 0]||['s']
[325, 325, 325, 325, 100, 5, 0]||['s']
[325, 325, 325, 325, 100, 5, 0]||['s']
[325, 325, 325, 325, 100, 5, 0]||['s']
[325, 325, 325, 325, 100, 5, 0]||['s']
[325, 325, 325, 325, 100, 5, 0]||['s']
[325, 325, 325, 325, 100, 5, 0]||['s']
[325, 325, 325, 325, 100, 5, 0]||['s']
[325, 325, 325, 325, 100, 5, 0]||['s']
[325, 325, 325, 325, 100, 5, 0]||['s']
[325, 325, 325, 325, 100, 5, 0]||['s']
[325, 325, 325, 325, 100, 5, 0]||['s']
[325, 325, 325, 325, 100, 5, 0]||['s']
[325, 325, 325, 325, 100, 5, 0]||['s']
[325, 325, 325, 325, 100, 5, 0]||['s']
[325, 325, 325, 325, 100, 5, 0]||['s']
[325, 325, 325, 325, 100, 5, 0]||['s']
[325, 325, 325, 325, 100, 5, 0]||['s']
[325, 325, 325, 325, 100, 5, 0]||['s']
[325, 325, 325, 325, 100, 5, 0]||['s']
[325, 325, 325, 325, 100, 5, 0]||['s']
[325, 325, 325, 325, 100, 5, 0]||['s']
[325, 325, 325, 325, 100, 5, 0]||['s']
[325, 325, 325, 325, 100, 5, 0]||['s']
[325, 325, 325, 325, 100, 5, 0]||['s']
[325, 325, 325, 325, 100, 5, 0]||['s']
[325, 325, 325, 325, 100, 5, 0]||['s']
[325, 325, 325, 325, 100, 5, 0]||['s']
[325, 325, 325, 325, 100, 5, 0]||['s']
[325, 325, 325, 325, 100, 5, 0]||['s']
[325, 325, 325, 325, 100, 5, 0]||['s']
[325, 325, 325, 325, 100, 5, 0]||['s']
[325, 325, 325, 325, 100, 5, 0]||['s']
[325, 325, 325, 325, 100, 5, 0]||['s']
[325, 325, 325, 325, 100, 5, 0]||['s']
[325, 325, 325, 325, 100, 5, 0]||['s']
[325, 325, 325, 325, 100, 5, 0]||['s']
[325, 325, 325, 325, 100, 5, 0]||['s']
[325, 325, 325, 325, 100, 5, 0]||['s']
[325, 325, 325, 325, 100, 5, 0]||['s']
[325, 325, 325, 325, 100, 5, 0]||['s']
[325, 325, 325, 325, 100, 5, 0]||['s']
[325, 325, 325, 325, 100, 5, 0]||['s']
[325, 325, 325, 325, 100, 5, 0]||['s']
[325, 325, 325, 325, 100, 5, 0]||['s']
[325, 325, 325, 325, 100, 5, 0]||['s']
[325, 325, 325, 325, 100, 5, 0]||['s']
[325, 325, 325, 325, 100, 5, 0]||['s']
[325, 325, 325, 325, 100, 5, 0]||['s']
[325, 325, 325, 325, 100, 5, 0]||['s']
[325, 325, 325, 325, 100, 5, 0]||['s']
[325, 325, 325, 325, 100, 5, 0]||['s']
[325, 325, 325, 325, 100, 5, 0]||['s']
[325, 325, 325, 325, 100, 5, 0]||['s']
[325, 325, 325, 325, 100, 5, 0]||['s']
[325, 325, 325, 325, 100, 5, 0]||['s']
[325, 325, 325, 325, 100, 5, 0]||['s']
[325, 325, 325, 325, 100, 5, 0]||['s']
[325, 325, 325, 325, 100, 5, 0]||['s']
[325, 325, 325, 325, 100, 5, 0]||['s']
[325, 325, 325, 325, 100, 5, 0]||['s']
[325, 325, 325, 325, 100, 5, 0]||['s']
[325, 325, 325, 325, 100, 5, 0]||['s']
[325, 325, 325, 325, 100, 5, 0]||['s']
[325, 325, 325, 325, 100, 5, 0]||['s']
[325, 325, 325, 325, 100, 5, 0]||['s']
[325, 325, 325, 325, 100, 5, 0]||['s']
[325, 325, 325, 325, 100, 5, 0]||['s']
[325, 325, 325, 325, 100, 5, 0]||['s']
[325, 325, 325, 325, 100, 5, 0]||['s']
[325, 325, 325, 325, 100, 5, 0]||['s']
[325, 325, 325, 325, 100, 5, 0]||['s']
[325, 325, 325, 325, 100, 5, 0]||['s']
[325, 325, 325, 325, 100, 5, 0]||['s']
[325, 325, 325, 325, 100, 5, 0]||['s']
[321, 325, 325, 325, 100, 5, 0]||['s']
[316, 325, 325, 325, 100, 5, 0]||['s']
[311, 325, 325, 325, 100, 5, 0]||['s']
[307, 325, 325, 325, 100, 5, 0]||['s']
[302, 325, 325, 325, 100, 5, 0]||['s']
[297, 325, 325, 325, 100, 5, 0]||['s']
[292, 325, 325, 325, 100, 5, 0]||['s']
[287, 325, 325, 325, 100, 5, 0]||['s']
[283, 325, 325, 325, 100, 5, 0]||['s']
[278, 325, 325, 325, 100, 5, 0]||['s']
[273, 325, 325, 325, 100, 5, 0]||['s']
[268, 325, 325, 325, 100, 5, 0]||['s']
[264, 325, 325, 325, 100, 5, 0]||['s']
[259, 325, 325, 325, 100, 5, 0]||['s']
[254, 325, 325, 325, 100, 5, 0]||['s']
[249, 325, 325, 325, 100, 5, 0]||['s']
[245, 325, 325, 325, 100, 5, 0]||['s']
[240, 325, 325, 325, 100, 5, 0]||['s']
[235, 325, 325, 325, 100, 5, 0]||['s']
[231, 325, 325, 325, 100, 5, 0]||['s']
[226, 325, 325, 325, 100, 5, 0]||['s']
[221, 325, 325, 325, 100, 5, 0]||['s']
[217, 325, 325, 325, 100, 5, 0]||['s']
[212, 325, 325, 325, 100, 5, 0]||['s']
[208, 325, 325, 325, 100, 5, 0]||['s']
[203, 325, 325, 325, 100, 5, 0]||['s']
[199, 325, 325, 325, 100, 5, 0]||['s']
[194, 325, 325, 325, 100, 5, 0]||['s']
[190, 325, 325, 325, 100, 5, 0]||['s']
[185, 325, 325, 325, 100, 5, 0]||['s']
[181, 325, 325, 325, 100, 5, 0]||['s']
[176, 325, 325, 325, 100, 5, 0]||['s']
[172, 325, 325, 325, 100, 5, 0]||['s']
[168, 325, 325, 325, 100, 5, 0]||['s']
[163, 325, 325, 325, 100, 5, 0]||['s']
[159, 325, 325, 325, 100, 5, 0]||['s']
[155, 325, 325, 325, 100, 5, 0]||['s']
[151, 325, 325, 325, 100, 5, 0]||['s']
[147, 325, 325, 325, 100, 5, 0]||['s']
[143, 325, 325, 325, 100, 5, 0]||['s']
[139, 325, 325, 325, 100, 5, 0]||['s']
[135, 325, 325, 325, 100, 5, 0]||['s']
[131, 325, 325, 325, 100, 5, 0]||['s']
[127, 325, 325, 325, 100, 5, 0]||['s']
[123, 325, 325, 325, 100, 5, 0]||['s']
[120, 325, 325, 325, 100, 5, 0]||['s']
[116, 325, 325, 325, 100, 5, 0]||['s']
[113, 325, 325, 325, 100, 5, 0]||['s']
[110, 325, 325, 325, 100, 5, 0]||['s']
[107, 325, 325, 325, 100, 5, 0]||['s']
[104, 325, 325, 325, 100, 5, 0]||['s']
[101, 325, 325, 325, 100, 5, 0]||['s']
[98, 325, 325, 325, 100, 5, 0]||['s']
[96, 325, 325, 325, 100, 5, 0]||['s']
[93, 325, 325, 325, 100, 5, 0]||['s']
[91, 325, 325, 325, 100, 5, 0]||['s']
[90, 325, 325, 325, 100, 5, 0]||['s']
[88, 325, 325, 325, 100, 5, 0]||['s', 'd']
[82, 325, 325, 325, 100, 5, 0]||['s', 'd']
[76, 325, 325, 325, 100, 5, 0]||['s', 'd']
[70, 325, 325, 325, 100, 5, 0]||['s', 'd']
[65, 325, 325, 325, 100, 5, 0]||['s', 'd']
[60, 325, 325, 325, 100, 5, 0]||['s', 'd']
[55, 325, 325, 325, 100, 5, 0]||['s', 'd']
[50, 325, 325, 325, 100, 5, 0]||['d']
[46, 325, 325, 325, 100, 5, 0]||['d']
[41, 325, 325, 325, 100, 5, 0]||['d']
[36, 325, 325, 325, 100, 5, 0]||['d']
[31, 325, 325, 325, 100, 5, 0]||['d']
