[325, 325, 325, 325, 100, 0, 0]||[]
[325, 325, 325, 325, 100, 0, 0]||[]
[325, 325, 325, 325, 100, 0, 0]||[]
[325, 325, 325, 325, 100, 0, 0]||[]
[325, 325, 325, 325, 100, 0, 0]||[]
[325, 325, 325, 325, 100, 0, 0]||[]
[325, 325, 325, 325, 100, 0, 0]||[]
[325, 325, 325, 325, 100, 0, 0]||[]
[325, 325, 325, 325, 100, 0, 0]||[]
[325, 325, 325, 325, 100, 0, 0]||[]
[325, 325, 325, 325, 100, 0, 0]||[]
[325, 325, 325, 325, 100, 0, 0]||[]
[325, 325, 325, 325, 100, 0, 0]||[]
[325, 325, 325, 325, 100, 0, 0]||[]
[325, 325, 325, 325, 100, 0, 0]||[]
[325, 325, 325, 325, 100, 0, 0]||[]
[325, 325, 325, 325, 100, 0, 0]||[]
[325, 325, 325, 325, 100, 0, 0]||[]
[325, 325, 325, 325, 100, 0, 0]||[]
[325, 325, 325, 325, 100, 0, 0]||[]
[325, 325, 325, 325, 100, 0, 0]||[]
[325, 325, 325, 325, 100, 0, 0]||[]
[325, 325, 325, 325, 100, 0, 0]||[]
[325, 325, 325, 325, 100, 0, 0]||[]
[325, 325, 325, 325, 100, 0, 0]||[]
[325, 325, 325, 325, 100, 0, 0]||[]
[325, 325, 325, 325, 100, 0, 0]||[]
[325, 325, 325, 325, 100, 0, 0]||[]
[325, 325, 325, 325, 100, 0, 0]||[]
[325, 325, 325, 325, 100, 0, 0]||[]
[325, 325, 325, 325, 100, 0, 0]||[]
[325, 325, 325, 325, 100, 0, 0]||[]
[325, 325, 325, 325, 100, 0, 0]||['d']
[325, 325, 325, 325, 100, 0, 0]||['d']
[325, 325, 325, 325, 100, 0, 0]||['d']
[325, 325, 325, 325, 100, 0, 0]||['d']
[325, 325, 325, 325, 100, 0, 0]||['d']
[325, 325, 325, 325, 100, 0, 0]||['d']
[325, 325, 325, 325, 100, 0, 0]||['d']
[325, 325, 325, 325, 100, 0, 0]||['d']
[325, 325, 325, 325, 100, 0, 0]||['d', 'sw']
[325, 325, 325, 325, 100, 0, 0]||['d']
[325, 325, 325, 325, 100, 0, 0]||['d']
[325, 325, 325, 325, 100, 0, 0]||['d']
[325, 325, 325, 325, 100, 0, 0]||['d']
[325, 325, 325, 325, 100, 0, 0]||['d']
[325, 325, 325, 325, 100, 0, 0]||['d']
[325, 325, 325, 325, 100, 0, 0]||['d']
[325, 325, 325, 325, 100, 0, 0]||['d']
[325, 325, 325, 325, 100, 0, 0]||['d']
[325, 325, 325, 325, 100, 0, 0]||['d']
[325, 325, 325, 325, 100, 0, 0]||['d']
[325, 325, 325, 325, 100, 0, 0]||['d']
[325, 325, 325, 325, 100, 0, 0]||['d']
[325, 325, 325, 325, 100, 0, 0]||['d']
[325, 325, 325, 325, 100, 0, 0]||['d']
[325, 325, 325, 325, 100, 0, 0]||['d']
[325, 325, 325, 325, 100, 0, 0]||['d']
[325, 325, 325, 325, 100, 0, 0]||['d']
[325, 325, 325, 325, 100, 0, 0]||['d']
[325, 325, 325, 325, 100, 0, 0]||['d']
[325, 325, 325, 325, 100, 0, 0]||['d']
[325, 325, 325, 325, 100, 0, 0]||['d']
[325, 325, 325, 325, 100, 0, 0]||['d']
[325, 325, 325, 325, 100, 0, 0]||['d']
[325, 325, 325, 325, 100, 0, 0]||['d']
[325, 325, 325, 325, 100, 0, 0]||['d']
[325, 325, 325, 325, 100, 0, 0]||['d']
[325, 325, 325, 325, 100, 0, 0]||['d']
[325, 325, 325, 325, 100, 0, 0]||['d']
[325, 325, 325, 325, 100, 0, 0]||['d']
[325, 325, 325, 325, 100, 0, 0]||['d']
[325, 325, 325, 325, 100, 0, 0]||['d']
[325, 325, 325, 325, 100, 0, 0]||['d']
[325, 325, 325, 325, 100, 0, 0]||['d']
[325, 325, 325, 325, 100, 0, 0]||['d']
[325, 325, 325, 325, 100, 0, 0]||['d']
[325, 325, 325, 325, 100, 0, 0]||['d']
[325, 325, 325, 325, 100, 0, 0]||['d']
[325, 325, 325, 325, 100, 0, 0]||['d']
[325, 325, 325, 325, 100, 0, 0]||['d']
[325, 325, 325, 325, 100, 0, 0]||['d']
[325, 325, 325, 325, 100, 0, 0]||['d']
[325, 325, 325, 325, 100, 0, 0]||['d']
[325, 325, 325, 325, 100, 0, 0]||['d']
[325, 325, 325, 325, 100, 0, 0]||['d']
[325, 325, 325, 325, 100, 0, 0]||['d']
[325, 325, 325, 325, 100, 0, 0]||['d']
[325, 325, 325, 325, 100, 0, 0]||['d']
[325, 325, 325, 325, 100, 0, 0]||['d']
[325, 325, 325, 325, 100, 0, 0]||['d']
[325, 325, 325, 325, 100, 0, 0]||['d']
[325, 325, 325, 325, 100, 0, 0]||['d']
[325, 325, 325, 325, 100, 0, 0]||['d']
[325, 325, 325, 325, 100, 0, 0]||['d']
[325, 325, 325, 325, 100, 0, 0]||['d']
[325, 325, 325, 325, 100, 0, 0]||['d']
[325, 325, 325, 325, 100, 0, 0]||['d']
[325, 325, 325, 315, 100, 0, 0]||['d']
[325, 325, 325, 310, 100, 0, 0]||['d']
[325, 325, 325, 305, 100, 0, 0]||['d']
[325, 325, 325, 300, 100, 0, 0]||['d']
[325, 325, 325, 295, 100, 0, 0]||['d']
[325, 325, 325, 290, 100, 0, 0]||['d']
[325, 325, 325, 285, 100, 0, 0]||['d']
[325, 325, 325, 280, 100, 0, 0]||['d']
[325, 324, 325, 275, 100, 0, 0]||['d']
[325, 320, 325, 270, 100, 0, 0]||['d']
[325, 316, 325, 265, 100, 0, 0]||['d']
[325, 312, 325, 260, 100, 0, 0]||['d']
[325, 308, 325, 255, 100, 0, 0]||['d']
[325, 304, 325, 250, 100, 0, 0]||['d']
[325, 300, 325, 245, 100, 0, 0]||['d']
[325, 296, 325, 240, 100, 0, 0]||['d']
[325, 292, 325, 235, 100, 0, 0]||['d']
[325, 288, 325, 230, 100, 0, 0]||['d']
[325, 284, 325, 225, 100, 0, 0]||['d']
[325, 280, 325, 220, 100, 0, 0]||['d']
[325, 276, 325, 215, 100, 0, 0]||['d']
[325, 272, 325, 210, 100, 0, 0]||['d']
[325, 269, 325, 205, 100, 0, 0]||['d']
[325, 265, 325, 200, 100, 0, 0]||['d']
[325, 261, 325, 195, 100, 0, 0]||['d']
[325, 258, 325, 190, 100, 0, 0]||['d']
[325, 254, 325, 185, 100, 0, 0]||['d']
[325, 251, 325, 180, 100, 0, 0]||['d']
[325, 247, 325, 175, 100, 0, 0]||['d']
[325, 244, 325, 170, 100, 0, 0]||['d']
[325, 240, 325, 165, 100, 0, 0]||['d']
[325, 237, 325, 160, 100, 0, 0]||['d']
[325, 234, 325, 155, 100, 0, 0]||['d']
[325, 231, 325, 150, 100, 0, 0]||['d']
[325, 228, 325, 145, 100, 0, 0]||['d']
[325, 225, 325, 140, 100, 0, 0]||['d']
[325, 222, 325, 135, 100, 0, 0]||['d']
[325, 219, 325, 130, 100, 0, 0]||['d']
[325, 216, 325, 125, 100, 0, 0]||['d']
[325, 213, 325, 120, 100, 0, 0]||['d']
[325, 210, 325, 115, 100, 0, 0]||['d']
[325, 208, 325, 110, 100, 0, 0]||['d']
[325, 205, 325, 105, 100, 0, 0]||['d']
[325, 203, 325, 100, 100, 0, 0]||['d']
[325, 201, 325, 95, 100, 0, 0]||['d']
[325, 199, 325, 90, 100, 0, 0]||['d']
[325, 195, 325, 85, 100, 0, 0]||['d']
[325, 192, 325, 80, 100, 0, 0]||['d']
[325, 189, 325, 75, 100, 0, 0]||['sw']
[325, 188, 325, 75, 100, 0, 0]||[]
[325, 187, 325, 75, 100, 0, 0]||['sw']
[325, 186, 325, 75, 100, 0, 0]||[]
[325, 185, 325, 75, 100, 0, 0]||[]
[325, 184, 325, 75, 100, 0, 0]||[]
[325, 183, 325, 75, 100, 0, 0]||['sw']
[325, 182, 325, 75, 100, 0, 0]||[]
[325, 181, 325, 75, 100, 0, 0]||['d']
[325, 178, 325, 70, 100, 0, 0]||['d']
[325, 175, 325, 65, 100, 0, 0]||['d']
[325, 173, 325, 60, 100, 0, 0]||['d']
[325, 170, 325, 55, 100, 0, 0]||['d']
[325, 169, 325, 50, 100, 0, 0]||['d']
[325, 167, 325, 45, 100, 0, 0]||['d']
[325, 165, 325, 40, 100, 0, 0]||['d']
[325, 163, 325, 35, 100, 0, 0]||['d']
[325, 162, 325, 30, 100, 0, 0]||['d']
[325, 160, 325, 325, 100, 0, 0]||['d']
[325, 159, 325, 325, 100, 0, 0]||['d']
[325, 158, 325, 325, 100, 0, 0]||['d']
[325, 157, 325, 325, 100, 0, 0]||['d']
[325, 156, 325, 325, 100, 0, 0]||['d']
[325, 155, 325, 325, 100, 0, 0]||['d']
[325, 154, 325, 325, 100, 0, 0]||['d']
[325, 154, 325, 325, 100, 0, 0]||['d']
[325, 154, 325, 325, 100, 0, 0]||['d']
[325, 154, 325, 325, 100, 0, 0]||['d']
[325, 154, 325, 325, 100, 0, 0]||['d']
[325, 154, 325, 325, 100, 0, 0]||['d']
[325, 154, 325, 325, 100, 0, 0]||['d']
[325, 155, 325, 325, 100, 0, 0]||['d']
[325, 156, 325, 325, 100, 0, 0]||['d']
[325, 156, 325, 325, 100, 0, 0]||['d']
[325, 157, 325, 325, 100, 0, 0]||['d']
[325, 158, 325, 325, 100, 0, 0]||['d']
[325, 159, 325, 325, 100, 0, 0]||['d']
[325, 160, 325, 325, 100, 0, 0]||['d']
[325, 162, 325, 325, 100, 0, 0]||['d']
[325, 163, 325, 325, 100, 0, 0]||['d']
[325, 166, 325, 325, 100, 0, 0]||['d']
[325, 167, 325, 325, 100, 0, 0]||['d']
[325, 169, 325, 325, 100, 0, 0]||['d']
[325, 171, 325, 325, 100, 0, 0]||['d']
[325, 172, 325, 325, 100, 0, 0]||['d']
[325, 176, 325, 325, 100, 0, 0]||['d']
[325, 177, 325, 325, 100, 0, 0]||['d']
[325, 179, 325, 325, 100, 0, 0]||['d']
[325, 182, 325, 325, 100, 0, 0]||['d']
[325, 185, 325, 325, 100, 0, 0]||['d']
[325, 187, 325, 325, 100, 0, 0]||['d']
[325, 190, 325, 325, 100, 0, 0]||['d']
[325, 192, 325, 325, 100, 0, 0]||['d']
[325, 195, 325, 325, 100, 0, 0]||['d']
[325, 197, 325, 325, 100, 0, 0]||['d']
[325, 200, 325, 325, 100, 0, 0]||['d']
[325, 204, 325, 325, 100, 0, 0]||['d']
[325, 208, 325, 325, 100, 0, 0]||['d']
[325, 212, 325, 325, 100, 0, 0]||['d']
[325, 216, 325, 325, 100, 0, 0]||['d']
[325, 220, 325, 325, 100, 0, 0]||['d']
[325, 224, 325, 325, 100, 0, 0]||['d']
[325, 228, 325, 325, 100, 0, 0]||['d']
[325, 232, 325, 325, 100, 0, 0]||['d']
[325, 236, 325, 325, 100, 0, 0]||['d']
[325, 241, 325, 325, 100, 0, 0]||['d']
[325, 245, 325, 325, 100, 0, 0]||['d']
[325, 249, 325, 325, 100, 0, 0]||['d']
[325, 254, 325, 325, 100, 0, 0]||['d']
[325, 258, 325, 325, 100, 0, 0]||['d']
[325, 262, 325, 325, 100, 0, 0]||['d']
[325, 267, 325, 325, 100, 0, 0]||['d']
[325, 271, 325, 325, 100, 0, 0]||['d']
[325, 275, 325, 325, 100, 0, 0]||['d']
[325, 280, 325, 325, 100, 0, 0]||['d']
[325, 284, 325, 325, 100, 0, 0]||['d']
[325, 289, 325, 325, 100, 0, 0]||['d']
[325, 293, 325, 325, 100, 0, 0]||['d']
[325, 298, 325, 325, 100, 0, 0]||['d']
[325, 302, 325, 325, 100, 0, 0]||['d']
[325, 307, 325, 325, 100, 0, 0]||['d']
[325, 312, 325, 325, 100, 0, 0]||['d']
[325, 315, 325, 325, 100, 0, 0]||['d']
[325, 320, 325, 325, 100, 0, 0]||['d']
[325, 324, 325, 325, 100, 0, 0]||['d']
[325, 325, 325, 325, 100, 0, 0]||['d']
[325, 325, 325, 325, 100, 0, 0]||['d']
[325, 325, 325, 325, 100, 0, 0]||['d']
[325, 325, 325, 325, 100, 0, 0]||['d']
[325, 325, 325, 325, 100, 0, 0]||['d']
[325, 325, 325, 325, 100, 0, 0]||['d']
[325, 325, 325, 325, 100, 0, 0]||['d']
[325, 325, 325, 325, 100, 0, 0]||['d']
[325, 325, 325, 325, 100, 0, 0]||['d']
[325, 325, 325, 325, 100, 0, 0]||['d']
[325, 325, 325, 325, 100, 0, 0]||['d']
[325, 325, 325, 325, 100, 0, 0]||['d']
[325, 325, 325, 325, 100, 0, 0]||['d']
[325, 325, 325, 325, 100, 0, 0]||['d']
[325, 325, 325, 325, 100, 0, 0]||['d']
[325, 325, 325, 325, 100, 0, 0]||['d']
[325, 325, 325, 325, 100, 0, 0]||['d']
[325, 325, 325, 325, 100, 0, 0]||['d']
[325, 325, 325, 325, 100, 0, 0]||['d']
[325, 325, 325, 325, 100, 0, 0]||['d']
[325, 325, 325, 325, 100, 0, 0]||['d']
[325, 325, 325, 325, 100, 0, 0]||['d']
[325, 325, 325, 325, 100, 0, 0]||['d']
[325, 325, 325, 325, 100, 0, 0]||['d']
[325, 325, 325, 325, 100, 0, 0]||['d']
[325, 325, 325, 325, 100, 0, 0]||['d']
[325, 325, 325, 325, 100, 0, 0]||['d']
[325, 325, 325, 325, 100, 0, 0]||['d']
[325, 325, 325, 325, 100, 0, 0]||['d']
[325, 325, 325, 325, 100, 0, 0]||[]
[325, 325, 325, 325, 100, 0, 0]||[]
[325, 325, 325, 325, 100, 0, 0]||[]
[325, 325, 325, 325, 100, 0, 0]||[]
[325, 325, 325, 325, 100, 0, 0]||[]
[325, 325, 325, 325, 100, 0, 0]||[]
[325, 325, 325, 325, 100, 0, 0]||[]
[325, 325, 325, 325, 100, 0, 0]||[]
[325, 325, 325, 325, 100, 0, 0]||[]
[325, 325, 325, 325, 100, 0, 0]||['d']
[325, 325, 325, 325, 100, 0, 0]||['d']
[325, 325, 325, 325, 100, 0, 0]||['d']
[325, 325, 325, 325, 100, 0, 0]||['d']
[325, 325, 325, 325, 100, 0, 0]||['d']
[325, 325, 325, 325, 100, 0, 0]||['d']
[325, 325, 325, 325, 100, 0, 0]||['d']
[325, 325, 325, 325, 100, 0, 0]||['d']
[325, 325, 325, 325, 100, 0, 0]||['d']
[325, 325, 325, 325, 100, 0, 0]||['d']
[325, 325, 325, 325, 100, 0, 0]||['d']
[325, 325, 325, 325, 100, 0, 0]||['d']
[325, 325, 325, 325, 100, 0, 0]||['d']
[325, 325, 325, 325, 100, 0, 0]||['d']
[325, 325, 325, 325, 100, 0, 0]||['d']
[325, 325, 325, 325, 100, 0, 0]||['d']
[325, 325, 325, 325, 100, 0, 0]||['d']
[325, 325, 325, 325, 100, 0, 0]||['d']
[325, 325, 325, 325, 100, 0, 0]||['d']
[325, 325, 325, 325, 100, 0, 0]||['d']
[325, 325, 325, 325, 100, 0, 0]||['d']
[325, 325, 325, 325, 100, 0, 0]||['d']
[325, 325, 325, 325, 100, 0, 0]||['d']
[325, 325, 325, 325, 100, 0, 0]||['d']
[325, 325, 325, 325, 100, 0, 0]||['d']
[325, 325, 325, 325, 100, 0, 0]||['d']
[325, 325, 325, 325, 100, 0, 0]||['d']
[325, 325, 325, 325, 100, 0, 0]||['d']
[325, 325, 325, 325, 100, 0, 0]||['d']
[325, 325, 325, 325, 100, 0, 0]||['d']
[325, 325, 325, 325, 100, 0, 0]||['d']
[325, 325, 325, 325, 100, 0, 0]||['d']
[325, 325, 325, 325, 100, 0, 0]||['d']
[325, 325, 325, 325, 100, 0, 0]||['d']
[325, 325, 325, 325, 100, 0, 0]||['d']
[325, 325, 325, 325, 100, 0, 0]||['d']
[325, 325, 325, 325, 100, 0, 0]||['d']
[325, 325, 325, 325, 100, 0, 0]||['d']
[325, 325, 325, 325, 100, 0, 0]||['d']
[325, 325, 325, 325, 100, 0, 0]||['d']
[325, 325, 325, 325, 100, 0, 0]||['d']
[325, 325, 325, 325, 100, 0, 0]||['d']
[325, 325, 325, 325, 100, 0, 0]||['d']
[325, 325, 325, 325, 100, 0, 0]||['d']
[325, 325, 325, 325, 100, 0, 0]||['d']
[325, 325, 325, 325, 100, 0, 0]||['d']
[325, 325, 325, 325, 100, 0, 0]||['d']
[325, 325, 325, 325, 100, 0, 0]||['d']
[325, 325, 325, 325, 100, 0, 0]||['d']
[325, 325, 325, 325, 100, 0, 0]||['d']
[325, 325, 325, 325, 100, 0, 0]||['d']
[325, 325, 325, 325, 100, 0, 0]||['d']
[325, 325, 325, 325, 100, 0, 0]||['d']
[325, 325, 325, 325, 100, 0, 0]||['d']
[325, 325, 325, 325, 100, 0, 0]||['d']
[325, 325, 325, 325, 100, 0, 0]||['d']
[325, 325, 325, 325, 100, 0, 0]||['d']
[325, 325, 325, 325, 100, 0, 0]||['d']
[325, 325, 325, 325, 100, 0, 0]||['d']
[325, 325, 325, 325, 100, 0, 0]||['d']
[325, 325, 325, 325, 100, 0, 0]||['d']
[325, 325, 325, 325, 100, 0, 0]||['d']
[325, 325, 325, 325, 100, 0, 0]||['d']
[325, 325, 325, 325, 100, 0, 0]||['d']
[325, 325, 325, 325, 100, 0, 0]||['d']
[325, 325, 325, 325, 100, 0, 0]||['d']
[325, 325, 325, 325, 100, 0, 0]||['d']
[325, 325, 325, 325, 100, 0, 0]||['d']
[325, 325, 325, 325, 100, 0, 0]||['d']
[325, 325, 325, 325, 100, 0, 0]||['d']
[325, 325, 325, 325, 100, 0, 0]||['d']
[325, 325, 325, 325, 100, 0, 0]||['d']
[325, 325, 325, 325, 100, 0, 0]||['d']
[325, 325, 325, 325, 100, 0, 0]||['d']
[325, 325, 325, 325, 100, 0, 0]||['d']
[325, 325, 325, 325, 100, 0, 0]||['d']
[325, 325, 325, 325, 100, 0, 0]||['d']
[325, 325, 325, 325, 100, 0, 0]||['d']
[325, 325, 325, 325, 100, 0, 0]||['d']
[325, 325, 325, 325, 100, 0, 0]||['d']
[325, 325, 325, 325, 100, 0, 0]||['d']
[325, 325, 325, 325, 100, 0, 0]||['d']
[325, 325, 325, 325, 100, 0, 0]||['d']
[325, 325, 325, 325, 100, 0, 0]||['d']
[325, 325, 325, 325, 100, 0, 0]||['d']
[325, 325, 325, 325, 100, 0, 0]||['d']
[325, 325, 325, 325, 100, 0, 0]||['d']
[325, 325, 325, 325, 100, 0, 0]||['d']
[325, 325, 325, 325, 100, 0, 0]||['d']
[325, 325, 325, 325, 100, 0, 0]||['d']
[325, 325, 325, 325, 100, 0, 0]||['d']
[325, 325, 325, 325, 100, 0, 0]||['d']
[325, 325, 325, 325, 100, 0, 0]||['d']
[325, 325, 325, 325, 100, 0, 0]||['d']
[325, 325, 314, 325, 100, 0, 0]||['d']
[325, 325, 309, 325, 100, 0, 0]||['d']
[325, 325, 304, 325, 100, 0, 0]||['d']
[325, 325, 299, 325, 100, 0, 0]||['d']
[325, 325, 294, 325, 100, 0, 0]||['d']
[325, 325, 289, 325, 100, 0, 0]||['d']
[325, 325, 284, 325, 100, 0, 0]||['d']
[325, 325, 279, 325, 100, 0, 0]||['d']
[325, 325, 274, 325, 100, 0, 0]||['d']
[325, 325, 269, 325, 100, 0, 0]||['d']
[325, 325, 264, 325, 100, 0, 0]||['d']
[325, 325, 259, 325, 100, 0, 0]||['d']
[325, 325, 254, 325, 100, 0, 0]||['d']
[325, 325, 249, 325, 100, 0, 0]||['d']
[325, 325, 244, 325, 100, 0, 0]||['d']
[325, 325, 239, 325, 100, 0, 0]||['d']
[325, 325, 234, 325, 100, 0, 0]||['d']
[325, 325, 229, 325, 100, 0, 0]||['d']
[325, 325, 224, 325, 100, 0, 0]||['d']
[325, 325, 219, 325, 100, 0, 0]||['d']
[325, 325, 214, 325, 100, 0, 0]||['d']
[325, 325, 209, 325, 100, 0, 0]||['d']
[325, 325, 204, 325, 100, 0, 0]||['d']
[325, 325, 199, 325, 100, 0, 0]||['d']
[325, 325, 194, 325, 100, 0, 0]||['d']
[325, 325, 189, 325, 100, 0, 0]||['d']
[325, 325, 184, 325, 100, 0, 0]||['d']
[325, 325, 179, 325, 100, 0, 0]||['d']
[325, 325, 174, 325, 100, 0, 0]||['d']
[325, 325, 169, 325, 100, 0, 0]||['d']
[325, 325, 164, 325, 100, 0, 0]||['d']
[325, 325, 159, 325, 100, 0, 0]||['d']
[325, 325, 154, 325, 100, 0, 0]||['d']
[325, 325, 149, 325, 100, 0, 0]||['d']
[325, 325, 144, 325, 100, 0, 0]||['d']
[325, 325, 139, 325, 100, 0, 0]||['d']
[325, 325, 134, 325, 100, 0, 0]||['d']
[325, 325, 129, 325, 100, 0, 0]||['d']
[325, 325, 124, 325, 100, 0, 0]||['d']
[325, 325, 119, 325, 100, 0, 0]||['d']
[325, 325, 114, 325, 100, 0, 0]||['d']
[325, 325, 109, 325, 100, 0, 0]||['d']
[325, 325, 104, 325, 100, 0, 0]||['d']
[325, 325, 99, 325, 100, 0, 0]||[]
[325, 325, 99, 325, 100, 0, 0]||[]
[325, 325, 99, 325, 100, 0, 0]||[]
[325, 325, 99, 325, 100, 0, 0]||[]
[325, 325, 99, 325, 100, 0, 0]||[]
[325, 325, 99, 325, 100, 0, 0]||[]
[325, 325, 99, 325, 100, 0, 0]||[]
[325, 325, 99, 325, 100, 0, 0]||[]
[325, 325, 99, 325, 100, 0, 0]||[]
[325, 325, 99, 325, 100, 0, 0]||[]
[325, 325, 99, 325, 100, 0, 0]||[]
[325, 325, 99, 325, 100, 0, 0]||['w']
[325, 325, 99, 325, 100, 0, 0]||['w']
[325, 325, 99, 325, 100, 0, 0]||['w']
[325, 325, 100, 325, 100, 0, 0]||['w']
[325, 325, 101, 325, 100, 0, 0]||[]
[325, 325, 101, 325, 100, 0, 0]||[]
[325, 325, 101, 325, 100, 0, 0]||[]
[325, 325, 101, 325, 100, 0, 0]||[]
[325, 325, 101, 325, 100, 0, 0]||[]
[325, 325, 101, 325, 100, 0, 0]||[]
[325, 325, 101, 325, 100, 0, 0]||[]
[325, 325, 101, 325, 100, 0, 0]||[]
[325, 325, 101, 325, 100, 0, 0]||[]
[325, 325, 101, 325, 100, 0, 0]||['d', 'sw']
[325, 325, 96, 325, 100, 0, 0]||['d']
[325, 325, 91, 325, 100, 0, 0]||['d']
[325, 325, 86, 325, 100, 0, 0]||['d']
[325, 325, 81, 325, 100, 0, 0]||['d']
[325, 325, 76, 325, 100, 0, 0]||['d']
[325, 325, 71, 325, 100, 0, 0]||[]
[325, 325, 71, 325, 100, 0, 0]||[]
[325, 325, 71, 325, 100, 0, 0]||[]
[325, 325, 71, 325, 100, 0, 0]||[]
[325, 325, 71, 325, 100, 0, 0]||[]
[325, 325, 71, 325, 100, 0, 0]||[]
[325, 325, 71, 325, 100, 0, 0]||[]
[325, 325, 71, 325, 100, 0, 0]||[]
[325, 325, 71, 325, 100, 0, 0]||[]
[325, 325, 71, 325, 100, 0, 0]||[]
[325, 325, 71, 325, 100, 0, 0]||[]
[325, 325, 71, 325, 100, 0, 0]||[]
[325, 325, 71, 325, 100, 0, 0]||['d']
[325, 325, 67, 325, 100, 0, 0]||['d']
[325, 325, 62, 325, 100, 0, 0]||['d']
[325, 325, 57, 325, 100, 0, 0]||['d']
[325, 325, 52, 325, 100, 0, 0]||['d']
[325, 325, 48, 325, 100, 0, 0]||[]
[325, 325, 48, 325, 100, 0, 0]||[]
[325, 325, 48, 325, 100, 0, 0]||['s']
[325, 325, 46, 325, 100, 0, 0]||['s']
[325, 325, 45, 325, 100, 0, 0]||[]
[325, 325, 45, 325, 100, 0, 0]||[]
[325, 325, 45, 325, 100, 0, 0]||['s']
[325, 325, 44, 325, 100, 0, 0]||['s']
[325, 325, 44, 325, 100, 0, 0]||[]
[325, 325, 44, 325, 100, 0, 0]||[]
[325, 325, 44, 325, 100, 0, 0]||[]
[325, 325, 44, 325, 100, 0, 0]||[]
[325, 325, 44, 325, 100, 0, 0]||[]
[325, 325, 44, 325, 100, 0, 0]||[]
[325, 325, 44, 325, 100, 0, 0]||['d']
[325, 325, 39, 325, 100, 0, 0]||['d']
[325, 325, 34, 325, 100, 0, 0]||[]
[325, 325, 34, 325, 100, 0, 0]||[]
[325, 325, 34, 325, 100, 0, 0]||['d']
[325, 325, 325, 325, 100, 5, 0]||['d']
[325, 325, 325, 325, 100, 5, 0]||[]
[325, 325, 325, 325, 100, 5, 0]||[]
[325, 325, 325, 325, 100, 5, 0]||['d']
[325, 325, 325, 325, 100, 5, 0]||['d']
[325, 325, 325, 325, 100, 5, 0]||['d']
[325, 325, 325, 325, 100, 5, 0]||[]
[325, 325, 325, 325, 100, 5, 0]||[]
[325, 325, 325, 325, 100, 5, 0]||['d']
[325, 325, 325, 325, 100, 5, 0]||['d']
[325, 325, 325, 325, 100, 5, 0]||['d']
[325, 325, 325, 325, 100, 5, 0]||[]
[325, 325, 325, 325, 100, 5, 0]||['d']
[325, 325, 325, 325, 100, 5, 0]||['d']
[325, 325, 325, 325, 100, 5, 0]||['d']
[325, 325, 325, 325, 100, 5, 0]||['d']
[325, 325, 325, 325, 100, 5, 0]||['d']
[325, 325, 325, 325, 100, 5, 0]||['d']
[325, 325, 325, 325, 100, 5, 0]||['d']
[325, 325, 325, 325, 100, 5, 0]||['d']
[325, 325, 325, 325, 100, 5, 0]||['d']
[325, 325, 325, 325, 100, 5, 0]||['d']
[325, 325, 325, 325, 100, 5, 0]||['d']
[325, 325, 325, 325, 100, 5, 0]||['d']
[325, 325, 325, 325, 100, 5, 0]||['d']
[325, 325, 325, 325, 100, 5, 0]||['d']
[325, 325, 325, 325, 100, 5, 0]||['d']
[325, 325, 325, 325, 100, 5, 0]||[]
[325, 325, 325, 325, 100, 5, 0]||[]
[325, 325, 325, 325, 100, 5, 0]||[]
[325, 325, 325, 325, 100, 5, 0]||[]
[325, 325, 325, 325, 100, 5, 0]||['s']
[325, 325, 325, 325, 100, 5, 0]||['s']
[325, 325, 325, 325, 100, 5, 0]||['s']
[325, 325, 325, 325, 100, 5, 0]||['s']
[325, 325, 325, 325, 100, 5, 0]||['s']
[325, 325, 325, 325, 100, 5, 0]||['s']
[325, 325, 325, 325, 100, 5, 0]||['s']
[325, 325, 325, 325, 100, 5, 0]||['s']
[325, 325, 325, 325, 100, 5, 0]||['s']
[325, 325, 325, 325, 100, 5, 0]||['s']
[325, 325, 325, 325, 100, 5, 0]||['s']
[325, 325, 325, 325, 100, 5, 0]||['s']
[325, 325, 325, 325, 100, 5, 0]||['s']
[325, 325, 325, 325, 100, 5, 0]||['s']
[325, 325, 325, 325, 100, 5, 0]||['s']
[325, 325, 325, 325, 100, 5, 0]||['s']
[325, 325, 325, 325, 100, 5, 0]||['s']
[325, 325, 325, 325, 100, 5, 0]||['s']
[325, 325, 325, 325, 100, 5, 0]||['s']
[325, 325, 325, 325, 100, 5, 0]||['s']
[325, 325, 325, 325, 100, 5, 0]||['s']
[325, 325, 325, 325, 100, 5, 0]||['s']
[325, 325, 325, 325, 100, 5, 0]||['s']
[325, 325, 325, 325, 100, 5, 0]||['s']
[325, 325, 325, 325, 100, 5, 0]||['s']
[325, 325, 325, 325, 100, 5, 0]||['s']
[325, 325, 325, 325, 100, 5, 0]||['s']
[325, 325, 325, 325, 100, 5, 0]||['s']
[325, 325, 325, 325, 100, 5, 0]||['s']
[325, 325, 325, 325, 100, 5, 0]||['s']
[325, 325, 325, 325, 100, 5, 0]||['s']
[325, 325, 325, 325, 100, 5, 0]||['s']
[325, 325, 325, 325, 100, 5, 0]||['s']
[325, 325, 325, 325, 100, 5, 0]||['s']
[325, 325, 325, 325, 100, 5, 0]||['s']
[325, 325, 325, 325, 100, 5, 0]||['s']
[325, 325, 325, 325, 100, 5, 0]||['s']
[325, 325, 325, 325, 100, 5, 0]||['s']
[325, 325, 325, 325, 100, 5, 0]||['s']
[325, 325, 325, 325, 100, 5, 0]||['s']
[325, 325, 325, 325, 100, 5, 0]||['s']
[325, 325, 325, 325, 100, 5, 0]||['s']
[325, 325, 325, 325, 100, 5, 0]||['s']
[325, 325, 325, 325, 100, 5, 0]||['s']
[325, 325, 325, 325, 100, 5, 0]||['s']
[325, 325, 325, 325, 100, 5, 0]||['s']
[325, 325, 325, 325, 100, 5, 0]||['s']
[325, 325, 325, 325, 100, 5, 0]||['s']
[325, 325, 325, 325, 100, 5, 0]||['s']
[325, 325, 325, 325, 100, 5, 0]||['s']
[325, 325, 325, 325, 100, 5, 0]||['s']
[325, 325, 325, 325, 100, 5, 0]||['s']
[325, 325, 325, 325, 100, 5, 0]||['s']
[325, 325, 325, 325, 100, 5, 0]||['s']
[325, 325, 325, 325, 100, 5, 0]||['s']
[325, 325, 325, 325, 100, 5, 0]||['s']
[325, 325, 325, 325, 100, 5, 0]||['s']
[325, 325, 325, 325, 100, 5, 0]||['s']
[325, 325, 325, 325, 100, 5, 0]||['s']
[325, 325, 325, 325, 100, 5, 0]||['s']
[325, 325, 325, 325, 100, 5, 0]||['s']
[325, 325, 325, 325, 100, 5, 0]||['s']
[325, 325, 325, 325, 100, 5, 0]||['s']
[325, 325, 325, 325, 100, 5, 0]||['s']
[325, 325, 325, 325, 100, 5, 0]||['s']
[325, 325, 325, 325, 100, 5, 0]||['s']
[325, 325, 325, 325, 100, 5, 0]||['s']
[325, 325, 325, 325, 100, 5, 0]||['s']
[325, 325, 325, 325, 100, 5, 0]||['s']
[325, 325, 325, 325, 100, 5, 0]||['s']
[325, 325, 325, 325, 100, 5, 0]||['s']
[325, 325, 325, 325, 100, 5, 0]||['s']
[325, 325, 325, 325, 100, 5, 0]||['s']
[325, 325, 325, 325, 100, 5, 0]||['s']
[325, 325, 325, 325, 100, 5, 0]||['s']
[325, 325, 325, 325, 100, 5, 0]||['s']
[325, 325, 325, 325, 100, 5, 0]||['s']
[325, 325, 325, 325, 100, 5, 0]||['s']
[325, 325, 325, 325, 100, 5, 0]||['s']
[325, 325, 325, 325, 100, 5, 0]||['s']
[325, 325, 325, 325, 100, 5, 0]||['s']
[325, 325, 325, 325, 100, 5, 0]||['s']
[325, 325, 325, 325, 100, 5, 0]||['s']
[325, 325, 325, 325, 100, 5, 0]||['s']
[325, 325, 325, 325, 100, 5, 0]||['s']
[325, 325, 325, 325, 100, 5, 0]||['s']
[325, 325, 325, 325, 100, 5, 0]||['s']
[325, 325, 325, 325, 100, 5, 0]||['s']
[325, 325, 325, 325, 100, 5, 0]||['s']
[325, 325, 325, 325, 100, 5, 0]||['s']
[325, 325, 325, 325, 100, 5, 0]||['s']
[325, 325, 325, 325, 100, 5, 0]||['s']
[325, 325, 325, 325, 100, 5, 0]||['s']
[325, 325, 325, 325, 100, 5, 0]||['s']
[325, 325, 325, 325, 100, 5, 0]||['s']
[325, 325, 325, 325, 100, 5, 0]||['s']
[325, 325, 325, 325, 100, 5, 0]||['s']
[325, 325, 325, 325, 100, 5, 0]||['s']
[325, 325, 325, 325, 100, 5, 0]||['s']
[325, 325, 325, 325, 100, 5, 0]||['s']
[325, 325, 325, 325, 100, 5, 0]||['s']
[325, 325, 325, 325, 100, 5, 0]||['s']
[325, 325, 325, 325, 100, 5, 0]||['s']
[325, 325, 325, 325, 100, 5, 0]||['s']
[325, 325, 325, 325, 100, 5, 0]||['s']
[325, 325, 325, 325, 100, 5, 0]||['s']
[325, 325, 325, 325, 100, 5, 0]||['s']
[325, 325, 325, 325, 100, 5, 0]||['s']
[325, 325, 325, 325, 100, 5, 0]||['s']
[323, 325, 325, 325, 100, 5, 0]||['s']
[318, 325, 325, 325, 100, 5, 0]||['s']
[314, 325, 325, 325, 100, 5, 0]||['s']
[309, 325, 325, 325, 100, 5, 0]||['s']
[304, 325, 325, 325, 100, 5, 0]||['s']
[299, 325, 325, 325, 100, 5, 0]||['s']
[294, 325, 325, 325, 100, 5, 0]||['s']
[289, 325, 325, 325, 100, 5, 0]||['s']
[285, 325, 325, 325, 100, 5, 0]||['s']
[280, 325, 325, 325, 100, 5, 0]||['s']
[275, 325, 325, 325, 100, 5, 0]||['s']
[270, 325, 325, 325, 100, 5, 0]||['s']
[265, 325, 325, 325, 100, 5, 0]||['s']
[261, 325, 325, 325, 100, 5, 0]||['s']
[256, 325, 325, 325, 100, 5, 0]||['s']
[251, 325, 325, 325, 100, 5, 0]||['s']
[246, 325, 325, 325, 100, 5, 0]||['s']
[241, 325, 325, 325, 100, 5, 0]||['s']
[237, 325, 325, 325, 100, 5, 0]||['s']
[232, 325, 325, 325, 100, 5, 0]||['s']
[227, 325, 325, 325, 100, 5, 0]||['s']
[222, 325, 325, 325, 100, 5, 0]||['s']
[218, 325, 325, 325, 100, 5, 0]||['s']
[213, 325, 325, 325, 100, 5, 0]||['s']
[208, 325, 325, 325, 100, 5, 0]||['s']
[204, 325, 325, 325, 100, 5, 0]||['s']
[199, 325, 325, 325, 100, 5, 0]||['s']
[195, 325, 325, 325, 100, 5, 0]||['s']
[190, 325, 325, 325, 100, 5, 0]||['s']
[185, 325, 325, 325, 100, 5, 0]||['s']
[181, 325, 325, 325, 100, 5, 0]||['s']
[176, 325, 325, 325, 100, 5, 0]||['s']
[172, 325, 325, 325, 100, 5, 0]||['s']
[167, 325, 325, 325, 100, 5, 0]||['s']
[163, 325, 325, 325, 100, 5, 0]||['s']
[158, 325, 325, 325, 100, 5, 0]||['s']
[154, 325, 325, 325, 100, 5, 0]||['s']
[150, 325, 325, 325, 100, 5, 0]||['s']
[145, 325, 325, 325, 100, 5, 0]||['s']
[141, 325, 325, 325, 100, 5, 0]||['s']
[137, 325, 325, 325, 100, 5, 0]||['s']
[133, 325, 325, 325, 100, 5, 0]||['s']
[129, 325, 325, 325, 100, 5, 0]||['s']
[125, 325, 325, 325, 100, 5, 0]||['s']
[121, 325, 325, 325, 100, 5, 0]||['s']
[117, 325, 325, 325, 100, 5, 0]||['s']
[113, 325, 325, 325, 100, 5, 0]||['s']
[109, 325, 325, 325, 100, 5, 0]||['s']
[106, 325, 325, 325, 100, 5, 0]||['s']
[102, 325, 325, 325, 100, 5, 0]||['s']
[99, 325, 325, 325, 100, 5, 0]||['s']
[96, 325, 325, 325, 100, 5, 0]||['s']
[93, 325, 325, 325, 100, 5, 0]||['s']
[90, 325, 325, 325, 100, 5, 0]||['s']
[87, 325, 325, 325, 100, 5, 0]||[]
[87, 325, 325, 325, 100, 5, 0]||[]
[87, 325, 325, 325, 100, 5, 0]||[]
[87, 325, 325, 325, 100, 5, 0]||[]
[87, 325, 325, 325, 100, 5, 0]||['s']
[85, 325, 325, 325, 100, 5, 0]||['s']
[82, 325, 325, 325, 100, 5, 0]||['s']
[80, 325, 325, 325, 100, 5, 0]||[]
[80, 325, 325, 325, 100, 5, 0]||[]
[80, 325, 325, 325, 100, 5, 0]||[]
[80, 325, 325, 325, 100, 5, 0]||[]
[80, 325, 325, 325, 100, 5, 0]||['s']
[79, 325, 325, 325, 100, 5, 0]||['s']
[77, 325, 325, 325, 100, 5, 0]||['s']
[76, 325, 325, 325, 100, 5, 0]||[]
[76, 325, 325, 325, 100, 5, 0]||[]
[76, 325, 325, 325, 100, 5, 0]||[]
[76, 325, 325, 325, 100, 5, 0]||['s']
[75, 325, 325, 325, 100, 5, 0]||['s']
[75, 325, 325, 325, 100, 5, 0]||[]
[75, 325, 325, 325, 100, 5, 0]||[]
[75, 325, 325, 325, 100, 5, 0]||[]
[75, 325, 325, 325, 100, 5, 0]||[]
[75, 325, 325, 325, 100, 5, 0]||[]
[75, 325, 325, 325, 100, 5, 0]||[]
[75, 325, 325, 325, 100, 5, 0]||['d']
[70, 325, 325, 325, 100, 5, 0]||['d']
[65, 325, 325, 325, 100, 5, 0]||['d']
[60, 325, 325, 325, 100, 5, 0]||['d']
[55, 325, 325, 325, 100, 5, 0]||[]
[55, 325, 325, 325, 100, 5, 0]||[]
[55, 325, 325, 325, 100, 5, 0]||[]
[55, 325, 325, 325, 100, 5, 0]||['d']
[50, 325, 325, 325, 100, 5, 0]||['d']
[45, 325, 325, 325, 100, 5, 0]||['d']
[40, 325, 325, 325, 100, 5, 0]||['d']
[35, 325, 325, 325, 100, 5, 0]||['d']
[30, 325, 325, 325, 100, 5, 0]||['d']
