[330, 330, 330, 330, 100, 0, 0]||[]
[330, 330, 330, 330, 100, 0, 0]||[]
[330, 330, 330, 330, 100, 0, 0]||[]
[330, 330, 330, 330, 100, 0, 0]||[]
[330, 330, 330, 330, 100, 0, 0]||[]
[330, 330, 330, 330, 100, 0, 0]||[]
[330, 330, 330, 330, 100, 0, 0]||[]
[330, 330, 330, 330, 100, 0, 0]||[]
[330, 330, 330, 330, 100, 0, 0]||['sw']
[330, 330, 330, 330, 100, 0, 0]||[]
[330, 330, 330, 330, 100, 0, 0]||[]
[330, 330, 330, 330, 100, 0, 0]||[]
[330, 330, 330, 330, 100, 0, 0]||[]
[330, 330, 330, 330, 100, 0, 0]||[]
[330, 330, 330, 330, 100, 0, 0]||[]
[330, 330, 330, 330, 100, 0, 0]||[]
[330, 330, 330, 330, 100, 0, 0]||[]
[330, 330, 330, 330, 100, 0, 0]||[]
[330, 330, 330, 330, 100, 0, 0]||[]
[330, 330, 330, 330, 100, 0, 0]||[]
[330, 330, 330, 330, 100, 0, 0]||['s']
[330, 330, 330, 330, 100, 0, 0]||['s']
[330, 330, 330, 330, 100, 0, 0]||['s']
[330, 330, 330, 330, 100, 0, 0]||['s']
[330, 330, 330, 330, 100, 0, 0]||['s']
[330, 330, 330, 330, 100, 0, 0]||[]
[330, 330, 330, 330, 100, 0, 0]||[]
[330, 330, 330, 330, 100, 0, 0]||[]
[330, 330, 330, 330, 100, 0, 0]||[]
[330, 330, 330, 330, 100, 0, 0]||[]
[330, 330, 330, 330, 100, 0, 0]||[]
[330, 330, 330, 330, 100, 0, 0]||[]
[330, 330, 330, 330, 100, 0, 0]||[]
[330, 330, 330, 330, 100, 0, 0]||[]
[330, 330, 330, 330, 100, 0, 0]||[]
[330, 330, 330, 330, 100, 0, 0]||[]
[330, 330, 330, 330, 100, 0, 0]||[]
[330, 330, 330, 330, 100, 0, 0]||[]
[330, 330, 330, 330, 100, 0, 0]||['w']
[330, 330, 330, 330, 100, 0, 0]||['w']
[330, 330, 330, 330, 100, 0, 0]||['w']
[330, 330, 330, 330, 100, 0, 0]||['w']
[330, 330, 330, 330, 100, 0, 0]||['w']
[330, 330, 330, 330, 100, 0, 0]||[]
[330, 330, 330, 330, 100, 0, 0]||[]
[330, 330, 330, 330, 100, 0, 0]||[]
[330, 330, 330, 330, 100, 0, 0]||[]
[330, 330, 330, 330, 100, 0, 0]||[]
[330, 330, 330, 330, 100, 0, 0]||[]
[330, 330, 330, 330, 100, 0, 0]||[]
[330, 330, 330, 330, 100, 0, 0]||[]
[330, 330, 330, 330, 100, 0, 0]||[]
[330, 330, 330, 330, 100, 0, 0]||[]
[330, 330, 330, 330, 100, 0, 0]||[]
[330, 330, 330, 330, 100, 0, 0]||[]
[330, 330, 330, 330, 100, 0, 0]||[]
[330, 330, 330, 330, 100, 0, 0]||[]
[330, 330, 330, 330, 100, 0, 0]||[]
[330, 330, 330, 330, 100, 0, 0]||[]
[330, 330, 330, 330, 100, 0, 0]||[]
[330, 330, 330, 330, 100, 0, 0]||[]
[330, 330, 330, 330, 100, 0, 0]||[]
[330, 330, 330, 330, 100, 0, 0]||[]
[330, 330, 330, 330, 100, 0, 0]||[]
[330, 330, 330, 330, 100, 0, 0]||[]
[330, 330, 330, 330, 100, 0, 0]||['sw']
[330, 330, 330, 330, 100, 0, 0]||[]
[330, 330, 330, 330, 100, 0, 0]||[]
[330, 330, 330, 330, 100, 0, 0]||[]
[330, 330, 330, 330, 100, 0, 0]||[]
[330, 330, 330, 330, 100, 0, 0]||[]
[330, 330, 330, 330, 100, 0, 0]||[]
[330, 330, 330, 330, 100, 0, 0]||[]
[330, 330, 330, 330, 100, 0, 0]||[]
[330, 330, 330, 330, 100, 0, 0]||[]
[330, 330, 330, 330, 100, 0, 0]||[]
[330, 330, 330, 330, 100, 0, 0]||[]
[330, 330, 330, 330, 100, 0, 0]||[]
[330, 330, 330, 330, 100, 0, 0]||[]
[330, 330, 330, 330, 100, 0, 0]||[]
[330, 330, 330, 330, 100, 0, 0]||[]
[330, 330, 330, 330, 100, 0, 0]||[]
[330, 330, 330, 330, 100, 0, 0]||[]
[330, 330, 330, 330, 100, 0, 0]||[]
[330, 330, 330, 330, 100, 0, 0]||[]
[330, 330, 330, 330, 100, 0, 0]||[]
[330, 330, 330, 330, 100, 0, 0]||[]
[330, 330, 330, 330, 100, 0, 0]||[]
[330, 330, 330, 330, 100, 0, 0]||[]
[330, 330, 330, 330, 100, 0, 0]||[]
[330, 330, 330, 330, 100, 0, 0]||[]
[330, 330, 330, 330, 100, 0, 0]||[]
[330, 330, 330, 330, 100, 0, 0]||[]
[330, 330, 330, 330, 100, 0, 0]||[]
[330, 330, 330, 330, 100, 0, 0]||[]
[330, 330, 330, 330, 100, 0, 0]||[]
[330, 330, 330, 330, 100, 0, 0]||[]
[330, 330, 330, 330, 100, 0, 0]||[]
[330, 330, 330, 330, 100, 0, 0]||[]
[330, 330, 330, 330, 100, 0, 0]||[]
[330, 330, 330, 330, 100, 0, 0]||[]
[330, 330, 330, 330, 100, 0, 0]||[]
[330, 330, 330, 330, 100, 0, 0]||[]
[330, 330, 330, 330, 100, 0, 0]||[]
[330, 330, 330, 330, 100, 0, 0]||[]
[330, 330, 330, 330, 100, 0, 0]||['d']
[330, 330, 330, 330, 100, 0, 0]||['d']
[330, 330, 330, 330, 100, 0, 0]||['d']
[330, 330, 330, 330, 100, 0, 0]||['d']
[330, 330, 330, 330, 100, 0, 0]||['d']
[330, 330, 330, 330, 100, 0, 0]||['d']
[330, 330, 330, 330, 100, 0, 0]||['d']
[330, 330, 330, 330, 100, 0, 0]||['d']
[330, 330, 330, 330, 100, 0, 0]||['d']
[330, 330, 330, 330, 100, 0, 0]||['d']
[330, 330, 330, 330, 100, 0, 0]||['d']
[330, 330, 330, 330, 100, 0, 0]||['d']
[330, 330, 330, 330, 100, 0, 0]||['d']
[330, 330, 330, 330, 100, 0, 0]||['d']
[330, 330, 330, 330, 100, 0, 0]||['d']
[330, 330, 330, 330, 100, 0, 0]||['d']
[330, 330, 330, 330, 100, 0, 0]||['d']
[330, 330, 330, 330, 100, 0, 0]||['d']
[330, 330, 330, 330, 100, 0, 0]||['d']
[330, 330, 330, 330, 100, 0, 0]||['d']
[330, 330, 330, 330, 100, 0, 0]||['d']
[330, 330, 330, 330, 100, 0, 0]||['d']
[330, 330, 330, 330, 100, 0, 0]||['d']
[330, 330, 330, 330, 100, 0, 0]||['d']
[330, 330, 330, 330, 100, 0, 0]||['d']
[330, 330, 330, 330, 100, 0, 0]||['d']
[330, 330, 330, 330, 100, 0, 0]||['d']
[330, 330, 330, 330, 100, 0, 0]||['d']
[330, 330, 330, 330, 100, 0, 0]||['d']
[330, 330, 330, 330, 100, 0, 0]||['d']
[330, 330, 330, 330, 100, 0, 0]||['d']
[330, 330, 330, 330, 100, 0, 0]||['d']
[330, 330, 330, 330, 100, 0, 0]||['d']
[330, 330, 330, 330, 100, 0, 0]||['d']
[330, 330, 330, 330, 100, 0, 0]||['d']
[330, 330, 330, 330, 100, 0, 0]||['d']
[330, 330, 330, 330, 100, 0, 0]||['d']
[330, 330, 330, 330, 100, 0, 0]||['d']
[330, 330, 330, 330, 100, 0, 0]||['d']
[330, 330, 330, 330, 100, 0, 0]||['d']
[330, 330, 330, 330, 100, 0, 0]||['d']
[330, 330, 330, 330, 100, 0, 0]||['d']
[330, 330, 330, 330, 100, 0, 0]||['d']
[330, 330, 330, 330, 100, 0, 0]||['d']
[330, 330, 330, 330, 100, 0, 0]||['d']
[330, 330, 330, 330, 100, 0, 0]||['d']
[330, 330, 330, 330, 100, 0, 0]||['d']
[330, 330, 330, 330, 100, 0, 0]||['d']
[330, 330, 330, 330, 100, 0, 0]||['d']
[330, 330, 330, 330, 100, 0, 0]||['d']
[330, 330, 330, 330, 100, 0, 0]||['d']
[330, 330, 330, 330, 100, 0, 0]||['d']
[330, 330, 330, 330, 100, 0, 0]||['d']
[330, 330, 330, 330, 100, 0, 0]||['d']
[330, 330, 330, 330, 100, 0, 0]||[]
[330, 330, 330, 330, 100, 0, 0]||[]
[330, 330, 330, 330, 100, 0, 0]||[]
[330, 330, 330, 330, 100, 0, 0]||['s']
[330, 330, 330, 330, 100, 0, 0]||['s']
[330, 330, 330, 330, 100, 0, 0]||['s']
[330, 330, 330, 330, 100, 0, 0]||['s']
[330, 330, 330, 330, 100, 0, 0]||[]
[330, 330, 330, 330, 100, 0, 0]||[]
[330, 330, 330, 330, 100, 0, 0]||[]
[330, 330, 330, 330, 100, 0, 0]||[]
[330, 330, 330, 330, 100, 0, 0]||[]
[330, 330, 330, 330, 100, 0, 0]||[]
[330, 330, 330, 330, 100, 0, 0]||[]
[330, 330, 330, 330, 100, 0, 0]||[]
[330, 330, 330, 330, 100, 0, 0]||[]
[330, 330, 330, 330, 100, 0, 0]||[]
[330, 330, 330, 330, 100, 0, 0]||[]
[330, 330, 330, 330, 100, 0, 0]||[]
[330, 330, 330, 330, 100, 0, 0]||[]
[330, 330, 330, 330, 100, 0, 0]||[]
[330, 330, 330, 330, 100, 0, 0]||[]
[330, 330, 330, 330, 100, 0, 0]||['w']
[330, 330, 330, 330, 100, 0, 0]||['w']
[330, 330, 330, 330, 100, 0, 0]||['w']
[330, 330, 330, 330, 100, 0, 0]||['w']
[330, 330, 330, 330, 100, 0, 0]||['w']
[330, 330, 330, 330, 100, 0, 0]||['w']
[330, 330, 330, 330, 100, 0, 0]||[]
[330, 330, 330, 330, 100, 0, 0]||[]
[330, 330, 330, 330, 100, 0, 0]||[]
[330, 330, 330, 330, 100, 0, 0]||[]
[330, 330, 330, 330, 100, 0, 0]||[]
[330, 330, 330, 330, 100, 0, 0]||[]
[330, 330, 330, 330, 100, 0, 0]||['d']
[330, 330, 330, 330, 100, 0, 0]||['d']
[330, 330, 330, 330, 100, 0, 0]||['d']
[330, 330, 330, 330, 100, 0, 0]||['d']
[330, 330, 330, 330, 100, 0, 0]||['d']
[330, 330, 330, 330, 100, 0, 0]||['d']
[330, 330, 330, 330, 100, 0, 0]||['d']
[330, 330, 330, 330, 100, 0, 0]||['d']
[330, 330, 330, 330, 100, 0, 0]||['d']
[330, 330, 330, 330, 100, 0, 0]||['d']
[330, 330, 330, 330, 100, 0, 0]||['d']
[330, 330, 330, 330, 100, 0, 0]||['d']
[330, 330, 330, 315, 100, 0, 0]||['d']
[330, 330, 330, 310, 100, 0, 0]||['d']
[330, 330, 330, 305, 100, 0, 0]||['d']
[330, 330, 330, 300, 100, 0, 0]||['d']
[330, 330, 330, 295, 100, 0, 0]||['d']
[330, 330, 330, 290, 100, 0, 0]||['d']
[330, 330, 330, 285, 100, 0, 0]||['d']
[330, 330, 330, 280, 100, 0, 0]||['d']
[330, 330, 330, 275, 100, 0, 0]||['d']
[330, 326, 330, 270, 100, 0, 0]||['d']
[330, 322, 330, 265, 100, 0, 0]||['d']
[330, 318, 330, 260, 100, 0, 0]||['d']
[330, 314, 330, 255, 100, 0, 0]||['d']
[330, 310, 330, 250, 100, 0, 0]||['d']
[330, 306, 330, 245, 100, 0, 0]||['d']
[330, 302, 330, 240, 100, 0, 0]||['d']
[330, 298, 330, 235, 100, 0, 0]||['d']
[330, 294, 330, 230, 100, 0, 0]||['d']
[330, 290, 330, 225, 100, 0, 0]||['d']
[330, 286, 330, 220, 100, 0, 0]||['d']
[330, 283, 330, 215, 100, 0, 0]||['d']
[330, 279, 330, 210, 100, 0, 0]||['d']
[330, 275, 330, 205, 100, 0, 0]||['d']
[330, 272, 330, 200, 100, 0, 0]||['d']
[330, 268, 330, 195, 100, 0, 0]||['d']
[330, 265, 330, 190, 100, 0, 0]||['d']
[330, 261, 330, 185, 100, 0, 0]||['d']
[330, 258, 330, 180, 100, 0, 0]||['d']
[330, 254, 330, 175, 100, 0, 0]||['d']
[330, 251, 330, 170, 100, 0, 0]||['d']
[330, 248, 330, 165, 100, 0, 0]||['d']
[330, 245, 330, 160, 100, 0, 0]||['d']
[330, 242, 330, 155, 100, 0, 0]||['d']
[330, 239, 330, 150, 100, 0, 0]||['d']
[330, 236, 330, 145, 100, 0, 0]||['d']
[330, 233, 330, 140, 100, 0, 0]||['d']
[330, 230, 330, 135, 100, 0, 0]||['d']
[330, 227, 330, 130, 100, 0, 0]||['d']
[330, 224, 330, 125, 100, 0, 0]||['d']
[330, 222, 330, 120, 100, 0, 0]||['d']
[330, 219, 330, 115, 100, 0, 0]||['d']
[330, 217, 330, 111, 100, 0, 0]||['d']
[330, 214, 330, 106, 100, 0, 0]||['d']
[330, 212, 330, 101, 100, 0, 0]||['d']
[330, 210, 330, 96, 100, 0, 0]||[]
[330, 210, 330, 96, 100, 0, 0]||[]
[330, 210, 330, 96, 100, 0, 0]||[]
[330, 210, 330, 96, 100, 0, 0]||[]
[330, 210, 330, 96, 100, 0, 0]||[]
[330, 210, 330, 96, 100, 0, 0]||[]
[330, 210, 330, 96, 100, 0, 0]||[]
[330, 210, 330, 96, 100, 0, 0]||[]
[330, 210, 330, 96, 100, 0, 0]||['d']
[330, 208, 330, 91, 100, 0, 0]||['d']
[330, 206, 330, 86, 100, 0, 0]||['d']
[330, 204, 330, 81, 100, 0, 0]||['d']
[330, 202, 330, 76, 100, 0, 0]||['d']
[330, 200, 330, 71, 100, 0, 0]||['d']
[330, 199, 330, 66, 100, 0, 0]||['d']
[330, 196, 330, 61, 100, 0, 0]||['d']
[330, 194, 330, 57, 100, 0, 0]||['d']
[330, 192, 330, 52, 100, 0, 0]||['d']
[330, 190, 330, 47, 100, 0, 0]||[]
[330, 188, 330, 47, 100, 0, 0]||[]
[330, 187, 330, 47, 100, 0, 0]||[]
[330, 186, 330, 47, 100, 0, 0]||[]
[330, 185, 330, 47, 100, 0, 0]||[]
[330, 184, 330, 47, 100, 0, 0]||[]
[330, 183, 330, 47, 100, 0, 0]||[]
[330, 182, 330, 47, 100, 0, 0]||[]
[330, 181, 330, 47, 100, 0, 0]||['sw']
[330, 180, 330, 47, 100, 0, 0]||[]
[330, 179, 330, 47, 100, 0, 0]||[]
[330, 178, 330, 47, 100, 0, 0]||[]
[330, 177, 330, 47, 100, 0, 0]||[]
[330, 176, 330, 47, 100, 0, 0]||[]
[330, 175, 330, 47, 100, 0, 0]||[]
[330, 174, 330, 47, 100, 0, 0]||[]
[330, 173, 330, 47, 100, 0, 0]||[]
[330, 172, 330, 47, 100, 0, 0]||[]
[330, 171, 330, 47, 100, 0, 0]||[]
[330, 170, 330, 47, 100, 0, 0]||[]
[330, 169, 330, 47, 100, 0, 0]||[]
[330, 168, 330, 47, 100, 0, 0]||[]
[330, 167, 330, 47, 100, 0, 0]||[]
[330, 166, 330, 47, 100, 0, 0]||[]
[330, 165, 330, 47, 100, 0, 0]||['s']
[330, 159, 330, 46, 100, 0, 0]||['s']
[330, 153, 330, 45, 100, 0, 0]||['s']
[330, 147, 330, 45, 100, 0, 0]||['s']
[330, 141, 330, 45, 100, 0, 0]||['s']
[330, 136, 330, 46, 100, 0, 0]||[]
[330, 134, 330, 46, 100, 0, 0]||[]
[330, 133, 330, 46, 100, 0, 0]||[]
[330, 132, 330, 46, 100, 0, 0]||[]
[330, 131, 330, 46, 100, 0, 0]||[]
[330, 130, 330, 46, 100, 0, 0]||[]
[330, 129, 330, 46, 100, 0, 0]||[]
[330, 129, 330, 46, 100, 0, 0]||[]
[330, 128, 330, 46, 100, 0, 0]||[]
[330, 127, 330, 46, 100, 0, 0]||[]
[330, 126, 330, 46, 100, 0, 0]||[]
[330, 125, 330, 46, 100, 0, 0]||[]
[330, 124, 330, 46, 100, 0, 0]||[]
[330, 123, 330, 46, 100, 0, 0]||[]
[330, 122, 330, 46, 100, 0, 0]||['d']
[330, 120, 330, 41, 100, 0, 0]||['d']
[330, 118, 330, 36, 100, 0, 0]||['d']
[330, 116, 330, 31, 100, 0, 0]||['d']
[330, 115, 330, 330, 100, 0, 0]||['d']
[330, 114, 330, 330, 100, 0, 0]||['d']
[330, 113, 330, 330, 100, 0, 0]||['d']
[330, 112, 330, 330, 100, 0, 0]||[]
[330, 111, 330, 330, 100, 0, 0]||[]
[330, 110, 330, 330, 100, 0, 0]||[]
[330, 109, 330, 330, 100, 0, 0]||[]
[330, 108, 330, 330, 100, 0, 0]||[]
[330, 107, 330, 330, 100, 0, 0]||[]
[330, 106, 330, 330, 100, 0, 0]||['s']
[330, 100, 330, 330, 100, 0, 0]||['s']
[330, 94, 330, 330, 100, 0, 0]||['s']
[330, 88, 330, 330, 100, 0, 0]||['s']
[330, 82, 330, 330, 100, 0, 0]||['s']
[330, 76, 330, 330, 100, 0, 0]||[]
[330, 75, 330, 330, 100, 0, 0]||[]
[330, 74, 330, 330, 100, 0, 0]||[]
[330, 73, 330, 330, 100, 0, 0]||[]
[330, 72, 330, 330, 100, 0, 0]||[]
[330, 71, 330, 330, 100, 0, 0]||[]
[330, 70, 330, 330, 100, 0, 0]||[]
[330, 69, 330, 330, 100, 0, 0]||[]
[330, 68, 330, 330, 100, 0, 0]||[]
[330, 67, 330, 330, 100, 0, 0]||[]
[330, 66, 330, 330, 100, 0, 0]||[]
[330, 65, 330, 330, 100, 0, 0]||['sw']
[330, 64, 330, 330, 100, 0, 0]||[]
[330, 63, 330, 330, 100, 0, 0]||[]
[330, 62, 330, 330, 100, 0, 0]||[]
[330, 61, 330, 330, 100, 0, 0]||[]
[330, 60, 330, 330, 100, 0, 0]||[]
[330, 59, 330, 330, 100, 0, 0]||[]
[330, 58, 330, 330, 100, 0, 0]||[]
[330, 57, 330, 330, 100, 0, 0]||[]
[330, 56, 330, 330, 100, 0, 0]||[]
[330, 55, 330, 330, 100, 0, 0]||[]
[330, 54, 330, 330, 100, 0, 0]||['sw']
[330, 53, 330, 330, 100, 0, 0]||[]
[330, 52, 330, 330, 100, 0, 0]||[]
[330, 51, 330, 330, 100, 0, 0]||[]
[330, 50, 330, 330, 100, 0, 0]||[]
[330, 49, 330, 330, 100, 0, 0]||[]
[330, 48, 330, 330, 100, 0, 0]||[]
[330, 47, 330, 330, 100, 0, 0]||[]
[330, 46, 330, 330, 100, 0, 0]||['sw']
[330, 45, 330, 330, 100, 0, 0]||[]
[330, 64, 330, 330, 100, 0, 0]||[]
[330, 63, 330, 330, 100, 0, 0]||[]
[330, 62, 330, 330, 100, 0, 0]||[]
[330, 61, 330, 330, 100, 0, 0]||[]
[330, 60, 330, 330, 100, 0, 0]||['sw']
[330, 59, 330, 330, 100, 0, 0]||[]
[330, 58, 330, 330, 100, 0, 0]||[]
[330, 57, 330, 330, 100, 0, 0]||[]
[330, 56, 330, 330, 100, 0, 0]||[]
[330, 55, 330, 330, 100, 0, 0]||[]
[330, 54, 330, 330, 100, 0, 0]||['sw']
[330, 53, 330, 330, 100, 0, 0]||[]
[330, 52, 330, 330, 100, 0, 0]||[]
[330, 51, 330, 330, 100, 0, 0]||[]
[330, 50, 330, 330, 100, 0, 0]||[]
[330, 49, 330, 330, 100, 0, 0]||[]
[330, 48, 330, 330, 100, 0, 0]||['sw']
[330, 47, 330, 330, 100, 0, 0]||[]
[330, 46, 330, 330, 100, 0, 0]||[]
[330, 45, 330, 330, 100, 0, 0]||[]
[330, 44, 330, 330, 100, 0, 0]||[]
[330, 43, 330, 330, 100, 0, 0]||['sw']
[330, 61, 330, 330, 100, 0, 0]||[]
[330, 60, 330, 330, 100, 0, 0]||[]
[330, 59, 330, 330, 100, 0, 0]||[]
[330, 58, 330, 330, 100, 0, 0]||[]
[330, 57, 330, 330, 100, 0, 0]||[]
[330, 56, 330, 330, 100, 0, 0]||[]
[330, 55, 330, 330, 100, 0, 0]||['sw']
[330, 54, 330, 330, 100, 0, 0]||[]
[330, 53, 330, 330, 100, 0, 0]||[]
[330, 52, 330, 330, 100, 0, 0]||[]
[330, 51, 330, 330, 100, 0, 0]||[]
[330, 50, 330, 330, 100, 0, 0]||[]
[330, 49, 330, 330, 100, 0, 0]||[]
[330, 48, 330, 330, 100, 0, 0]||[]
[330, 47, 330, 330, 100, 0, 0]||['sw']
[330, 46, 330, 330, 100, 0, 0]||[]
[330, 45, 330, 330, 100, 0, 0]||[]
[330, 64, 330, 330, 100, 0, 0]||[]
[330, 63, 330, 330, 100, 0, 0]||[]
[330, 62, 330, 330, 100, 0, 0]||[]
[330, 61, 330, 330, 100, 0, 0]||['sw']
[330, 60, 330, 330, 100, 0, 0]||[]
[330, 59, 330, 330, 100, 0, 0]||[]
[330, 58, 330, 330, 100, 0, 0]||[]
[330, 57, 330, 330, 100, 0, 0]||[]
[330, 56, 330, 330, 100, 0, 0]||['sw']
[330, 55, 330, 330, 100, 0, 0]||[]
[330, 54, 330, 330, 100, 0, 0]||[]
[330, 53, 330, 330, 100, 0, 0]||[]
[330, 52, 330, 330, 100, 0, 0]||[]
[330, 51, 330, 330, 100, 0, 0]||[]
[330, 50, 330, 330, 100, 0, 0]||['sw']
[330, 49, 330, 330, 100, 0, 0]||[]
[330, 48, 330, 330, 100, 0, 0]||[]
[330, 47, 330, 330, 100, 0, 0]||[]
[330, 46, 330, 330, 100, 0, 0]||[]
[330, 45, 330, 330, 100, 0, 0]||['sw']
[330, 63, 330, 330, 100, 0, 0]||[]
[330, 62, 330, 330, 100, 0, 0]||[]
[330, 61, 330, 330, 100, 0, 0]||[]
[330, 60, 330, 330, 100, 0, 0]||[]
[330, 59, 330, 330, 100, 0, 0]||['sw']
[330, 58, 330, 330, 100, 0, 0]||[]
[330, 57, 330, 330, 100, 0, 0]||[]
[330, 56, 330, 330, 100, 0, 0]||[]
[330, 55, 330, 330, 100, 0, 0]||[]
[330, 54, 330, 330, 100, 0, 0]||[]
[330, 53, 330, 330, 100, 0, 0]||['sw']
[330, 52, 330, 330, 100, 0, 0]||[]
[330, 51, 330, 330, 100, 0, 0]||[]
[330, 50, 330, 330, 100, 0, 0]||[]
[330, 49, 330, 330, 100, 0, 0]||[]
[330, 48, 330, 330, 100, 0, 0]||[]
[330, 47, 330, 330, 100, 0, 0]||['sw']
[330, 46, 330, 330, 100, 0, 0]||[]
[330, 45, 330, 330, 100, 0, 0]||[]
[330, 330, 330, 330, 100, 0, 10]||[]
[330, 330, 330, 330, 100, 0, 10]||[]
[330, 330, 330, 330, 100, 0, 10]||[]
[330, 330, 330, 330, 100, 0, 10]||['sw']
[330, 330, 330, 330, 100, 0, 10]||[]
[330, 330, 330, 330, 100, 0, 10]||[]
[330, 330, 330, 330, 100, 0, 10]||[]
[330, 330, 330, 330, 100, 0, 10]||[]
[330, 330, 330, 330, 100, 0, 10]||['sw']
[330, 330, 330, 330, 100, 0, 10]||[]
[330, 330, 330, 330, 100, 0, 10]||[]
[330, 330, 330, 330, 100, 0, 10]||[]
[330, 330, 330, 330, 100, 0, 10]||[]
[330, 330, 330, 330, 100, 0, 10]||[]
[330, 330, 330, 330, 100, 0, 10]||[]
[330, 330, 330, 330, 100, 0, 10]||['d']
[330, 330, 330, 330, 100, 0, 10]||['d']
[330, 330, 330, 330, 100, 0, 10]||['d']
[330, 330, 330, 330, 100, 0, 10]||['d']
[330, 330, 330, 330, 100, 0, 10]||['d']
[330, 330, 330, 330, 100, 0, 10]||['d']
[330, 330, 330, 330, 100, 0, 10]||['d']
[330, 330, 330, 330, 100, 0, 10]||['d']
[330, 330, 330, 330, 100, 0, 10]||['d']
[330, 330, 330, 330, 100, 0, 10]||['d']
[330, 330, 330, 330, 100, 0, 10]||['d']
[330, 330, 330, 330, 100, 0, 10]||['d']
[330, 330, 330, 330, 100, 0, 10]||['d']
[330, 330, 330, 330, 100, 0, 10]||['d']
[330, 330, 330, 330, 100, 0, 10]||['d']
[330, 330, 330, 330, 100, 0, 10]||['d']
[330, 330, 330, 330, 100, 0, 10]||['d', 'w']
[330, 330, 330, 330, 100, 0, 10]||['d', 'w']
[330, 330, 330, 330, 100, 0, 10]||['d', 'w']
[330, 330, 330, 330, 100, 0, 10]||['d', 'w']
[330, 330, 330, 330, 100, 0, 10]||['d', 'w']
[330, 330, 330, 330, 100, 0, 10]||['d', 'w']
[330, 330, 330, 330, 100, 0, 10]||[]
[330, 330, 330, 330, 100, 0, 10]||[]
[330, 330, 330, 330, 100, 0, 10]||[]
[330, 330, 330, 330, 100, 0, 10]||[]
[330, 330, 330, 330, 100, 0, 10]||[]
[330, 330, 330, 330, 100, 0, 10]||[]
[330, 330, 330, 330, 100, 0, 10]||[]
[330, 330, 330, 330, 100, 0, 10]||[]
[330, 330, 330, 330, 100, 0, 10]||['d']
[330, 330, 330, 330, 100, 0, 10]||['d']
[330, 330, 330, 330, 100, 0, 10]||['d']
[330, 330, 330, 330, 100, 0, 10]||['d']
[330, 330, 330, 330, 100, 0, 10]||['d']
[330, 330, 330, 330, 100, 0, 10]||['d']
[330, 330, 330, 330, 100, 0, 10]||['d']
[330, 330, 330, 330, 100, 0, 10]||['d']
[330, 330, 330, 330, 100, 0, 10]||['d']
[330, 330, 330, 330, 100, 0, 10]||['d']
[330, 330, 330, 330, 100, 0, 10]||['d']
[330, 330, 330, 330, 100, 0, 10]||['d']
[330, 330, 330, 330, 100, 0, 10]||['d']
[330, 330, 330, 330, 100, 0, 10]||['d']
[330, 330, 330, 330, 100, 0, 10]||['d']
[330, 330, 330, 330, 100, 0, 10]||['d']
[330, 330, 330, 330, 100, 0, 10]||['d']
[330, 330, 330, 330, 100, 0, 10]||['d']
[330, 330, 330, 330, 100, 0, 10]||['d']
[330, 330, 330, 330, 100, 0, 10]||['d']
[330, 330, 330, 330, 100, 0, 10]||['d']
[330, 330, 330, 330, 100, 0, 10]||['d']
[330, 330, 330, 330, 100, 0, 10]||['d']
[330, 330, 330, 330, 100, 0, 10]||['d']
[330, 330, 330, 330, 100, 0, 10]||['d']
[330, 330, 330, 330, 100, 0, 10]||['d']
[330, 330, 330, 330, 100, 0, 10]||['d']
[330, 330, 330, 330, 100, 0, 10]||['d']
[330, 330, 330, 330, 100, 0, 10]||['d']
[330, 330, 330, 330, 100, 0, 10]||['d']
[330, 330, 330, 330, 100, 0, 10]||['d']
[330, 330, 330, 330, 100, 0, 10]||['d']
[330, 330, 330, 330, 100, 0, 10]||['d']
[330, 330, 330, 330, 100, 0, 10]||['d']
[330, 330, 330, 330, 100, 0, 10]||['d']
[330, 330, 330, 330, 100, 0, 10]||['d']
[330, 330, 330, 330, 100, 0, 10]||['d']
[330, 330, 330, 330, 100, 0, 10]||['d']
[330, 330, 330, 330, 100, 0, 10]||['d']
[330, 330, 330, 330, 100, 0, 10]||['d']
[330, 330, 330, 330, 100, 0, 10]||['d']
[330, 330, 330, 330, 100, 0, 10]||['d']
[330, 330, 330, 330, 100, 0, 10]||['d']
[330, 330, 330, 330, 100, 0, 10]||['d']
[330, 330, 330, 330, 100, 0, 10]||['d']
[330, 330, 330, 330, 100, 0, 10]||['d']
[330, 330, 330, 330, 100, 0, 10]||['d']
[330, 330, 330, 330, 100, 0, 10]||['d']
[330, 330, 330, 330, 100, 0, 10]||['d']
[330, 330, 330, 330, 100, 0, 10]||['d']
[330, 330, 330, 330, 100, 0, 10]||['d']
[330, 330, 330, 330, 100, 0, 10]||['d']
[330, 330, 330, 330, 100, 0, 10]||['d']
[330, 330, 330, 330, 100, 0, 10]||['d']
[330, 330, 330, 330, 100, 0, 10]||['d']
[330, 330, 330, 330, 100, 0, 10]||['d']
[330, 330, 330, 330, 100, 0, 10]||['d']
[330, 330, 330, 330, 100, 0, 10]||['d']
[330, 330, 330, 330, 100, 0, 10]||['d']
[330, 330, 330, 330, 100, 0, 10]||['d']
[330, 330, 330, 330, 100, 0, 10]||['d']
[330, 330, 330, 330, 100, 0, 10]||['d']
[330, 330, 330, 330, 100, 0, 10]||['d']
[330, 330, 330, 330, 100, 0, 10]||['d']
[330, 330, 330, 330, 100, 0, 10]||['d']
[330, 330, 330, 330, 100, 0, 10]||['d']
[330, 330, 330, 330, 100, 0, 10]||['d']
[330, 330, 330, 330, 100, 0, 10]||['d']
[330, 330, 330, 330, 100, 0, 10]||['d']
[330, 330, 330, 330, 100, 0, 10]||['d']
[330, 330, 330, 330, 100, 0, 10]||['d']
[330, 330, 330, 330, 100, 0, 10]||['d']
[330, 330, 330, 330, 100, 0, 10]||['d']
[330, 330, 330, 330, 100, 0, 10]||['d']
[330, 330, 330, 330, 100, 0, 10]||['d']
[330, 330, 330, 330, 100, 0, 10]||['d']
[330, 330, 330, 330, 100, 0, 10]||['d']
[330, 330, 330, 330, 100, 0, 10]||['d']
[330, 330, 330, 330, 100, 0, 10]||['d']
[330, 330, 330, 330, 100, 0, 10]||['d']
[330, 330, 330, 330, 100, 0, 10]||['d']
[330, 330, 330, 330, 100, 0, 10]||['d']
[330, 330, 330, 330, 100, 0, 10]||['d']
[330, 330, 330, 330, 100, 0, 10]||['d']
[330, 330, 330, 330, 100, 0, 10]||['d']
[330, 330, 330, 330, 100, 0, 10]||['d']
[330, 330, 330, 330, 100, 0, 10]||['d']
[330, 330, 330, 330, 100, 0, 10]||['d']
[330, 330, 330, 330, 100, 0, 10]||['d']
[330, 330, 330, 330, 100, 0, 10]||['d']
[330, 330, 330, 330, 100, 0, 10]||['d']
[330, 330, 330, 330, 100, 0, 10]||['d']
[330, 330, 330, 330, 100, 0, 10]||['d']
[330, 330, 330, 330, 100, 0, 10]||['d']
[330, 330, 330, 330, 100, 0, 10]||['d']
[330, 330, 330, 330, 100, 0, 10]||['d']
[330, 330, 330, 330, 100, 0, 10]||['d']
[330, 330, 330, 330, 100, 0, 10]||['d']
[330, 330, 330, 330, 100, 0, 10]||['d']
[330, 330, 330, 330, 100, 0, 10]||['d']
[330, 330, 330, 330, 100, 0, 10]||['d']
[330, 330, 330, 330, 100, 0, 10]||['d']
[330, 330, 330, 330, 100, 0, 10]||['d']
[330, 330, 330, 330, 100, 0, 10]||['d']
[330, 330, 330, 330, 100, 0, 10]||['d']
[330, 330, 330, 330, 100, 0, 10]||['d']
[330, 330, 330, 330, 100, 0, 10]||['d']
[330, 330, 330, 330, 100, 0, 10]||['d']
[330, 330, 330, 330, 100, 0, 10]||['d']
[330, 330, 330, 330, 100, 0, 10]||['d']
[330, 330, 330, 330, 100, 0, 10]||['d']
[330, 330, 330, 330, 100, 0, 10]||['d']
[330, 330, 330, 330, 100, 0, 10]||['d']
[330, 330, 330, 330, 100, 0, 10]||['d']
[330, 330, 330, 330, 100, 0, 10]||['d']
[330, 330, 330, 330, 100, 0, 10]||['d']
[330, 330, 330, 330, 100, 0, 10]||['d']
[330, 330, 330, 330, 100, 0, 10]||['d']
[330, 330, 330, 330, 100, 0, 10]||['d']
[330, 330, 330, 330, 100, 0, 10]||['d']
[330, 330, 330, 330, 100, 0, 10]||['d']
[330, 330, 330, 330, 100, 0, 10]||['d']
[330, 330, 330, 330, 100, 0, 10]||['d']
[330, 330, 330, 330, 100, 0, 10]||['d']
[330, 330, 330, 330, 100, 0, 10]||['d']
[330, 330, 330, 330, 100, 0, 10]||['d']
[330, 330, 330, 330, 100, 0, 10]||['d']
[330, 330, 330, 330, 100, 0, 10]||['d']
[330, 330, 330, 330, 100, 0, 10]||['d']
[330, 330, 330, 330, 100, 0, 10]||['d']
[330, 330, 330, 330, 100, 0, 10]||['d']
[330, 330, 330, 330, 100, 0, 10]||['d']
[330, 330, 330, 330, 100, 0, 10]||['d']
[330, 330, 330, 330, 100, 0, 10]||['d']
[330, 330, 330, 330, 100, 0, 10]||['d']
[330, 330, 330, 330, 100, 0, 10]||['d']
[330, 330, 330, 330, 100, 0, 10]||['d']
[330, 330, 330, 330, 100, 0, 10]||['d']
[330, 330, 330, 330, 100, 0, 10]||['d']
[330, 330, 330, 330, 100, 0, 10]||['d']
[330, 330, 330, 330, 100, 0, 10]||['d']
[330, 330, 330, 330, 100, 0, 10]||['d']
[330, 330, 330, 330, 100, 0, 10]||['d']
[330, 330, 330, 330, 100, 0, 10]||['d']
[330, 330, 330, 330, 100, 0, 10]||['d']
[330, 330, 330, 330, 100, 0, 10]||['d']
[330, 330, 330, 330, 100, 0, 10]||['d']
[330, 330, 330, 330, 100, 0, 10]||['d']
[330, 330, 330, 330, 100, 0, 10]||['d']
[330, 330, 330, 330, 100, 0, 10]||['d']
[330, 330, 330, 330, 100, 0, 10]||['d']
[330, 330, 330, 330, 100, 0, 10]||['d']
[330, 330, 330, 330, 100, 0, 10]||['d']
[330, 330, 330, 330, 100, 0, 10]||['d']
[330, 330, 330, 330, 100, 0, 10]||['d']
[330, 330, 330, 330, 100, 0, 10]||['d']
[330, 330, 330, 330, 100, 0, 10]||['d']
[330, 330, 330, 330, 100, 0, 10]||['d']
[330, 330, 330, 330, 100, 0, 10]||['d']
[330, 330, 330, 330, 100, 0, 10]||['d']
[330, 330, 330, 330, 100, 0, 10]||['d']
[330, 330, 330, 330, 100, 0, 10]||['d']
[330, 330, 330, 330, 100, 0, 10]||['d']
[330, 330, 330, 330, 100, 0, 10]||['d']
[330, 330, 330, 330, 100, 0, 10]||['d']
[330, 330, 314, 330, 100, 0, 10]||['d']
[330, 330, 309, 330, 100, 0, 10]||['d']
[330, 330, 304, 330, 100, 0, 10]||['d']
[330, 330, 299, 330, 100, 0, 10]||['d']
[330, 330, 294, 330, 100, 0, 10]||['d', 'w']
[330, 330, 289, 330, 100, 0, 10]||['d', 'w']
[330, 330, 284, 330, 100, 0, 10]||['d', 'w']
[330, 330, 279, 330, 100, 0, 10]||['d']
[330, 330, 274, 330, 100, 0, 10]||['d']
[330, 330, 269, 330, 100, 0, 10]||['d']
[330, 330, 264, 330, 100, 0, 10]||['d']
[330, 330, 259, 330, 100, 0, 10]||['d']
[330, 330, 254, 330, 100, 0, 10]||['d']
[330, 330, 249, 330, 100, 0, 10]||['d']
[330, 330, 244, 330, 100, 0, 10]||['d']
[330, 330, 239, 330, 100, 0, 10]||['d']
[330, 330, 234, 330, 100, 0, 10]||['d']
[330, 330, 229, 330, 100, 0, 10]||['d']
[330, 330, 224, 330, 100, 0, 10]||['d']
[330, 330, 219, 330, 100, 0, 10]||['d']
[330, 330, 214, 330, 100, 0, 10]||['d']
[330, 330, 209, 330, 100, 0, 10]||['d']
[330, 330, 204, 330, 100, 0, 10]||['d']
[330, 330, 199, 330, 100, 0, 10]||['d']
[330, 330, 194, 330, 100, 0, 10]||['d']
[330, 330, 189, 330, 100, 0, 10]||['d']
[330, 330, 184, 330, 100, 0, 10]||['d']
[330, 330, 179, 330, 100, 0, 10]||['d']
[330, 330, 174, 330, 100, 0, 10]||['d']
[330, 330, 169, 330, 100, 0, 10]||['d']
[330, 330, 164, 330, 100, 0, 10]||['d']
[330, 330, 159, 330, 100, 0, 10]||['d']
[330, 330, 154, 330, 100, 0, 10]||['d']
[330, 330, 149, 330, 100, 0, 10]||['d']
[330, 330, 144, 330, 100, 0, 10]||['d']
[330, 330, 139, 330, 100, 0, 10]||['d']
[330, 330, 134, 330, 100, 0, 10]||['d']
[330, 330, 129, 330, 100, 0, 10]||['d']
[330, 330, 124, 330, 100, 0, 10]||['d']
[330, 330, 119, 330, 100, 0, 10]||['d']
[330, 330, 114, 330, 100, 0, 10]||['d']
[330, 330, 109, 330, 100, 0, 10]||['d']
[330, 330, 104, 330, 100, 0, 10]||['d']
[330, 330, 99, 330, 100, 0, 10]||['d']
[330, 330, 94, 330, 100, 0, 10]||['d']
[330, 330, 89, 330, 100, 0, 10]||['d']
[330, 330, 84, 330, 100, 0, 10]||['d']
[330, 330, 79, 330, 100, 0, 10]||['d']
[330, 330, 74, 330, 100, 0, 10]||['d']
[330, 330, 69, 330, 100, 0, 10]||['d']
[330, 330, 64, 330, 100, 0, 10]||['d']
[330, 330, 59, 330, 100, 0, 10]||['d']
[330, 330, 54, 330, 100, 0, 10]||['d']
[330, 330, 49, 330, 100, 0, 10]||['d']
[330, 330, 44, 330, 100, 0, 10]||['d']
[330, 330, 39, 330, 100, 0, 10]||['d']
[330, 330, 34, 330, 100, 0, 10]||['d']
[330, 330, 330, 330, 100, 5, 10]||['d']
[330, 330, 330, 330, 100, 5, 10]||['d']
[330, 330, 330, 330, 100, 5, 10]||['d']
[330, 330, 330, 330, 100, 5, 10]||['d']
[330, 330, 330, 330, 100, 5, 10]||['d']
[330, 330, 330, 330, 100, 5, 10]||['d']
[330, 330, 330, 330, 100, 5, 10]||['d']
[330, 330, 330, 330, 100, 5, 10]||[]
[330, 330, 330, 330, 100, 5, 10]||[]
[330, 330, 330, 330, 100, 5, 10]||[]
[330, 330, 330, 330, 100, 5, 10]||[]
[330, 330, 330, 330, 100, 5, 10]||[]
[330, 330, 330, 330, 100, 5, 10]||[]
[330, 330, 330, 330, 100, 5, 10]||['s']
[330, 330, 330, 330, 100, 5, 10]||['s']
[330, 330, 330, 330, 100, 5, 10]||['s']
[330, 330, 330, 330, 100, 5, 10]||['s']
[330, 330, 330, 330, 100, 5, 10]||['s']
[330, 330, 330, 330, 100, 5, 10]||['s']
[330, 330, 330, 330, 100, 5, 10]||['s']
[330, 330, 330, 330, 100, 5, 10]||['s']
[330, 330, 330, 330, 100, 5, 10]||['s']
[330, 330, 330, 330, 100, 5, 10]||['s']
[330, 330, 330, 330, 100, 5, 10]||['s']
[330, 330, 330, 330, 100, 5, 10]||['s']
[330, 330, 330, 330, 100, 5, 10]||['s']
[330, 330, 330, 330, 100, 5, 10]||['s']
[330, 330, 330, 330, 100, 5, 10]||[]
[330, 330, 330, 330, 100, 5, 10]||[]
[330, 330, 330, 330, 100, 5, 10]||['d']
[330, 330, 330, 330, 100, 5, 10]||['d']
[330, 330, 330, 330, 100, 5, 10]||['d']
[330, 330, 330, 330, 100, 5, 10]||['d']
[330, 330, 330, 330, 100, 5, 10]||['d']
[330, 330, 330, 330, 100, 5, 10]||['d']
[330, 330, 330, 330, 100, 5, 10]||['d']
[330, 330, 330, 330, 100, 5, 10]||['d']
[330, 330, 330, 330, 100, 5, 10]||['d']
[330, 330, 330, 330, 100, 5, 10]||['d']
[330, 330, 330, 330, 100, 5, 10]||['d']
[330, 330, 330, 330, 100, 5, 10]||['d']
[330, 330, 330, 330, 100, 5, 10]||['d']
[330, 330, 330, 330, 100, 5, 10]||[]
[330, 330, 330, 330, 100, 5, 10]||[]
[330, 330, 330, 330, 100, 5, 10]||[]
[330, 330, 330, 330, 100, 5, 10]||[]
[330, 330, 330, 330, 100, 5, 10]||['s']
[330, 330, 330, 330, 100, 5, 10]||['s']
[330, 330, 330, 330, 100, 5, 10]||['s']
[330, 330, 330, 330, 100, 5, 10]||['s']
[330, 330, 330, 330, 100, 5, 10]||['s']
[330, 330, 330, 330, 100, 5, 10]||['s']
[330, 330, 330, 330, 100, 5, 10]||['s']
[330, 330, 330, 330, 100, 5, 10]||['s']
[330, 330, 330, 330, 100, 5, 10]||['s']
[330, 330, 330, 330, 100, 5, 10]||['s']
[330, 330, 330, 330, 100, 5, 10]||['s']
[330, 330, 330, 330, 100, 5, 10]||['s']
[330, 330, 330, 330, 100, 5, 10]||['s']
[330, 330, 330, 330, 100, 5, 10]||['s']
[330, 330, 330, 330, 100, 5, 10]||['s']
[330, 330, 330, 330, 100, 5, 10]||['s']
[330, 330, 330, 330, 100, 5, 10]||['s']
[330, 330, 330, 330, 100, 5, 10]||['s']
[330, 330, 330, 330, 100, 5, 10]||['s']
[330, 330, 330, 330, 100, 5, 10]||['s']
[330, 330, 330, 330, 100, 5, 10]||['s']
[330, 330, 330, 330, 100, 5, 10]||['s']
[330, 330, 330, 330, 100, 5, 10]||['s']
[330, 330, 330, 330, 100, 5, 10]||['s']
[330, 330, 330, 330, 100, 5, 10]||['s']
[330, 330, 330, 330, 100, 5, 10]||['s']
[330, 330, 330, 330, 100, 5, 10]||['s']
[330, 330, 330, 330, 100, 5, 10]||['s']
[330, 330, 330, 330, 100, 5, 10]||['s']
[330, 330, 330, 330, 100, 5, 10]||['s']
[330, 330, 330, 330, 100, 5, 10]||['s']
[330, 330, 330, 330, 100, 5, 10]||['s']
[330, 330, 330, 330, 100, 5, 10]||['s']
[330, 330, 330, 330, 100, 5, 10]||['s']
[330, 330, 330, 330, 100, 5, 10]||['s']
[330, 330, 330, 330, 100, 5, 10]||['s']
[330, 330, 330, 330, 100, 5, 10]||['s']
[330, 330, 330, 330, 100, 5, 10]||['s']
[330, 330, 330, 330, 100, 5, 10]||['s']
[330, 330, 330, 330, 100, 5, 10]||['s']
[330, 330, 330, 330, 100, 5, 10]||['s']
[330, 330, 330, 330, 100, 5, 10]||['s']
[330, 330, 330, 330, 100, 5, 10]||['s']
[330, 330, 330, 330, 100, 5, 10]||['s']
[330, 330, 330, 330, 100, 5, 10]||['s']
[330, 330, 330, 330, 100, 5, 10]||['s']
[330, 330, 330, 330, 100, 5, 10]||['s']
[330, 330, 330, 330, 100, 5, 10]||['s']
[330, 330, 330, 330, 100, 5, 10]||['s']
[330, 330, 330, 330, 100, 5, 10]||['s']
[330, 330, 330, 330, 100, 5, 10]||['s']
[330, 330, 330, 330, 100, 5, 10]||['s']
[330, 330, 330, 330, 100, 5, 10]||['s']
[330, 330, 330, 330, 100, 5, 10]||['s']
[330, 330, 330, 330, 100, 5, 10]||['s']
[330, 330, 330, 330, 100, 5, 10]||['s']
[330, 330, 330, 330, 100, 5, 10]||['s']
[330, 330, 330, 330, 100, 5, 10]||['s']
[330, 330, 330, 330, 100, 5, 10]||['s']
[330, 330, 330, 330, 100, 5, 10]||['s']
[330, 330, 330, 330, 100, 5, 10]||['s']
[330, 330, 330, 330, 100, 5, 10]||['s']
[330, 330, 330, 330, 100, 5, 10]||['s']
[330, 330, 330, 330, 100, 5, 10]||['s']
[330, 330, 330, 330, 100, 5, 10]||['s']
[330, 330, 330, 330, 100, 5, 10]||['s']
[330, 330, 330, 330, 100, 5, 10]||['s', 'a']
[330, 330, 330, 330, 100, 5, 10]||['s', 'a']
[330, 330, 330, 330, 100, 5, 10]||['s', 'a']
[330, 330, 330, 330, 100, 5, 10]||['s', 'a']
[330, 330, 330, 330, 100, 5, 10]||['s', 'a']
[330, 330, 330, 330, 100, 5, 10]||['s', 'a']
[330, 330, 330, 330, 100, 5, 10]||['s', 'a']
[330, 330, 330, 330, 100, 5, 10]||['s', 'a']
[330, 330, 330, 330, 100, 5, 10]||['s', 'a']
[330, 330, 330, 330, 100, 5, 10]||['s', 'a']
[330, 330, 330, 330, 100, 5, 10]||['s', 'a']
[330, 330, 330, 330, 100, 5, 10]||['s', 'a']
[330, 330, 330, 330, 100, 5, 10]||['s']
[330, 330, 330, 330, 100, 5, 10]||['s']
[330, 330, 330, 330, 100, 5, 10]||['s']
[330, 330, 330, 330, 100, 5, 10]||['s']
[330, 330, 330, 330, 100, 5, 10]||['s']
[330, 330, 330, 330, 100, 5, 10]||['s']
[330, 330, 330, 330, 100, 5, 10]||['s']
[330, 330, 330, 330, 100, 5, 10]||['s']
[330, 330, 330, 330, 100, 5, 10]||['s']
[330, 330, 330, 330, 100, 5, 10]||['s']
[330, 330, 330, 330, 100, 5, 10]||['s']
[330, 330, 330, 330, 100, 5, 10]||['s']
[330, 330, 330, 330, 100, 5, 10]||['s']
[330, 330, 330, 330, 100, 5, 10]||['s']
[330, 330, 330, 330, 100, 5, 10]||['s']
[330, 330, 330, 330, 100, 5, 10]||['s']
[330, 330, 330, 330, 100, 5, 10]||['s']
[330, 330, 330, 330, 100, 5, 10]||['s']
[330, 330, 330, 330, 100, 5, 10]||['s']
[325, 330, 330, 330, 100, 5, 10]||['s']
[320, 330, 330, 330, 100, 5, 10]||['s']
[316, 330, 330, 330, 100, 5, 10]||['s']
[311, 330, 330, 330, 100, 5, 10]||['s']
[306, 330, 330, 330, 100, 5, 10]||['s']
[302, 330, 330, 330, 100, 5, 10]||['s']
[297, 330, 330, 330, 100, 5, 10]||['s']
[292, 330, 330, 330, 100, 5, 10]||['s']
[287, 330, 330, 330, 100, 5, 10]||['s']
[283, 330, 330, 330, 100, 5, 10]||['s']
[278, 330, 330, 330, 100, 5, 10]||['s']
[273, 330, 330, 330, 100, 5, 10]||['s']
[269, 330, 330, 330, 100, 5, 10]||['s']
[264, 330, 330, 330, 100, 5, 10]||['s']
[260, 330, 330, 330, 100, 5, 10]||['s']
[255, 330, 330, 330, 100, 5, 10]||['s']
[250, 330, 330, 330, 100, 5, 10]||['s']
[246, 330, 330, 330, 100, 5, 10]||['s']
[241, 330, 330, 330, 100, 5, 10]||['s']
[237, 330, 330, 330, 100, 5, 10]||['s']
[232, 330, 330, 330, 100, 5, 10]||['s']
[228, 330, 330, 330, 100, 5, 10]||['s']
[223, 330, 330, 330, 100, 5, 10]||['s']
[219, 330, 330, 330, 100, 5, 10]||['s']
[214, 330, 330, 330, 100, 5, 10]||['s']
[210, 330, 330, 330, 100, 5, 10]||['s']
[205, 330, 330, 330, 100, 5, 10]||['s']
[201, 330, 330, 330, 100, 5, 10]||['s']
[197, 330, 330, 330, 100, 5, 10]||['s']
[192, 330, 330, 330, 100, 5, 10]||[]
[192, 330, 330, 330, 100, 5, 10]||['w']
[197, 330, 330, 330, 100, 5, 10]||['w']
[201, 330, 330, 330, 100, 5, 10]||['w']
[205, 330, 330, 330, 100, 5, 10]||['w']
[210, 330, 330, 330, 100, 5, 10]||['w']
[214, 330, 330, 330, 100, 5, 10]||['w']
[219, 330, 330, 330, 100, 5, 10]||['w']
[223, 330, 330, 330, 100, 5, 10]||['w']
[228, 330, 330, 330, 100, 5, 10]||['w']
[232, 330, 330, 330, 100, 5, 10]||['w']
[237, 330, 330, 330, 100, 5, 10]||['w']
[241, 330, 330, 330, 100, 5, 10]||['w']
[246, 330, 330, 330, 100, 5, 10]||['w']
[250, 330, 330, 330, 100, 5, 10]||['w']
[255, 330, 330, 330, 100, 5, 10]||['w']
[260, 330, 330, 330, 100, 5, 10]||['w']
[264, 330, 330, 330, 100, 5, 10]||['w']
[269, 330, 330, 330, 100, 5, 10]||['w']
[273, 330, 330, 330, 100, 5, 10]||['w']
[278, 330, 330, 330, 100, 5, 10]||['w']
[283, 330, 330, 330, 100, 5, 10]||['w']
[287, 330, 330, 330, 100, 5, 10]||['w']
[292, 330, 330, 330, 100, 5, 10]||['w']
[297, 330, 330, 330, 100, 5, 10]||[]
[297, 330, 330, 330, 100, 5, 10]||[]
[297, 330, 330, 330, 100, 5, 10]||['d']
[295, 330, 330, 330, 100, 5, 10]||['d']
[294, 330, 330, 330, 100, 5, 10]||['d']
[292, 330, 330, 330, 100, 5, 10]||['d']
[291, 330, 330, 330, 100, 5, 10]||['d']
[289, 330, 330, 330, 100, 5, 10]||['d']
[288, 330, 330, 330, 100, 5, 10]||['d']
[287, 330, 330, 330, 100, 5, 10]||['d']
[286, 330, 330, 330, 100, 5, 10]||['d']
[285, 330, 330, 330, 100, 5, 10]||['d']
[284, 330, 330, 330, 100, 5, 10]||[]
[284, 330, 330, 330, 100, 5, 10]||[]
[284, 330, 330, 330, 100, 5, 10]||['s']
[279, 330, 330, 330, 100, 5, 10]||['s']
[274, 330, 330, 330, 100, 5, 10]||['s']
[269, 330, 330, 330, 100, 5, 10]||['s']
[264, 330, 330, 330, 100, 5, 10]||['s']
[259, 330, 330, 330, 100, 5, 10]||['s']
[254, 330, 330, 330, 100, 5, 10]||['s']
[250, 330, 330, 330, 100, 5, 10]||['s']
[245, 330, 330, 330, 100, 5, 10]||['s']
[240, 330, 330, 330, 100, 5, 10]||['s']
[235, 330, 330, 330, 100, 5, 10]||['s']
[230, 330, 330, 330, 100, 5, 10]||['s']
[225, 330, 330, 330, 100, 5, 10]||['s']
[220, 330, 330, 330, 100, 5, 10]||['s']
[215, 330, 330, 330, 100, 5, 10]||['s']
[211, 330, 330, 330, 100, 5, 10]||['s']
[206, 330, 330, 330, 100, 5, 10]||['s']
[201, 330, 330, 330, 100, 5, 10]||['s']
[196, 330, 330, 330, 100, 5, 10]||['s']
[191, 330, 330, 330, 100, 5, 10]||['s']
[186, 330, 330, 330, 100, 5, 10]||['s']
[182, 330, 330, 330, 100, 5, 10]||['s']
[177, 330, 330, 330, 100, 5, 10]||['s']
[172, 330, 330, 330, 100, 5, 10]||['s']
[167, 330, 330, 330, 100, 5, 10]||['s']
[162, 330, 330, 330, 100, 5, 10]||['s']
[158, 330, 330, 330, 100, 5, 10]||['s']
[153, 330, 330, 330, 100, 5, 10]||['s']
[148, 330, 330, 330, 100, 5, 10]||['s']
[143, 330, 330, 330, 100, 5, 10]||['s']
[139, 330, 330, 330, 100, 5, 10]||['s']
[134, 330, 330, 330, 100, 5, 10]||['s']
[130, 330, 330, 330, 100, 5, 10]||['s']
[125, 330, 330, 330, 100, 5, 10]||['s']
[120, 330, 330, 330, 100, 5, 10]||['s']
[116, 330, 330, 330, 100, 5, 10]||['s']
[111, 330, 330, 330, 100, 5, 10]||['s']
[107, 330, 330, 330, 100, 5, 10]||['s']
[102, 330, 330, 330, 100, 5, 10]||['s']
[98, 330, 330, 330, 100, 5, 10]||['s']
[94, 330, 330, 330, 100, 5, 10]||['s']
[90, 330, 330, 330, 100, 5, 10]||['s']
[86, 330, 330, 330, 100, 5, 10]||['s']
[82, 330, 330, 330, 100, 5, 10]||['s']
[78, 330, 330, 330, 100, 5, 10]||['s']
[74, 330, 330, 330, 100, 5, 10]||['s']
[70, 330, 330, 330, 100, 5, 10]||['s']
[67, 330, 330, 330, 100, 5, 10]||['s']
[64, 330, 330, 330, 100, 5, 10]||['s']
[61, 330, 330, 330, 100, 5, 10]||['s']
[58, 330, 330, 330, 100, 5, 10]||['s']
[55, 330, 330, 330, 100, 5, 10]||['s']
[53, 330, 330, 330, 100, 5, 10]||['s']
[52, 330, 330, 330, 100, 5, 10]||['s']
[50, 330, 330, 330, 100, 5, 10]||['s']
[50, 330, 330, 330, 100, 5, 10]||[]
[50, 330, 330, 330, 100, 5, 10]||[]
[50, 330, 330, 330, 100, 5, 10]||[]
[50, 330, 330, 330, 100, 5, 10]||['d']
[45, 330, 330, 330, 100, 5, 10]||['d']
[40, 330, 330, 330, 100, 5, 10]||['d']
[35, 330, 330, 330, 100, 5, 10]||['d']
[30, 330, 330, 330, 100, 5, 10]||['d']
[30, 330, 330, 330, 100, 5, 10]||
