[325, 325, 325, 325, 100, 0, 0]||[]
[325, 325, 325, 325, 100, 0, 0]||[]
[325, 325, 325, 325, 100, 0, 0]||[]
[325, 325, 325, 325, 100, 0, 0]||[]
[325, 325, 325, 325, 100, 0, 0]||[]
[325, 325, 325, 325, 100, 0, 0]||[]
[325, 325, 325, 325, 100, 0, 0]||[]
[325, 325, 325, 325, 100, 0, 0]||[]
[325, 325, 325, 325, 100, 0, 0]||[]
[325, 325, 325, 325, 100, 0, 0]||[]
[325, 325, 325, 325, 100, 0, 0]||[]
[325, 325, 325, 325, 100, 0, 0]||[]
[325, 325, 325, 325, 100, 0, 0]||[]
[325, 325, 325, 325, 100, 0, 0]||[]
[325, 325, 325, 325, 100, 0, 0]||[]
[325, 325, 325, 325, 100, 0, 0]||[]
[325, 325, 325, 325, 100, 0, 0]||[]
[325, 325, 325, 325, 100, 0, 0]||[]
[325, 325, 325, 325, 100, 0, 0]||[]
[325, 325, 325, 325, 100, 0, 0]||[]
[325, 325, 325, 325, 100, 0, 0]||[]
[325, 325, 325, 325, 100, 0, 0]||[]
[325, 325, 325, 325, 100, 0, 0]||[]
[325, 325, 325, 325, 100, 0, 0]||[]
[325, 325, 325, 325, 100, 0, 0]||[]
[325, 325, 325, 325, 100, 0, 0]||[]
[325, 325, 325, 325, 100, 0, 0]||[]
[325, 325, 325, 325, 100, 0, 0]||[]
[325, 325, 325, 325, 100, 0, 0]||[]
[325, 325, 325, 325, 100, 0, 0]||[]
[325, 325, 325, 325, 100, 0, 0]||[]
[325, 325, 325, 325, 100, 0, 0]||[]
[325, 325, 325, 325, 100, 0, 0]||[]
[325, 325, 325, 325, 100, 0, 0]||[]
[325, 325, 325, 325, 100, 0, 0]||[]
[325, 325, 325, 325, 100, 0, 0]||['d']
[325, 325, 325, 325, 100, 0, 0]||['d']
[325, 325, 325, 325, 100, 0, 0]||['d']
[325, 325, 325, 325, 100, 0, 0]||['d']
[325, 325, 325, 325, 100, 0, 0]||['d']
[325, 325, 325, 325, 100, 0, 0]||['d']
[325, 325, 325, 325, 100, 0, 0]||['d']
[325, 325, 325, 325, 100, 0, 0]||['d']
[325, 325, 325, 325, 100, 0, 0]||['d']
[325, 325, 325, 325, 100, 0, 0]||['d']
[325, 325, 325, 325, 100, 0, 0]||['d']
[325, 325, 325, 325, 100, 0, 0]||['d']
[325, 325, 325, 325, 100, 0, 0]||['d']
[325, 325, 325, 325, 100, 0, 0]||['d']
[325, 325, 325, 325, 100, 0, 0]||['d']
[325, 325, 325, 325, 100, 0, 0]||['d']
[325, 325, 325, 325, 100, 0, 0]||['d']
[325, 325, 325, 325, 100, 0, 0]||['d']
[325, 325, 325, 325, 100, 0, 0]||['d']
[325, 325, 325, 325, 100, 0, 0]||['d']
[325, 325, 325, 325, 100, 0, 0]||['d']
[325, 325, 325, 325, 100, 0, 0]||['d']
[325, 325, 325, 325, 100, 0, 0]||['d']
[325, 325, 325, 325, 100, 0, 0]||['d']
[325, 325, 325, 325, 100, 0, 0]||['d']
[325, 325, 325, 325, 100, 0, 0]||['d']
[325, 325, 325, 325, 100, 0, 0]||['d']
[325, 325, 325, 325, 100, 0, 0]||['d']
[325, 325, 325, 325, 100, 0, 0]||['d']
[325, 325, 325, 325, 100, 0, 0]||['d']
[325, 325, 325, 325, 100, 0, 0]||['d']
[325, 325, 325, 325, 100, 0, 0]||['d']
[325, 325, 325, 325, 100, 0, 0]||['d']
[325, 325, 325, 325, 100, 0, 0]||['d']
[325, 325, 325, 325, 100, 0, 0]||['d']
[325, 325, 325, 325, 100, 0, 0]||['d']
[325, 325, 325, 325, 100, 0, 0]||['d']
[325, 325, 325, 325, 100, 0, 0]||['d']
[325, 325, 325, 325, 100, 0, 0]||['d']
[325, 325, 325, 325, 100, 0, 0]||['d']
[325, 325, 325, 325, 100, 0, 0]||['d']
[325, 325, 325, 325, 100, 0, 0]||['d']
[325, 325, 325, 325, 100, 0, 0]||['d']
[325, 325, 325, 325, 100, 0, 0]||['d']
[325, 325, 325, 325, 100, 0, 0]||['d']
[325, 325, 325, 325, 100, 0, 0]||['d']
[325, 325, 325, 325, 100, 0, 0]||['d']
[325, 325, 325, 325, 100, 0, 0]||['d']
[325, 325, 325, 325, 100, 0, 0]||['d']
[325, 325, 325, 325, 100, 0, 0]||['d']
[325, 325, 325, 325, 100, 0, 0]||['d']
[325, 325, 325, 325, 100, 0, 0]||['d']
[325, 325, 325, 325, 100, 0, 0]||['d']
[325, 325, 325, 325, 100, 0, 0]||['d']
[325, 325, 325, 325, 100, 0, 0]||['d']
[325, 325, 325, 325, 100, 0, 0]||['d']
[325, 325, 325, 325, 100, 0, 0]||['d']
[325, 325, 325, 325, 100, 0, 0]||['d']
[325, 325, 325, 325, 100, 0, 0]||['d']
[325, 325, 325, 325, 100, 0, 0]||['d']
[325, 325, 325, 325, 100, 0, 0]||['d']
[325, 325, 325, 325, 100, 0, 0]||['d']
[325, 325, 325, 325, 100, 0, 0]||['d']
[325, 325, 325, 325, 100, 0, 0]||['d']
[325, 325, 325, 325, 100, 0, 0]||['d']
[325, 325, 325, 325, 100, 0, 0]||['d']
[325, 325, 325, 315, 100, 0, 0]||['d']
[325, 325, 325, 310, 100, 0, 0]||['d']
[325, 325, 325, 305, 100, 0, 0]||['d']
[325, 325, 325, 300, 100, 0, 0]||['d']
[325, 325, 325, 295, 100, 0, 0]||['d']
[325, 325, 325, 290, 100, 0, 0]||['d']
[325, 325, 325, 285, 100, 0, 0]||['d']
[325, 325, 325, 280, 100, 0, 0]||['d']
[325, 324, 325, 275, 100, 0, 0]||['d']
[325, 320, 325, 270, 100, 0, 0]||['d']
[325, 316, 325, 265, 100, 0, 0]||['d']
[325, 312, 325, 260, 100, 0, 0]||['d']
[325, 308, 325, 255, 100, 0, 0]||['d']
[325, 304, 325, 250, 100, 0, 0]||['d']
[325, 300, 325, 245, 100, 0, 0]||['d']
[325, 296, 325, 240, 100, 0, 0]||['d']
[325, 292, 325, 235, 100, 0, 0]||['d']
[325, 288, 325, 230, 100, 0, 0]||['d']
[325, 284, 325, 225, 100, 0, 0]||['d']
[325, 280, 325, 220, 100, 0, 0]||['d']
[325, 276, 325, 215, 100, 0, 0]||['d']
[325, 272, 325, 210, 100, 0, 0]||['d']
[325, 269, 325, 205, 100, 0, 0]||['d']
[325, 265, 325, 200, 100, 0, 0]||['d']
[325, 261, 325, 195, 100, 0, 0]||['d']
[325, 258, 325, 190, 100, 0, 0]||['d']
[325, 254, 325, 185, 100, 0, 0]||['d']
[325, 251, 325, 180, 100, 0, 0]||['d']
[325, 247, 325, 175, 100, 0, 0]||['d']
[325, 244, 325, 170, 100, 0, 0]||['d']
[325, 240, 325, 165, 100, 0, 0]||['d']
[325, 237, 325, 160, 100, 0, 0]||['d']
[325, 234, 325, 155, 100, 0, 0]||['d']
[325, 231, 325, 150, 100, 0, 0]||['d']
[325, 228, 325, 145, 100, 0, 0]||['d']
[325, 225, 325, 140, 100, 0, 0]||['d']
[325, 222, 325, 135, 100, 0, 0]||['d']
[325, 219, 325, 130, 100, 0, 0]||['d']
[325, 216, 325, 125, 100, 0, 0]||['d']
[325, 213, 325, 120, 100, 0, 0]||['d']
[325, 210, 325, 115, 100, 0, 0]||['d']
[325, 208, 325, 110, 100, 0, 0]||['d']
[325, 205, 325, 105, 100, 0, 0]||['d']
[325, 203, 325, 100, 100, 0, 0]||['d']
[325, 201, 325, 95, 100, 0, 0]||['d']
[325, 199, 325, 90, 100, 0, 0]||['d']
[325, 195, 325, 85, 100, 0, 0]||['d']
[325, 192, 325, 80, 100, 0, 0]||['d']
[325, 189, 325, 75, 100, 0, 0]||['d']
[325, 186, 325, 70, 100, 0, 0]||['d']
[325, 184, 325, 65, 100, 0, 0]||['d']
[325, 181, 325, 60, 100, 0, 0]||['d']
[325, 179, 325, 55, 100, 0, 0]||['d']
[325, 177, 325, 50, 100, 0, 0]||['d']
[325, 174, 325, 45, 100, 0, 0]||['d']
[325, 172, 325, 40, 100, 0, 0]||['d']
[325, 170, 325, 35, 100, 0, 0]||['d']
[325, 169, 325, 30, 100, 0, 0]||['d']
[325, 167, 325, 325, 100, 0, 0]||['d']
[325, 166, 325, 325, 100, 0, 0]||['d']
[325, 165, 325, 325, 100, 0, 0]||['d']
[325, 164, 325, 325, 100, 0, 0]||['d', 's']
[325, 158, 325, 325, 100, 0, 0]||['s']
[325, 152, 325, 325, 100, 0, 0]||['s']
[325, 146, 325, 325, 100, 0, 0]||['s']
[325, 140, 325, 325, 100, 0, 0]||['s']
[325, 134, 325, 325, 100, 0, 0]||['s']
[325, 128, 325, 325, 100, 0, 0]||['s']
[325, 122, 325, 325, 100, 0, 0]||['s']
[325, 116, 325, 325, 100, 0, 0]||['s']
[325, 110, 325, 325, 100, 0, 0]||['s']
[325, 104, 325, 325, 100, 0, 0]||['s']
[325, 98, 325, 325, 100, 0, 0]||['s']
[325, 92, 325, 325, 100, 0, 0]||['s']
[325, 87, 325, 325, 100, 0, 0]||[]
[325, 86, 325, 325, 100, 0, 0]||[]
[325, 85, 325, 325, 100, 0, 0]||[]
[325, 84, 325, 325, 100, 0, 0]||[]
[325, 83, 325, 325, 100, 0, 0]||[]
[325, 82, 325, 325, 100, 0, 0]||[]
[325, 81, 325, 325, 100, 0, 0]||[]
[325, 80, 325, 325, 100, 0, 0]||[]
[325, 79, 325, 325, 100, 0, 0]||[]
[325, 78, 325, 325, 100, 0, 0]||[]
[325, 77, 325, 325, 100, 0, 0]||[]
[325, 76, 325, 325, 100, 0, 0]||[]
[325, 75, 325, 325, 100, 0, 0]||[]
[325, 74, 325, 325, 100, 0, 0]||[]
[325, 73, 325, 325, 100, 0, 0]||[]
[325, 72, 325, 325, 100, 0, 0]||[]
[325, 71, 325, 325, 100, 0, 0]||[]
[325, 70, 325, 325, 100, 0, 0]||[]
[325, 69, 325, 325, 100, 0, 0]||[]
[325, 68, 325, 325, 100, 0, 0]||[]
[325, 67, 325, 325, 100, 0, 0]||[]
[325, 66, 325, 325, 100, 0, 0]||[]
[325, 65, 325, 325, 100, 0, 0]||[]
[325, 64, 325, 325, 100, 0, 0]||[]
[325, 63, 325, 325, 100, 0, 0]||[]
[325, 62, 325, 325, 100, 0, 0]||[]
[325, 61, 325, 325, 100, 0, 0]||[]
[325, 60, 325, 325, 100, 0, 0]||[]
[325, 59, 325, 325, 100, 0, 0]||[]
[325, 58, 325, 325, 100, 0, 0]||[]
[325, 57, 325, 325, 100, 0, 0]||[]
[325, 56, 325, 325, 100, 0, 0]||[]
[325, 55, 325, 325, 100, 0, 0]||[]
[325, 54, 325, 325, 100, 0, 0]||[]
[325, 53, 325, 325, 100, 0, 0]||[]
[325, 52, 325, 325, 100, 0, 0]||[]
[325, 51, 325, 325, 100, 0, 0]||[]
[325, 50, 325, 325, 100, 0, 0]||[]
[325, 49, 325, 325, 100, 0, 0]||[]
[325, 48, 325, 325, 100, 0, 0]||[]
[325, 47, 325, 325, 100, 0, 0]||[]
[325, 46, 325, 325, 100, 0, 0]||[]
[325, 45, 325, 325, 100, 0, 0]||[]
[325, 63, 325, 325, 100, 0, 0]||[]
[325, 62, 325, 325, 100, 0, 0]||[]
[325, 61, 325, 325, 100, 0, 0]||[]
[325, 60, 325, 325, 100, 0, 0]||[]
[325, 59, 325, 325, 100, 0, 0]||[]
[325, 58, 325, 325, 100, 0, 0]||[]
[325, 57, 325, 325, 100, 0, 0]||[]
[325, 56, 325, 325, 100, 0, 0]||[]
[325, 55, 325, 325, 100, 0, 0]||[]
[325, 54, 325, 325, 100, 0, 0]||[]
[325, 53, 325, 325, 100, 0, 0]||[]
[325, 52, 325, 325, 100, 0, 0]||[]
[325, 51, 325, 325, 100, 0, 0]||[]
[325, 50, 325, 325, 100, 0, 0]||[]
[325, 49, 325, 325, 100, 0, 0]||[]
[325, 48, 325, 325, 100, 0, 0]||[]
[325, 47, 325, 325, 100, 0, 0]||[]
[325, 46, 325, 325, 100, 0, 0]||[]
[325, 45, 325, 325, 100, 0, 0]||[]
[325, 64, 325, 325, 100, 0, 0]||[]
[325, 63, 325, 325, 100, 0, 0]||[]
[325, 62, 325, 325, 100, 0, 0]||[]
[325, 61, 325, 325, 100, 0, 0]||[]
[325, 60, 325, 325, 100, 0, 0]||[]
[325, 59, 325, 325, 100, 0, 0]||[]
[325, 58, 325, 325, 100, 0, 0]||[]
[325, 57, 325, 325, 100, 0, 0]||[]
[325, 56, 325, 325, 100, 0, 0]||['d']
[325, 55, 325, 325, 100, 0, 0]||['d']
[325, 55, 325, 325, 100, 0, 0]||['d']
[325, 55, 325, 325, 100, 0, 0]||['d']
[325, 56, 325, 325, 100, 0, 0]||['d']
[325, 57, 325, 325, 100, 0, 0]||['d']
[325, 58, 325, 325, 100, 0, 0]||['d']
[325, 60, 325, 325, 100, 0, 0]||['d']
[325, 61, 325, 325, 100, 0, 0]||['d']
[325, 64, 325, 325, 100, 0, 0]||['d']
[325, 67, 325, 325, 100, 0, 0]||['d']
[325, 69, 325, 325, 100, 0, 0]||['d']
[325, 71, 325, 325, 100, 0, 0]||['d']
[325, 75, 325, 325, 100, 0, 0]||['d']
[325, 77, 325, 325, 100, 0, 0]||[]
[325, 77, 325, 325, 100, 0, 0]||[]
[325, 76, 325, 325, 100, 0, 0]||[]
[325, 74, 325, 325, 100, 0, 0]||['s']
[325, 71, 325, 325, 100, 0, 0]||['s']
[325, 67, 325, 325, 100, 0, 0]||['s']
[325, 64, 325, 325, 100, 0, 0]||['s']
[325, 62, 325, 325, 100, 0, 0]||['s']
[325, 59, 325, 325, 100, 0, 0]||['s']
[325, 57, 325, 325, 100, 0, 0]||['s']
[325, 56, 325, 325, 100, 0, 0]||['s']
[325, 55, 325, 325, 100, 0, 0]||['s']
[325, 54, 325, 325, 100, 0, 0]||['s']
[325, 53, 325, 325, 100, 0, 0]||['s']
[325, 53, 325, 325, 100, 0, 0]||['s']
[325, 54, 325, 325, 100, 0, 0]||['s']
[325, 55, 325, 325, 100, 0, 0]||['s']
[325, 56, 325, 325, 100, 0, 0]||['s']
[325, 58, 325, 325, 100, 0, 0]||['s']
[325, 59, 325, 325, 100, 0, 0]||['s']
[325, 62, 325, 325, 100, 0, 0]||['s']
[325, 64, 325, 325, 100, 0, 0]||['s']
[325, 67, 325, 325, 100, 0, 0]||['s']
[325, 69, 325, 325, 100, 0, 0]||['s']
[325, 72, 325, 325, 100, 0, 0]||['s']
[325, 75, 325, 325, 100, 0, 0]||['s']
[325, 78, 325, 325, 100, 0, 0]||['s']
[325, 81, 325, 325, 100, 0, 0]||['s']
[325, 85, 325, 325, 100, 0, 0]||['s']
[325, 89, 325, 325, 100, 0, 0]||['s']
[325, 92, 325, 325, 100, 0, 0]||['s']
[325, 95, 325, 325, 100, 0, 0]||['s']
[325, 99, 325, 325, 100, 0, 0]||['s']
[325, 102, 325, 325, 100, 0, 0]||['s', 'a']
[325, 104, 325, 325, 100, 0, 0]||['s', 'a']
[325, 107, 325, 325, 100, 0, 0]||['s', 'a']
[325, 109, 325, 325, 100, 0, 0]||['s', 'a']
[325, 112, 325, 325, 100, 0, 0]||['s', 'a']
[325, 115, 325, 325, 100, 0, 0]||['a']
[325, 114, 325, 325, 100, 0, 0]||['a']
[325, 113, 325, 325, 100, 0, 0]||['a']
[325, 112, 325, 325, 100, 0, 0]||['a']
[325, 111, 325, 325, 100, 0, 0]||['a']
[325, 110, 325, 325, 100, 0, 0]||['a']
[325, 110, 325, 325, 100, 0, 0]||['a']
[325, 110, 325, 325, 100, 0, 0]||['a']
[325, 110, 325, 325, 100, 0, 0]||['a']
[325, 110, 325, 325, 100, 0, 0]||['a']
[325, 110, 325, 325, 100, 0, 0]||['a']
[325, 111, 325, 325, 100, 0, 0]||['a']
[325, 112, 325, 325, 100, 0, 0]||['a']
[325, 113, 325, 325, 100, 0, 0]||['a']
[325, 114, 325, 325, 100, 0, 0]||['a']
[325, 115, 325, 325, 100, 0, 0]||['s']
[325, 119, 325, 325, 100, 0, 0]||['s']
[325, 123, 325, 325, 100, 0, 0]||['s']
[325, 126, 325, 325, 100, 0, 0]||['s']
[325, 129, 325, 325, 100, 0, 0]||['s']
[325, 133, 325, 325, 100, 0, 0]||['s']
[325, 136, 325, 325, 100, 0, 0]||['s']
[325, 140, 325, 325, 100, 0, 0]||['s']
[325, 143, 325, 325, 100, 0, 0]||['s']
[325, 147, 316, 325, 100, 0, 0]||['s']
[325, 150, 311, 325, 100, 0, 0]||['s']
[325, 154, 306, 325, 100, 0, 0]||['s']
[325, 158, 301, 325, 100, 0, 0]||['s']
[325, 161, 296, 325, 100, 0, 0]||['s']
[325, 165, 291, 325, 100, 0, 0]||['s', 'd']
[325, 162, 291, 325, 100, 0, 0]||['s', 'd']
[325, 165, 286, 325, 100, 0, 0]||['s', 'd']
[325, 168, 280, 325, 100, 0, 0]||['d']
[325, 165, 280, 325, 100, 0, 0]||['d']
[325, 164, 280, 325, 100, 0, 0]||['d']
[325, 162, 280, 325, 100, 0, 0]||['d']
[325, 160, 280, 325, 100, 0, 0]||['d']
[325, 159, 280, 325, 100, 0, 0]||['d']
[325, 158, 280, 325, 100, 0, 0]||['d']
[325, 157, 280, 325, 100, 0, 0]||['d']
[325, 156, 280, 325, 100, 0, 0]||['d']
[325, 155, 280, 325, 100, 0, 0]||['d']
[325, 154, 280, 325, 100, 0, 0]||['d']
[325, 153, 280, 325, 100, 0, 0]||['d', 's']
[325, 157, 275, 325, 100, 0, 0]||['s']
[325, 161, 270, 325, 100, 0, 0]||['s']
[325, 165, 265, 325, 100, 0, 0]||['s']
[325, 169, 260, 325, 100, 0, 0]||['s']
[325, 173, 255, 325, 100, 0, 0]||['s']
[325, 177, 250, 325, 100, 0, 0]||['s']
[325, 181, 245, 325, 100, 0, 0]||['s']
[325, 185, 240, 325, 100, 0, 0]||['s']
[325, 189, 235, 325, 100, 0, 0]||['s']
[325, 193, 230, 325, 100, 0, 0]||['s']
[325, 197, 225, 325, 100, 0, 0]||['s']
[325, 201, 220, 325, 100, 0, 0]||['s']
[325, 206, 215, 325, 100, 0, 0]||['s']
[325, 211, 210, 325, 100, 0, 0]||['s']
[325, 216, 205, 325, 100, 0, 0]||['s']
[325, 221, 200, 325, 100, 0, 0]||['s']
[325, 226, 195, 325, 100, 0, 0]||['s']
[325, 231, 190, 325, 100, 0, 0]||['s', 'a']
[325, 236, 185, 325, 100, 0, 0]||['s', 'a']
[325, 241, 180, 325, 100, 0, 0]||['s']
[325, 246, 175, 325, 100, 0, 0]||['s']
[325, 251, 170, 325, 100, 0, 0]||['s']
[325, 256, 165, 325, 100, 0, 0]||['s']
[325, 261, 160, 325, 100, 0, 0]||['s']
[325, 266, 155, 325, 100, 0, 0]||['s']
[325, 271, 150, 325, 100, 0, 0]||['s']
[325, 276, 145, 325, 100, 0, 0]||['s']
[325, 281, 140, 325, 100, 0, 0]||['s']
[325, 285, 135, 325, 100, 0, 0]||['s']
[325, 290, 130, 325, 100, 0, 0]||['s']
[325, 295, 125, 325, 100, 0, 0]||['s']
[325, 300, 120, 325, 100, 0, 0]||['s']
[325, 305, 115, 325, 100, 0, 0]||['s']
[325, 310, 110, 325, 100, 0, 0]||['s']
[325, 315, 105, 325, 100, 0, 0]||['s']
[325, 320, 100, 325, 100, 0, 0]||['s']
[325, 325, 95, 325, 100, 0, 0]||['s']
[325, 325, 90, 325, 100, 0, 0]||['s']
[325, 325, 85, 325, 100, 0, 0]||['s']
[325, 325, 80, 325, 100, 0, 0]||['s']
[325, 325, 75, 325, 100, 0, 0]||['s']
[325, 325, 70, 325, 100, 0, 0]||['s']
[325, 325, 65, 325, 100, 0, 0]||['s']
[325, 325, 60, 325, 100, 0, 0]||['s']
[325, 325, 55, 325, 100, 0, 0]||['s']
[325, 325, 50, 325, 100, 0, 0]||['s']
[325, 325, 45, 325, 100, 0, 0]||['s']
[325, 325, 40, 325, 100, 0, 0]||['s']
[325, 325, 35, 325, 100, 0, 0]||['s']
[325, 325, 30, 325, 100, 0, 0]||['s']
[325, 325, 325, 325, 100, 5, 0]||['s']
[325, 325, 325, 325, 100, 5, 0]||['s']
[325, 325, 325, 325, 100, 5, 0]||['s']
[325, 325, 325, 325, 100, 5, 0]||['s']
[325, 325, 325, 325, 100, 5, 0]||['s']
[325, 325, 325, 325, 100, 5, 0]||['s']
[325, 325, 325, 325, 100, 5, 0]||[]
[325, 325, 325, 325, 100, 5, 0]||[]
[325, 325, 325, 325, 100, 5, 0]||['w']
[325, 325, 325, 325, 100, 5, 0]||['w']
[325, 325, 325, 325, 100, 5, 0]||['w']
[325, 325, 325, 325, 100, 5, 0]||['w']
[325, 325, 325, 325, 100, 5, 0]||['w']
[325, 325, 325, 325, 100, 5, 0]||['w']
[325, 325, 325, 325, 100, 5, 0]||['w']
[325, 325, 325, 325, 100, 5, 0]||['w']
[325, 325, 325, 325, 100, 5, 0]||['w']
[325, 325, 325, 325, 100, 5, 0]||['w']
[325, 325, 325, 325, 100, 5, 0]||['w']
[325, 325, 325, 325, 100, 5, 0]||['w']
[325, 325, 325, 325, 100, 5, 0]||['w']
[325, 325, 325, 325, 100, 5, 0]||['w']
[325, 325, 325, 325, 100, 5, 0]||['w']
[325, 325, 325, 325, 100, 5, 0]||['w']
[325, 325, 325, 325, 100, 5, 0]||['w']
[325, 325, 325, 325, 100, 5, 0]||['w']
[325, 325, 325, 325, 100, 5, 0]||['w']
[325, 325, 325, 325, 100, 5, 0]||['w']
[325, 325, 325, 325, 100, 5, 0]||['w']
[325, 320, 325, 325, 100, 5, 0]||['w']
[325, 315, 325, 325, 100, 5, 0]||['w']
[325, 310, 325, 325, 100, 5, 0]||['w']
[325, 305, 325, 325, 100, 5, 0]||['w']
[325, 300, 325, 325, 100, 5, 0]||['w']
[325, 295, 325, 325, 100, 5, 0]||['w']
[325, 290, 325, 325, 100, 5, 0]||['w']
[325, 285, 325, 325, 100, 5, 0]||['w']
[325, 281, 325, 325, 100, 5, 0]||['w']
[325, 276, 325, 325, 100, 5, 0]||['w']
[325, 271, 325, 325, 100, 5, 0]||['w']
[325, 266, 325, 325, 100, 5, 0]||['w']
[325, 261, 325, 325, 100, 5, 0]||['w']
[325, 256, 325, 325, 100, 5, 0]||['w']
[325, 251, 325, 325, 100, 5, 0]||['w']
[325, 246, 325, 325, 100, 5, 0]||['w']
[325, 241, 325, 325, 100, 5, 0]||['w']
[325, 236, 325, 325, 100, 5, 0]||['w']
[325, 231, 325, 325, 100, 5, 0]||['w']
[325, 226, 325, 325, 100, 5, 0]||['w']
[325, 221, 325, 325, 100, 5, 0]||['w']
[325, 216, 325, 325, 100, 5, 0]||['w']
[325, 211, 325, 325, 100, 5, 0]||['w']
[325, 206, 325, 325, 100, 5, 0]||['w']
[325, 201, 325, 325, 100, 5, 0]||['w']
[325, 197, 325, 325, 100, 5, 0]||['w']
[325, 191, 325, 325, 100, 5, 0]||['w']
[325, 185, 325, 325, 100, 5, 0]||['w']
[325, 179, 325, 325, 100, 5, 0]||['w']
[325, 173, 325, 325, 100, 5, 0]||['w']
[325, 167, 325, 325, 100, 5, 0]||['w']
[325, 161, 325, 325, 100, 5, 0]||['w']
[325, 155, 325, 325, 100, 5, 0]||['w']
[325, 149, 325, 325, 100, 5, 0]||['w']
[325, 143, 325, 325, 100, 5, 0]||['w']
[325, 137, 325, 325, 100, 5, 0]||['w']
[325, 131, 325, 325, 100, 5, 0]||['w']
[325, 125, 325, 325, 100, 5, 0]||[]
[325, 125, 325, 325, 100, 5, 0]||['d']
[325, 123, 325, 325, 100, 5, 0]||['d']
[325, 122, 325, 325, 100, 5, 0]||['d']
[325, 121, 325, 325, 100, 5, 0]||['d']
[325, 120, 325, 325, 100, 5, 0]||['d']
[325, 119, 325, 325, 100, 5, 0]||['d']
[325, 118, 325, 325, 100, 5, 0]||['d']
[325, 117, 325, 325, 100, 5, 0]||['d']
[325, 116, 325, 325, 100, 5, 0]||['d']
[325, 115, 325, 325, 100, 5, 0]||['d']
[325, 114, 325, 325, 100, 5, 0]||['d']
[325, 113, 325, 325, 100, 5, 0]||['d']
[325, 112, 325, 325, 100, 5, 0]||['d']
[325, 111, 325, 325, 100, 5, 0]||['d']
[325, 110, 325, 325, 100, 5, 0]||['d']
[325, 109, 325, 325, 100, 5, 0]||['d']
[325, 108, 325, 325, 100, 5, 0]||['d']
[325, 107, 325, 325, 100, 5, 0]||['d']
[325, 106, 325, 325, 100, 5, 0]||['d']
[325, 105, 325, 325, 100, 5, 0]||['d']
[325, 104, 325, 325, 100, 5, 0]||['d']
[325, 103, 325, 325, 100, 5, 0]||[]
[325, 102, 325, 325, 100, 5, 0]||['w']
[325, 96, 325, 325, 100, 5, 0]||['w']
[325, 90, 325, 325, 100, 5, 0]||['w']
[325, 84, 325, 325, 100, 5, 0]||['w']
[325, 78, 325, 325, 100, 5, 0]||['w']
[325, 72, 325, 325, 100, 5, 0]||['w']
[325, 66, 325, 325, 100, 5, 0]||['w']
[325, 60, 325, 325, 100, 5, 0]||['w', 'd']
[325, 54, 325, 325, 100, 5, 0]||['w']
[325, 48, 325, 325, 100, 5, 0]||['w']
[325, 50, 325, 325, 95, 5, 0]||['w']
[325, 51, 325, 325, 90, 5, 0]||['w']
[325, 52, 325, 325, 85, 5, 0]||['w']
[325, 53, 325, 325, 80, 5, 0]||['w']
[325, 47, 325, 325, 80, 5, 0]||['w']
[325, 48, 325, 325, 75, 5, 0]||['w', 'd']
[325, 49, 325, 325, 70, 5, 0]||['w', 'd']
[325, 50, 325, 325, 65, 5, 0]||['w', 'd']
[325, 53, 325, 325, 60, 5, 0]||['w', 'd']
[325, 56, 325, 325, 55, 5, 0]||['d']
[325, 58, 325, 325, 55, 5, 0]||['d']
[325, 59, 325, 325, 55, 5, 0]||['d']
[325, 61, 325, 325, 55, 5, 0]||['d']
[325, 63, 325, 325, 55, 5, 0]||['d']
[325, 65, 325, 325, 55, 5, 0]||['d']
[325, 68, 325, 325, 55, 5, 0]||['d']
[325, 70, 325, 325, 55, 5, 0]||['d']
[325, 73, 325, 325, 55, 5, 0]||['d']
[325, 76, 325, 325, 55, 5, 0]||['d']
[325, 79, 325, 325, 55, 5, 0]||['d']
[325, 82, 325, 325, 55, 5, 0]||['d']
[325, 86, 325, 325, 55, 5, 0]||['d']
[325, 89, 325, 325, 55, 5, 0]||['d']
[325, 93, 325, 325, 55, 5, 0]||['d']
[325, 96, 325, 325, 55, 5, 0]||['d', 'w']
[325, 97, 325, 325, 55, 5, 0]||['d', 'w']
[325, 99, 325, 325, 55, 5, 0]||['d', 'w']
[325, 102, 325, 325, 55, 5, 0]||['d', 'w']
[325, 105, 325, 325, 55, 5, 0]||['d', 'w']
[325, 103, 325, 325, 55, 5, 0]||['w']
[325, 101, 325, 325, 55, 5, 0]||['w']
[325, 100, 325, 325, 55, 5, 0]||['w']
[325, 99, 325, 325, 55, 5, 0]||['w']
[325, 98, 325, 325, 55, 5, 0]||['w']
[325, 97, 325, 325, 55, 5, 0]||['w']
[325, 97, 325, 325, 55, 5, 0]||['w']
[325, 96, 325, 325, 55, 5, 0]||['w']
[325, 97, 325, 325, 55, 5, 0]||['w']
[325, 97, 325, 325, 55, 5, 0]||['w']
[325, 97, 325, 325, 55, 5, 0]||['w']
[325, 98, 325, 325, 55, 5, 0]||['w']
[325, 99, 325, 325, 55, 5, 0]||['w']
[325, 100, 325, 325, 55, 5, 0]||['w']
[325, 101, 325, 325, 55, 5, 0]||['w']
[325, 104, 325, 325, 55, 5, 0]||['w']
[325, 105, 325, 325, 55, 5, 0]||['w']
[325, 107, 325, 325, 55, 5, 0]||['w']
[325, 109, 325, 325, 55, 5, 0]||['w']
[325, 111, 325, 325, 55, 5, 0]||['w']
[325, 114, 325, 325, 55, 5, 0]||['w']
[325, 116, 325, 325, 55, 5, 0]||['w']
[325, 118, 325, 325, 55, 5, 0]||['w']
[325, 121, 325, 325, 55, 5, 0]||['w']
[325, 124, 325, 325, 55, 5, 0]||['w']
[325, 127, 325, 325, 55, 5, 0]||['w']
[325, 130, 325, 325, 55, 5, 0]||['w']
[325, 133, 325, 325, 55, 5, 0]||['w']
[325, 135, 325, 325, 55, 5, 0]||['w']
[325, 138, 325, 325, 55, 5, 0]||['w']
[325, 142, 325, 325, 55, 5, 0]||['w']
[325, 145, 325, 325, 55, 5, 0]||['w']
[325, 148, 325, 325, 55, 5, 0]||['w']
[325, 152, 325, 325, 55, 5, 0]||['w']
[325, 155, 325, 325, 55, 5, 0]||['w']
[325, 158, 325, 325, 55, 5, 0]||['w']
[325, 161, 325, 325, 55, 5, 0]||['d']
[325, 163, 325, 325, 55, 5, 0]||['d']
[325, 164, 325, 325, 55, 5, 0]||['d']
[325, 167, 325, 325, 55, 5, 0]||['d']
[325, 168, 325, 325, 55, 5, 0]||['d']
[325, 170, 325, 325, 55, 5, 0]||['d']
[325, 171, 325, 325, 55, 5, 0]||['d']
[325, 173, 325, 325, 55, 5, 0]||['d']
[325, 175, 325, 325, 55, 5, 0]||['d']
[325, 178, 325, 325, 55, 5, 0]||['d']
[325, 180, 325, 325, 55, 5, 0]||['d']
[325, 182, 325, 325, 55, 5, 0]||['d']
[325, 184, 325, 325, 55, 5, 0]||['d']
[325, 187, 325, 325, 55, 5, 0]||['d']
[325, 190, 325, 325, 55, 5, 0]||['d']
[325, 192, 325, 325, 55, 5, 0]||['d']
[325, 195, 325, 325, 55, 5, 0]||['d']
[325, 197, 325, 325, 55, 5, 0]||['d']
[325, 200, 325, 325, 55, 5, 0]||['d']
[325, 204, 325, 325, 55, 5, 0]||['d']
[325, 208, 325, 325, 55, 5, 0]||['d']
[325, 212, 325, 325, 55, 5, 0]||['d']
[325, 216, 325, 325, 55, 5, 0]||['d']
[325, 220, 325, 325, 55, 5, 0]||['d']
[325, 224, 325, 325, 55, 5, 0]||['d']
[325, 228, 325, 325, 55, 5, 0]||['d']
[325, 232, 325, 325, 55, 5, 0]||['d']
[325, 236, 325, 325, 55, 5, 0]||['d']
[325, 241, 325, 325, 55, 5, 0]||['d']
[325, 245, 325, 325, 55, 5, 0]||['d']
[325, 249, 325, 325, 55, 5, 0]||['d']
[325, 253, 325, 325, 55, 5, 0]||['d']
[325, 258, 325, 325, 55, 5, 0]||['d']
[325, 262, 325, 325, 55, 5, 0]||['d']
[325, 266, 325, 325, 55, 5, 0]||['d']
[325, 271, 325, 325, 55, 5, 0]||['d']
[325, 275, 325, 325, 55, 5, 0]||['d']
[325, 280, 325, 325, 55, 5, 0]||['d']
[325, 284, 325, 325, 55, 5, 0]||['d']
[325, 288, 325, 325, 55, 5, 0]||['d']
[325, 293, 325, 325, 55, 5, 0]||['d']
[325, 297, 325, 325, 55, 5, 0]||['d']
[325, 302, 325, 325, 55, 5, 0]||['d']
[325, 306, 325, 325, 55, 5, 0]||['d']
[325, 311, 325, 325, 55, 5, 0]||['d']
[325, 315, 325, 325, 55, 5, 0]||['d']
[325, 319, 325, 325, 55, 5, 0]||['d']
[325, 324, 325, 325, 55, 5, 0]||['d']
[325, 325, 325, 325, 55, 5, 0]||['d']
[325, 325, 325, 325, 55, 5, 0]||['d']
[325, 325, 325, 325, 55, 5, 0]||['d']
[325, 325, 325, 325, 55, 5, 0]||['d']
[325, 325, 325, 325, 55, 5, 0]||['d']
[325, 325, 325, 325, 55, 5, 0]||['d']
[325, 325, 325, 325, 55, 5, 0]||['d']
[325, 325, 325, 325, 55, 5, 0]||['d']
[325, 325, 325, 325, 55, 5, 0]||['d']
[325, 325, 325, 325, 55, 5, 0]||['d']
[325, 325, 325, 325, 55, 5, 0]||['d']
[325, 325, 325, 325, 55, 5, 0]||['d']
[325, 325, 325, 325, 55, 5, 0]||['d']
[325, 325, 325, 325, 55, 5, 0]||['d']
[325, 325, 325, 325, 55, 5, 0]||['d']
[325, 325, 325, 325, 55, 5, 0]||['d']
[325, 325, 325, 325, 55, 5, 0]||['d']
[325, 325, 325, 325, 55, 5, 0]||['d']
[325, 325, 325, 325, 55, 5, 0]||['d']
[325, 325, 325, 325, 55, 5, 0]||['d']
[325, 325, 325, 325, 55, 5, 0]||['d']
[325, 325, 325, 325, 55, 5, 0]||['d']
[325, 325, 325, 325, 55, 5, 0]||['d']
[325, 325, 325, 325, 55, 5, 0]||['d']
[325, 325, 325, 325, 55, 5, 0]||['d']
[325, 325, 325, 325, 55, 5, 0]||['d']
[325, 325, 325, 325, 55, 5, 0]||['d']
[325, 325, 325, 325, 55, 5, 0]||['d']
[325, 325, 325, 325, 55, 5, 0]||['d']
[325, 325, 325, 325, 55, 5, 0]||['d']
[325, 325, 325, 325, 55, 5, 0]||['d']
[325, 325, 325, 325, 55, 5, 0]||['d']
[325, 325, 325, 325, 55, 5, 0]||['d']
[325, 325, 325, 325, 55, 5, 0]||['d']
[325, 325, 325, 325, 55, 5, 0]||['d']
[325, 325, 325, 325, 55, 5, 0]||['d']
[325, 325, 325, 325, 55, 5, 0]||['d']
[325, 325, 325, 325, 55, 5, 0]||['d']
[325, 325, 325, 325, 55, 5, 0]||['d']
[325, 325, 325, 325, 55, 5, 0]||['d']
[325, 325, 325, 325, 55, 5, 0]||['d']
[325, 325, 325, 325, 55, 5, 0]||['d']
[325, 325, 325, 325, 55, 5, 0]||['d']
[325, 325, 325, 325, 55, 5, 0]||['d']
[325, 325, 325, 325, 55, 5, 0]||['d']
[325, 325, 325, 325, 55, 5, 0]||['d']
[325, 325, 325, 325, 55, 5, 0]||['d']
[325, 325, 325, 325, 55, 5, 0]||['d']
[325, 325, 325, 325, 55, 5, 0]||['d']
[325, 325, 325, 325, 55, 5, 0]||['d']
[325, 325, 325, 325, 55, 5, 0]||['d']
[325, 325, 325, 325, 55, 5, 0]||['d']
[325, 325, 325, 325, 55, 5, 0]||['d']
[325, 325, 325, 325, 55, 5, 0]||['d']
[325, 325, 325, 325, 55, 5, 0]||['d']
[325, 325, 325, 325, 55, 5, 0]||['d']
[325, 325, 325, 325, 55, 5, 0]||['d']
[325, 325, 325, 325, 55, 5, 0]||['d']
[325, 325, 325, 325, 55, 5, 0]||['d']
[325, 325, 325, 325, 55, 5, 0]||['d']
[325, 325, 325, 325, 55, 5, 0]||['d']
[325, 325, 325, 325, 55, 5, 0]||['d']
[325, 325, 325, 325, 55, 5, 0]||['d']
[325, 325, 325, 325, 55, 5, 0]||['d']
[325, 325, 325, 325, 55, 5, 0]||['d']
[325, 325, 325, 325, 55, 5, 0]||['d']
[325, 325, 325, 325, 55, 5, 0]||['d']
[325, 325, 325, 325, 55, 5, 0]||['d']
[325, 325, 325, 325, 55, 5, 0]||['d']
[325, 325, 325, 325, 55, 5, 0]||['d']
[325, 325, 325, 325, 55, 5, 0]||['d']
[325, 325, 325, 325, 55, 5, 0]||['d']
[325, 325, 325, 325, 55, 5, 0]||['d']
[325, 325, 325, 325, 55, 5, 0]||['d']
[325, 325, 325, 325, 55, 5, 0]||['d']
[325, 325, 325, 325, 55, 5, 0]||['d']
[325, 325, 325, 325, 55, 5, 0]||['d']
[325, 325, 325, 325, 55, 5, 0]||['d']
[325, 325, 325, 325, 55, 5, 0]||['d']
[325, 325, 325, 325, 55, 5, 0]||['d']
[325, 325, 325, 325, 55, 5, 0]||['d']
[325, 325, 325, 325, 55, 5, 0]||['d']
[325, 325, 325, 325, 55, 5, 0]||['d']
[325, 325, 325, 325, 55, 5, 0]||['d']
[325, 325, 325, 325, 55, 5, 0]||['d']
[325, 325, 325, 325, 55, 5, 0]||['d']
[325, 325, 325, 325, 55, 5, 0]||['d']
[325, 325, 325, 325, 55, 5, 0]||['d']
[325, 325, 325, 325, 55, 5, 0]||['d']
[325, 325, 325, 325, 55, 5, 0]||['d']
[325, 325, 325, 325, 55, 5, 0]||['d']
[325, 325, 325, 325, 55, 5, 0]||['d']
[325, 325, 325, 325, 55, 5, 0]||['d']
[325, 325, 325, 325, 55, 5, 0]||['d']
[325, 325, 325, 325, 55, 5, 0]||['d']
[325, 325, 325, 325, 55, 5, 0]||['d']
[325, 325, 325, 325, 55, 5, 0]||['d']
[325, 325, 325, 325, 55, 5, 0]||['d']
[325, 325, 325, 325, 55, 5, 0]||['d']
[325, 325, 325, 325, 55, 5, 0]||['d']
[325, 325, 325, 325, 55, 5, 0]||['d']
[325, 325, 325, 325, 55, 5, 0]||['d']
[325, 325, 325, 325, 55, 5, 0]||['d']
[325, 325, 325, 325, 55, 5, 0]||['d']
[325, 325, 325, 325, 55, 5, 0]||['d']
[325, 325, 325, 325, 55, 5, 0]||['d']
[325, 325, 325, 325, 55, 5, 0]||['d']
[325, 325, 325, 325, 55, 5, 0]||['d']
[325, 325, 325, 325, 55, 5, 0]||['d']
[325, 325, 325, 325, 55, 5, 0]||['d']
[325, 325, 325, 325, 55, 5, 0]||['d']
[325, 325, 325, 325, 55, 5, 0]||['d']
[325, 325, 314, 325, 55, 5, 0]||['d']
[325, 325, 309, 325, 55, 5, 0]||['d']
[325, 325, 304, 325, 55, 5, 0]||['d']
[325, 325, 299, 325, 55, 5, 0]||['d']
[325, 325, 294, 325, 55, 5, 0]||['d']
[325, 325, 289, 325, 55, 5, 0]||['d']
[325, 325, 284, 325, 55, 5, 0]||['d']
[325, 325, 279, 325, 55, 5, 0]||['d']
[325, 325, 274, 325, 55, 5, 0]||['d']
[325, 325, 269, 325, 55, 5, 0]||['d']
[325, 325, 264, 325, 55, 5, 0]||['d']
[325, 325, 259, 325, 55, 5, 0]||['d']
[325, 325, 254, 325, 55, 5, 0]||['d']
[325, 325, 249, 325, 55, 5, 0]||['d']
[325, 325, 244, 325, 55, 5, 0]||['d']
[325, 325, 239, 325, 55, 5, 0]||['d']
[325, 325, 234, 325, 55, 5, 0]||['d']
[325, 325, 229, 325, 55, 5, 0]||['d']
[325, 325, 224, 325, 55, 5, 0]||['d']
[325, 325, 219, 325, 55, 5, 0]||['d']
[325, 325, 214, 325, 55, 5, 0]||['d']
[325, 325, 209, 325, 55, 5, 0]||['d']
[325, 325, 204, 325, 55, 5, 0]||['d']
[325, 325, 199, 325, 55, 5, 0]||['d']
[325, 325, 194, 325, 55, 5, 0]||['d']
[325, 325, 189, 325, 55, 5, 0]||['d']
[325, 325, 184, 325, 55, 5, 0]||['d']
[325, 325, 179, 325, 55, 5, 0]||['d']
[325, 325, 174, 325, 55, 5, 0]||['d']
[325, 325, 169, 325, 55, 5, 0]||['d']
[325, 325, 164, 325, 55, 5, 0]||['d']
[325, 325, 159, 325, 55, 5, 0]||['d']
[325, 325, 154, 325, 55, 5, 0]||['d']
[325, 325, 149, 325, 55, 5, 0]||['d']
[325, 325, 144, 325, 55, 5, 0]||['d']
[325, 325, 139, 325, 55, 5, 0]||['d']
[325, 325, 134, 325, 55, 5, 0]||['d']
[325, 325, 129, 325, 55, 5, 0]||['d']
[325, 325, 124, 325, 55, 5, 0]||['d']
[325, 325, 119, 325, 55, 5, 0]||['d']
[325, 325, 114, 325, 55, 5, 0]||['d']
[325, 325, 110, 325, 55, 5, 0]||['d']
[325, 325, 105, 325, 55, 5, 0]||['d']
[325, 325, 100, 325, 55, 5, 0]||['d']
[325, 325, 95, 325, 55, 5, 0]||['d']
[325, 325, 90, 325, 55, 5, 0]||['d']
[325, 325, 85, 325, 55, 5, 0]||['d']
[325, 325, 80, 325, 55, 5, 0]||['d']
[325, 325, 75, 325, 55, 5, 0]||['d']
[325, 325, 70, 325, 55, 5, 0]||['d']
[325, 325, 65, 325, 55, 5, 0]||['d']
[325, 325, 60, 325, 55, 5, 0]||['d']
[325, 325, 56, 325, 55, 5, 0]||['d']
[325, 325, 51, 325, 55, 5, 0]||['d']
[325, 325, 46, 325, 55, 5, 0]||['d']
[325, 325, 41, 325, 55, 5, 0]||['d']
[325, 325, 37, 325, 55, 5, 0]||['d']
[325, 325, 325, 325, 55, 10, 0]||['d']
[325, 325, 325, 325, 55, 10, 0]||['d']
[325, 325, 325, 325, 55, 10, 0]||['d']
[325, 325, 325, 325, 55, 10, 0]||['d']
[325, 325, 325, 325, 55, 10, 0]||['d']
[325, 325, 325, 325, 55, 10, 0]||['d']
[325, 325, 325, 325, 55, 10, 0]||['d']
[325, 325, 325, 325, 55, 10, 0]||['d']
[325, 325, 325, 325, 55, 10, 0]||['d']
[325, 325, 325, 325, 55, 10, 0]||['d', 's']
[325, 325, 325, 325, 55, 10, 0]||['d', 's']
[325, 325, 325, 325, 55, 10, 0]||['s']
[325, 325, 325, 325, 55, 10, 0]||['s']
[325, 325, 325, 325, 55, 10, 0]||['s']
[325, 325, 325, 325, 55, 10, 0]||['s']
[325, 325, 325, 325, 55, 10, 0]||['s']
[325, 325, 325, 325, 55, 10, 0]||['s']
[325, 325, 325, 325, 55, 10, 0]||['s']
[325, 325, 325, 325, 55, 10, 0]||['s']
[325, 325, 325, 325, 55, 10, 0]||['s']
[325, 325, 325, 325, 55, 10, 0]||['s']
[325, 325, 325, 325, 55, 10, 0]||['s']
[325, 325, 325, 325, 55, 10, 0]||['s']
[325, 325, 325, 325, 55, 10, 0]||['s']
[325, 325, 325, 325, 55, 10, 0]||['s']
[325, 325, 325, 325, 55, 10, 0]||['s']
[325, 325, 325, 325, 55, 10, 0]||['s', 'd']
[325, 325, 325, 325, 55, 10, 0]||['s', 'd']
[325, 325, 325, 325, 55, 10, 0]||['s', 'd']
[325, 325, 325, 325, 55, 10, 0]||['s', 'd']
[325, 325, 325, 325, 55, 10, 0]||['d']
[325, 325, 325, 325, 55, 10, 0]||['d']
[325, 325, 325, 325, 55, 10, 0]||['d']
[325, 325, 325, 325, 55, 10, 0]||['d']
[325, 325, 325, 325, 55, 10, 0]||['d']
[325, 325, 325, 325, 55, 10, 0]||['d']
[325, 325, 325, 325, 55, 10, 0]||['d']
[325, 325, 325, 325, 55, 10, 0]||['d']
[325, 325, 325, 325, 55, 10, 0]||['d']
[325, 325, 325, 325, 55, 10, 0]||['d']
[325, 325, 325, 325, 55, 10, 0]||['d']
[325, 325, 325, 325, 55, 10, 0]||['d', 's']
[325, 325, 325, 325, 55, 10, 0]||['s']
[325, 325, 325, 325, 55, 10, 0]||['s']
[325, 325, 325, 325, 55, 10, 0]||['s']
[325, 325, 325, 325, 55, 10, 0]||['s']
[325, 325, 325, 325, 55, 10, 0]||['s']
[325, 325, 325, 325, 55, 10, 0]||['s']
[325, 325, 325, 325, 55, 10, 0]||['s']
[325, 325, 325, 325, 55, 10, 0]||['s']
[325, 325, 325, 325, 55, 10, 0]||['s']
[325, 325, 325, 325, 55, 10, 0]||['s']
[325, 325, 325, 325, 55, 10, 0]||['s']
[325, 325, 325, 325, 55, 10, 0]||['s']
[325, 325, 325, 325, 55, 10, 0]||['s']
[325, 325, 325, 325, 55, 10, 0]||['s']
[325, 325, 325, 325, 55, 10, 0]||['s']
[325, 325, 325, 325, 55, 10, 0]||['s']
[325, 325, 325, 325, 55, 10, 0]||['s']
[325, 325, 325, 325, 55, 10, 0]||['s']
[325, 325, 325, 325, 55, 10, 0]||['s']
[325, 325, 325, 325, 55, 10, 0]||['s']
[325, 325, 325, 325, 55, 10, 0]||['s']
[325, 325, 325, 325, 55, 10, 0]||['s']
[325, 325, 325, 325, 55, 10, 0]||['s']
[325, 325, 325, 325, 55, 10, 0]||['s']
[325, 325, 325, 325, 55, 10, 0]||['s']
[325, 325, 325, 325, 55, 10, 0]||['s']
[325, 325, 325, 325, 55, 10, 0]||['s']
[325, 325, 325, 325, 55, 10, 0]||['s']
[325, 325, 325, 325, 55, 10, 0]||['s']
[325, 325, 325, 325, 55, 10, 0]||['s']
[325, 325, 325, 325, 55, 10, 0]||['s']
[325, 325, 325, 325, 55, 10, 0]||['s']
[325, 325, 325, 325, 55, 10, 0]||['s']
[325, 325, 325, 325, 55, 10, 0]||['s']
[325, 325, 325, 325, 55, 10, 0]||['s', 'a']
[325, 325, 325, 325, 55, 10, 0]||['s', 'a']
[325, 325, 325, 325, 55, 10, 0]||['s', 'a']
[325, 325, 325, 325, 55, 10, 0]||['a']
[325, 325, 325, 325, 55, 10, 0]||['a']
[325, 325, 325, 325, 55, 10, 0]||['a']
[325, 325, 325, 325, 55, 10, 0]||['a']
[325, 325, 325, 325, 55, 10, 0]||['a']
[325, 325, 325, 325, 55, 10, 0]||['a']
[325, 325, 325, 325, 55, 10, 0]||['a']
[325, 325, 325, 325, 55, 10, 0]||['a']
[325, 325, 325, 325, 55, 10, 0]||['a']
[325, 325, 325, 325, 55, 10, 0]||['a']
[325, 325, 325, 325, 55, 10, 0]||['a']
[325, 325, 325, 325, 55, 10, 0]||['a']
[325, 325, 325, 325, 55, 10, 0]||['a']
[325, 325, 325, 325, 55, 10, 0]||['a']
[325, 325, 325, 325, 55, 10, 0]||['a']
[325, 325, 325, 325, 55, 10, 0]||['a']
[325, 325, 325, 325, 55, 10, 0]||[]
[325, 325, 325, 325, 55, 10, 0]||['s']
[325, 325, 325, 325, 55, 10, 0]||['s']
[325, 325, 325, 325, 55, 10, 0]||['s']
[325, 325, 325, 325, 55, 10, 0]||['s']
[325, 325, 325, 325, 55, 10, 0]||['s']
[325, 325, 325, 325, 55, 10, 0]||['s']
[325, 325, 325, 325, 55, 10, 0]||['s']
[325, 325, 325, 325, 55, 10, 0]||['s', 'a']
[325, 325, 325, 325, 55, 10, 0]||['s', 'a']
[325, 325, 325, 325, 55, 10, 0]||['s']
[325, 325, 325, 325, 55, 10, 0]||['s']
[325, 325, 325, 325, 55, 10, 0]||['s']
[325, 325, 325, 325, 55, 10, 0]||['s']
[325, 325, 325, 325, 55, 10, 0]||['s']
[325, 325, 325, 325, 55, 10, 0]||['s']
[325, 325, 325, 325, 55, 10, 0]||['s', 'a']
[325, 325, 325, 325, 55, 10, 0]||['s', 'a']
[325, 325, 325, 325, 55, 10, 0]||['s', 'a']
[325, 325, 325, 325, 55, 10, 0]||['a']
[325, 325, 325, 325, 55, 10, 0]||['a']
[325, 325, 325, 325, 55, 10, 0]||['a']
[325, 325, 325, 325, 55, 10, 0]||['a']
[325, 325, 325, 325, 55, 10, 0]||['a']
[325, 325, 325, 325, 55, 10, 0]||['a']
[325, 325, 325, 325, 55, 10, 0]||['a']
[325, 325, 325, 325, 55, 10, 0]||['a']
[325, 325, 325, 325, 55, 10, 0]||['a']
[325, 325, 325, 325, 55, 10, 0]||['a']
[325, 325, 325, 325, 55, 10, 0]||['a']
[325, 325, 325, 325, 55, 10, 0]||['a']
[325, 325, 325, 325, 55, 10, 0]||['a']
[325, 325, 325, 325, 55, 10, 0]||['a']
[325, 325, 325, 325, 55, 10, 0]||['a']
[325, 325, 325, 325, 55, 10, 0]||['a']
[325, 325, 325, 325, 55, 10, 0]||['a']
[325, 325, 325, 325, 55, 10, 0]||['a']
[325, 325, 325, 325, 55, 10, 0]||['a']
[325, 325, 325, 325, 55, 10, 0]||['a']
[325, 325, 325, 325, 55, 10, 0]||['a']
[325, 325, 325, 325, 55, 10, 0]||['a']
[325, 325, 325, 325, 55, 10, 0]||['a']
[325, 325, 325, 325, 55, 10, 0]||['a']
[325, 325, 325, 325, 55, 10, 0]||['a']
[325, 325, 325, 325, 55, 10, 0]||['a']
[325, 325, 325, 325, 55, 10, 0]||['a']
[325, 325, 325, 325, 55, 10, 0]||['a']
[325, 325, 325, 325, 55, 10, 0]||['a']
[325, 325, 325, 325, 55, 10, 0]||['a']
[325, 325, 325, 325, 55, 10, 0]||['a']
[325, 325, 325, 325, 55, 10, 0]||['a']
[325, 325, 325, 325, 55, 10, 0]||['a']
[325, 325, 325, 325, 55, 10, 0]||['a']
[325, 325, 325, 325, 55, 10, 0]||['a']
[325, 325, 325, 325, 55, 10, 0]||['a']
[325, 325, 325, 325, 55, 10, 0]||['a']
[325, 325, 325, 325, 55, 10, 0]||['a']
[325, 325, 325, 325, 55, 10, 0]||['a']
[325, 325, 325, 325, 55, 10, 0]||['a']
[325, 325, 325, 325, 55, 10, 0]||['a']
[325, 325, 325, 325, 55, 10, 0]||['a']
[325, 325, 325, 325, 55, 10, 0]||['a']
[325, 325, 325, 325, 55, 10, 0]||['a']
[325, 325, 325, 325, 55, 10, 0]||['a']
[325, 325, 325, 325, 55, 10, 0]||['a']
[325, 325, 325, 325, 55, 10, 0]||['a']
[325, 325, 325, 325, 55, 10, 0]||['a']
[325, 325, 325, 325, 55, 10, 0]||['a']
[325, 325, 325, 325, 55, 10, 0]||['a']
[325, 325, 325, 325, 55, 10, 0]||['a']
[325, 325, 325, 325, 55, 10, 0]||['a']
[325, 325, 325, 325, 55, 10, 0]||['a']
[325, 325, 325, 325, 55, 10, 0]||['a']
[325, 325, 325, 325, 55, 10, 0]||['a']
[325, 325, 325, 325, 55, 10, 0]||['a']
[325, 325, 325, 325, 55, 10, 0]||['a']
[325, 325, 325, 325, 55, 10, 0]||['a']
[325, 325, 325, 325, 55, 10, 0]||['a']
[325, 325, 325, 325, 55, 10, 0]||['a']
[325, 325, 325, 325, 55, 10, 0]||['a']
[325, 325, 325, 325, 55, 10, 0]||['a']
[325, 325, 325, 325, 55, 10, 0]||['a']
[325, 325, 325, 325, 55, 10, 0]||['a']
[325, 325, 325, 325, 55, 10, 0]||['a']
[325, 325, 325, 325, 55, 10, 0]||['a']
[325, 325, 325, 325, 55, 10, 0]||['a']
[325, 325, 325, 325, 55, 10, 0]||['a']
[325, 325, 325, 325, 55, 10, 0]||['a']
[325, 325, 325, 325, 55, 10, 0]||['a']
[325, 325, 325, 325, 55, 10, 0]||['a']
[325, 325, 325, 325, 55, 10, 0]||['a']
[325, 325, 325, 325, 55, 10, 0]||['a']
[325, 325, 325, 325, 55, 10, 0]||['a']
[325, 325, 325, 325, 55, 10, 0]||['a']
[325, 325, 325, 325, 55, 10, 0]||['a']
[325, 325, 325, 325, 55, 10, 0]||['a']
[325, 325, 325, 325, 55, 10, 0]||['a']
[325, 325, 325, 325, 55, 10, 0]||['a']
[325, 325, 325, 325, 55, 10, 0]||['a']
[325, 325, 325, 325, 55, 10, 0]||['a']
[325, 325, 325, 325, 55, 10, 0]||['a']
[325, 325, 325, 325, 55, 10, 0]||['a']
[325, 325, 325, 325, 55, 10, 0]||['a']
[325, 325, 325, 325, 55, 10, 0]||['a']
[325, 325, 325, 325, 55, 10, 0]||['a']
[325, 325, 325, 325, 55, 10, 0]||['a']
[325, 325, 325, 325, 55, 10, 0]||['a']
[325, 325, 325, 325, 55, 10, 0]||['a']
[325, 325, 325, 325, 55, 10, 0]||['a']
[325, 325, 325, 325, 55, 10, 0]||['a']
[325, 325, 325, 325, 55, 10, 0]||['a']
[325, 325, 325, 325, 55, 10, 0]||['a']
[325, 325, 325, 325, 55, 10, 0]||['a']
[325, 325, 325, 325, 55, 10, 0]||['a']
[325, 325, 325, 325, 55, 10, 0]||['a']
[325, 325, 325, 325, 55, 10, 0]||['a']
[325, 325, 325, 325, 55, 10, 0]||['a']
[325, 325, 325, 325, 55, 10, 0]||['a']
[325, 325, 325, 325, 55, 10, 0]||['a']
[325, 325, 325, 325, 55, 10, 0]||['a']
[325, 325, 325, 325, 55, 10, 0]||['a']
[325, 325, 325, 325, 55, 10, 0]||['a']
[325, 325, 325, 325, 55, 10, 0]||['a']
[325, 325, 325, 325, 55, 10, 0]||['a']
[325, 325, 325, 325, 55, 10, 0]||['a']
[325, 325, 325, 325, 55, 10, 0]||['a']
[325, 325, 325, 325, 55, 10, 0]||['a']
[325, 325, 325, 325, 55, 10, 0]||['a']
[325, 325, 325, 325, 55, 10, 0]||['a']
[325, 325, 325, 325, 55, 10, 0]||['a']
[325, 325, 325, 325, 55, 10, 0]||['a']
[325, 325, 325, 325, 55, 10, 0]||['a']
[325, 325, 325, 325, 55, 10, 0]||['a']
[325, 325, 325, 325, 55, 10, 0]||['a']
[325, 325, 325, 325, 55, 10, 0]||['a']
[325, 325, 325, 325, 55, 10, 0]||['a']
[325, 325, 325, 325, 55, 10, 0]||['a']
[325, 325, 325, 325, 55, 10, 0]||['a']
[325, 325, 325, 325, 55, 10, 0]||['a']
[325, 325, 325, 325, 55, 10, 0]||['d']
[325, 325, 325, 325, 55, 10, 0]||['d']
[325, 325, 325, 325, 55, 10, 0]||['d']
[325, 325, 325, 325, 55, 10, 0]||['d']
[325, 325, 325, 325, 55, 10, 0]||['d']
[325, 325, 325, 325, 55, 10, 0]||['d']
[325, 325, 325, 325, 55, 10, 0]||['d']
[325, 325, 325, 325, 55, 10, 0]||['d']
[325, 325, 325, 325, 55, 10, 0]||['d']
[325, 325, 325, 325, 55, 10, 0]||['d']
[325, 325, 325, 325, 55, 10, 0]||['d']
[325, 325, 325, 325, 55, 10, 0]||['d']
[325, 325, 325, 325, 55, 10, 0]||['d']
[325, 325, 325, 325, 55, 10, 0]||['d']
[325, 325, 325, 325, 55, 10, 0]||['d']
[325, 325, 325, 325, 55, 10, 0]||['d']
[325, 325, 325, 325, 55, 10, 0]||['d']
[325, 325, 325, 325, 55, 10, 0]||['d']
[325, 325, 325, 325, 55, 10, 0]||['d']
[325, 325, 325, 325, 55, 10, 0]||['d']
[325, 325, 325, 325, 55, 10, 0]||['d']
[325, 325, 325, 325, 55, 10, 0]||['d']
[325, 325, 325, 325, 55, 10, 0]||['d']
[325, 325, 325, 325, 55, 10, 0]||['d']
[325, 325, 325, 325, 55, 10, 0]||['d']
[325, 325, 325, 325, 55, 10, 0]||['d']
[325, 325, 325, 325, 55, 10, 0]||['d']
[325, 325, 325, 325, 55, 10, 0]||['d']
[325, 325, 325, 325, 55, 10, 0]||['d']
[325, 325, 325, 325, 55, 10, 0]||['d']
[325, 325, 325, 325, 55, 10, 0]||['d']
[325, 325, 325, 325, 55, 10, 0]||['d']
[325, 325, 325, 325, 55, 10, 0]||['d']
[325, 325, 325, 325, 55, 10, 0]||['d']
[325, 325, 325, 325, 55, 10, 0]||['d']
[325, 325, 325, 325, 55, 10, 0]||['d']
[325, 325, 325, 325, 55, 10, 0]||['d']
[325, 325, 325, 325, 55, 10, 0]||['d']
[325, 325, 325, 325, 55, 10, 0]||['d']
[325, 325, 325, 325, 55, 10, 0]||['d']
[325, 325, 325, 325, 55, 10, 0]||['d']
[325, 325, 325, 325, 55, 10, 0]||['d']
[325, 325, 325, 325, 55, 10, 0]||['d']
[325, 325, 325, 325, 55, 10, 0]||['d']
[325, 325, 325, 325, 55, 10, 0]||['d']
[325, 325, 325, 325, 55, 10, 0]||['d']
[325, 325, 325, 325, 55, 10, 0]||['d']
[325, 325, 325, 325, 55, 10, 0]||['d']
[325, 325, 325, 325, 55, 10, 0]||['d']
[325, 325, 325, 325, 55, 10, 0]||['d']
[325, 325, 325, 325, 55, 10, 0]||['d']
[325, 325, 325, 325, 55, 10, 0]||['d']
[325, 325, 325, 325, 55, 10, 0]||['d']
[325, 325, 325, 325, 55, 10, 0]||['d']
[325, 325, 325, 325, 55, 10, 0]||['d']
[325, 325, 325, 325, 55, 10, 0]||['d']
[325, 325, 325, 325, 55, 10, 0]||['d']
[325, 325, 325, 325, 55, 10, 0]||['d']
[325, 325, 325, 325, 55, 10, 0]||['d']
[325, 325, 325, 325, 55, 10, 0]||['d']
[325, 325, 325, 325, 55, 10, 0]||['d']
[325, 325, 325, 325, 55, 10, 0]||['d']
[325, 325, 325, 325, 55, 10, 0]||['d']
[325, 325, 325, 325, 55, 10, 0]||['d']
[325, 325, 325, 325, 55, 10, 0]||['d']
[325, 325, 325, 325, 55, 10, 0]||['d']
[325, 325, 325, 325, 55, 10, 0]||['d']
[325, 325, 325, 325, 55, 10, 0]||['d']
[325, 325, 325, 325, 55, 10, 0]||['d']
[325, 325, 325, 325, 55, 10, 0]||['d']
[325, 325, 325, 325, 55, 10, 0]||['d']
[325, 325, 325, 325, 55, 10, 0]||['d']
[325, 325, 325, 325, 55, 10, 0]||['d']
[325, 325, 325, 325, 55, 10, 0]||['d']
[325, 325, 325, 325, 55, 10, 0]||['d']
[325, 325, 325, 325, 55, 10, 0]||['d']
[325, 325, 325, 325, 55, 10, 0]||['d']
[325, 325, 325, 325, 55, 10, 0]||['d']
[325, 325, 325, 325, 55, 10, 0]||['d']
[325, 325, 325, 325, 55, 10, 0]||['d']
[325, 325, 325, 325, 55, 10, 0]||['d']
[325, 325, 325, 325, 55, 10, 0]||['d']
[325, 325, 325, 325, 55, 10, 0]||['d']
[325, 325, 325, 325, 55, 10, 0]||['d']
[325, 325, 325, 325, 55, 10, 0]||['d']
[325, 325, 325, 325, 55, 10, 0]||['d']
[325, 325, 325, 325, 55, 10, 0]||['d']
[325, 325, 325, 325, 55, 10, 0]||['d']
[325, 325, 325, 325, 55, 10, 0]||['d']
[325, 325, 325, 325, 55, 10, 0]||['d']
[325, 325, 325, 325, 55, 10, 0]||['d']
[325, 325, 325, 325, 55, 10, 0]||['d']
[325, 325, 325, 325, 55, 10, 0]||['d']
[325, 325, 325, 325, 55, 10, 0]||['d']
[325, 325, 325, 325, 55, 10, 0]||['d']
[325, 325, 325, 325, 55, 10, 0]||['d']
[325, 325, 325, 325, 55, 10, 0]||['d']
[325, 325, 325, 325, 55, 10, 0]||['d']
[325, 325, 325, 325, 55, 10, 0]||['d']
[325, 325, 325, 325, 55, 10, 0]||['d']
[325, 325, 325, 325, 55, 10, 0]||['d']
[325, 325, 325, 325, 55, 10, 0]||['d']
[325, 325, 325, 325, 55, 10, 0]||['d']
[325, 325, 325, 325, 55, 10, 0]||['d']
[325, 325, 325, 325, 55, 10, 0]||['d']
[325, 325, 325, 325, 55, 10, 0]||['d']
[325, 325, 325, 325, 55, 10, 0]||['d']
[325, 325, 325, 325, 55, 10, 0]||['d']
[325, 325, 325, 325, 55, 10, 0]||['d']
[325, 325, 325, 325, 55, 10, 0]||['d']
[325, 325, 325, 325, 55, 10, 0]||['d']
[325, 325, 325, 325, 55, 10, 0]||['d']
[325, 325, 325, 325, 55, 10, 0]||['d']
[325, 325, 325, 325, 55, 10, 0]||['d']
[325, 325, 325, 325, 55, 10, 0]||['d']
[325, 325, 325, 325, 55, 10, 0]||['d']
[325, 325, 325, 325, 55, 10, 0]||['d']
[325, 325, 325, 325, 55, 10, 0]||['d']
[325, 325, 325, 325, 55, 10, 0]||['d']
[325, 325, 325, 325, 55, 10, 0]||['d']
[325, 325, 325, 325, 55, 10, 0]||['d']
[325, 325, 325, 325, 55, 10, 0]||['d']
[325, 325, 325, 325, 55, 10, 0]||['d']
[325, 325, 325, 325, 55, 10, 0]||['d']
[325, 325, 325, 325, 55, 10, 0]||['d', 's']
[325, 325, 325, 325, 55, 10, 0]||['d', 's']
[325, 325, 325, 325, 55, 10, 0]||['d', 's']
[325, 325, 325, 325, 55, 10, 0]||['s']
[325, 325, 325, 325, 55, 10, 0]||['s']
[325, 325, 325, 325, 55, 10, 0]||['s']
[325, 325, 325, 325, 55, 10, 0]||['s']
[325, 325, 325, 325, 55, 10, 0]||['s']
[325, 325, 325, 325, 55, 10, 0]||['s']
[325, 325, 325, 325, 55, 10, 0]||['s']
[325, 325, 325, 325, 55, 10, 0]||['s']
[325, 325, 325, 325, 55, 10, 0]||['s']
[325, 325, 325, 325, 55, 10, 0]||['s']
[325, 325, 325, 325, 55, 10, 0]||['s']
[325, 325, 325, 325, 55, 10, 0]||['s']
[325, 325, 325, 325, 55, 10, 0]||['s']
[325, 325, 325, 325, 55, 10, 0]||['s']
[325, 325, 325, 325, 55, 10, 0]||['s']
[325, 325, 325, 325, 55, 10, 0]||['s']
[325, 325, 325, 325, 55, 10, 0]||['s']
[325, 325, 325, 325, 55, 10, 0]||['s']
[325, 325, 325, 325, 55, 10, 0]||['s']
[325, 325, 325, 325, 55, 10, 0]||['s']
[325, 325, 325, 325, 55, 10, 0]||['s']
[325, 325, 325, 325, 55, 10, 0]||['s']
[325, 325, 325, 325, 55, 10, 0]||['s']
[325, 325, 325, 325, 55, 10, 0]||['s']
[325, 325, 325, 325, 55, 10, 0]||['s']
[325, 325, 325, 325, 55, 10, 0]||['s']
[325, 325, 325, 325, 55, 10, 0]||['s']
[325, 325, 325, 325, 55, 10, 0]||['s']
[325, 325, 325, 325, 55, 10, 0]||['s']
[325, 325, 325, 325, 55, 10, 0]||['s']
[325, 325, 325, 325, 55, 10, 0]||['s']
[325, 325, 325, 325, 55, 10, 0]||['s']
[325, 325, 325, 325, 55, 10, 0]||['s']
[322, 325, 325, 325, 55, 10, 0]||['s']
[318, 325, 325, 325, 55, 10, 0]||['s', 'd']
[311, 325, 325, 325, 55, 10, 0]||['s', 'd']
[305, 325, 325, 325, 55, 10, 0]||['s', 'd']
[299, 325, 325, 325, 55, 10, 0]||['s', 'd']
[293, 325, 325, 325, 55, 10, 0]||['s']
[288, 325, 325, 325, 55, 10, 0]||['s']
[283, 325, 325, 325, 55, 10, 0]||['s']
[278, 325, 325, 325, 55, 10, 0]||['s']
[274, 325, 325, 325, 55, 10, 0]||['s']
[269, 325, 325, 325, 55, 10, 0]||['s']
[264, 325, 325, 325, 55, 10, 0]||['s']
[259, 325, 325, 325, 55, 10, 0]||['s']
[254, 325, 325, 325, 55, 10, 0]||['s']
[250, 325, 325, 325, 55, 10, 0]||['s']
[245, 325, 325, 325, 55, 10, 0]||['s']
[240, 325, 325, 325, 55, 10, 0]||['s']
[235, 325, 325, 325, 55, 10, 0]||['s']
[230, 325, 325, 325, 55, 10, 0]||['s']
[226, 325, 325, 325, 55, 10, 0]||['s']
[221, 325, 325, 325, 55, 10, 0]||['s']
[216, 325, 325, 325, 55, 10, 0]||['s']
[211, 325, 325, 325, 55, 10, 0]||['s']
[207, 325, 325, 325, 55, 10, 0]||['s']
[202, 325, 325, 325, 55, 10, 0]||['s']
[197, 325, 325, 325, 55, 10, 0]||['s']
[193, 325, 325, 325, 55, 10, 0]||['s']
[188, 325, 325, 325, 55, 10, 0]||['s']
[183, 325, 325, 325, 55, 10, 0]||['s']
[179, 325, 325, 325, 55, 10, 0]||['s']
[174, 325, 325, 325, 55, 10, 0]||['s']
[170, 325, 325, 325, 55, 10, 0]||['s']
[165, 325, 325, 325, 55, 10, 0]||['s']
[161, 325, 325, 325, 55, 10, 0]||['s']
[156, 325, 325, 325, 55, 10, 0]||['s']
[152, 325, 325, 325, 55, 10, 0]||['s']
[147, 325, 325, 325, 55, 10, 0]||['s']
[143, 325, 325, 325, 55, 10, 0]||['s']
[138, 325, 325, 325, 55, 10, 0]||['s']
[134, 325, 325, 325, 55, 10, 0]||['s']
[130, 325, 325, 325, 55, 10, 0]||['s']
[126, 325, 325, 325, 55, 10, 0]||['s']
[122, 325, 325, 325, 55, 10, 0]||['s']
[118, 325, 325, 325, 55, 10, 0]||['s']
[114, 325, 325, 325, 55, 10, 0]||['s']
[110, 325, 325, 325, 55, 10, 0]||['s']
[106, 325, 325, 325, 55, 10, 0]||['s']
[102, 325, 325, 325, 55, 10, 0]||['s']
[98, 325, 325, 325, 55, 10, 0]||['s']
[95, 325, 325, 325, 55, 10, 0]||['s']
[92, 325, 325, 325, 55, 10, 0]||['s']
[89, 325, 325, 325, 55, 10, 0]||['s']
[86, 325, 325, 325, 55, 10, 0]||['s']
[83, 325, 325, 325, 55, 10, 0]||['s']
[80, 325, 325, 325, 55, 10, 0]||['s']
[78, 325, 325, 325, 55, 10, 0]||['s']
[76, 325, 325, 325, 55, 10, 0]||['s', 'd']
[69, 325, 325, 325, 55, 10, 0]||['s', 'd']
[63, 325, 325, 325, 55, 10, 0]||['s', 'd']
[57, 325, 325, 325, 55, 10, 0]||['s', 'd']
[50, 325, 325, 325, 55, 10, 0]||['s', 'd']
[45, 325, 325, 325, 55, 10, 0]||['s', 'd']
[40, 325, 325, 325, 55, 10, 0]||['s', 'd']
[35, 325, 325, 325, 55, 10, 0]||['s', 'd']
[31, 325, 325, 325, 55, 10, 0]||['s', 'd']
