[325, 325, 325, 325, 100, 0, 0]||[]
[325, 325, 325, 325, 100, 0, 0]||[]
[325, 325, 325, 325, 100, 0, 0]||[]
[325, 325, 325, 325, 100, 0, 0]||[]
[325, 325, 325, 325, 100, 0, 0]||[]
[325, 325, 325, 325, 100, 0, 0]||[]
[325, 325, 325, 325, 100, 0, 0]||[]
[325, 325, 325, 325, 100, 0, 0]||[]
[325, 325, 325, 325, 100, 0, 0]||[]
[325, 325, 325, 325, 100, 0, 0]||[]
[325, 325, 325, 325, 100, 0, 0]||[]
[325, 325, 325, 325, 100, 0, 0]||[]
[325, 325, 325, 325, 100, 0, 0]||[]
[325, 325, 325, 325, 100, 0, 0]||[]
[325, 325, 325, 325, 100, 0, 0]||[]
[325, 325, 325, 325, 100, 0, 0]||[]
[325, 325, 325, 325, 100, 0, 0]||[]
[325, 325, 325, 325, 100, 0, 0]||[]
[325, 325, 325, 325, 100, 0, 0]||[]
[325, 325, 325, 325, 100, 0, 0]||[]
[325, 325, 325, 325, 100, 0, 0]||[]
[325, 325, 325, 325, 100, 0, 0]||[]
[325, 325, 325, 325, 100, 0, 0]||[]
[325, 325, 325, 325, 100, 0, 0]||[]
[325, 325, 325, 325, 100, 0, 0]||[]
[325, 325, 325, 325, 100, 0, 0]||[]
[325, 325, 325, 325, 100, 0, 0]||[]
[325, 325, 325, 325, 100, 0, 0]||[]
[325, 325, 325, 325, 100, 0, 0]||[]
[325, 325, 325, 325, 100, 0, 0]||[]
[325, 325, 325, 325, 100, 0, 0]||[]
[325, 325, 325, 325, 100, 0, 0]||[]
[325, 325, 325, 325, 100, 0, 0]||[]
[325, 325, 325, 325, 100, 0, 0]||[]
[325, 325, 325, 325, 100, 0, 0]||[]
[325, 325, 325, 325, 100, 0, 0]||[]
[325, 325, 325, 325, 100, 0, 0]||['d']
[325, 325, 325, 325, 100, 0, 0]||['d']
[325, 325, 325, 325, 100, 0, 0]||['d']
[325, 325, 325, 325, 100, 0, 0]||['d']
[325, 325, 325, 325, 100, 0, 0]||['d']
[325, 325, 325, 325, 100, 0, 0]||['d']
[325, 325, 325, 325, 100, 0, 0]||['d']
[325, 325, 325, 325, 100, 0, 0]||['d']
[325, 325, 325, 325, 100, 0, 0]||['d']
[325, 325, 325, 325, 100, 0, 0]||['d']
[325, 325, 325, 325, 100, 0, 0]||['d']
[325, 325, 325, 325, 100, 0, 0]||['d']
[325, 325, 325, 325, 100, 0, 0]||['d']
[325, 325, 325, 325, 100, 0, 0]||['d']
[325, 325, 325, 325, 100, 0, 0]||['d']
[325, 325, 325, 325, 100, 0, 0]||['d']
[325, 325, 325, 325, 100, 0, 0]||['d']
[325, 325, 325, 325, 100, 0, 0]||['d']
[325, 325, 325, 325, 100, 0, 0]||['d']
[325, 325, 325, 325, 100, 0, 0]||['d']
[325, 325, 325, 325, 100, 0, 0]||['d']
[325, 325, 325, 325, 100, 0, 0]||['d']
[325, 325, 325, 325, 100, 0, 0]||['d']
[325, 325, 325, 325, 100, 0, 0]||['d']
[325, 325, 325, 325, 100, 0, 0]||['d']
[325, 325, 325, 325, 100, 0, 0]||['d']
[325, 325, 325, 325, 100, 0, 0]||['d']
[325, 325, 325, 325, 100, 0, 0]||['d']
[325, 325, 325, 325, 100, 0, 0]||['d']
[325, 325, 325, 325, 100, 0, 0]||['d']
[325, 325, 325, 325, 100, 0, 0]||['d']
[325, 325, 325, 325, 100, 0, 0]||['d']
[325, 325, 325, 325, 100, 0, 0]||['d']
[325, 325, 325, 325, 100, 0, 0]||['d']
[325, 325, 325, 325, 100, 0, 0]||['d']
[325, 325, 325, 325, 100, 0, 0]||['d']
[325, 325, 325, 325, 100, 0, 0]||['d']
[325, 325, 325, 325, 100, 0, 0]||['d']
[325, 325, 325, 325, 100, 0, 0]||['d']
[325, 325, 325, 325, 100, 0, 0]||['d']
[325, 325, 325, 325, 100, 0, 0]||['d']
[325, 325, 325, 325, 100, 0, 0]||['d']
[325, 325, 325, 325, 100, 0, 0]||['d']
[325, 325, 325, 325, 100, 0, 0]||['d']
[325, 325, 325, 325, 100, 0, 0]||['d']
[325, 325, 325, 325, 100, 0, 0]||['d']
[325, 325, 325, 325, 100, 0, 0]||['d']
[325, 325, 325, 325, 100, 0, 0]||['d']
[325, 325, 325, 325, 100, 0, 0]||['d']
[325, 325, 325, 325, 100, 0, 0]||['d']
[325, 325, 325, 325, 100, 0, 0]||['d']
[325, 325, 325, 325, 100, 0, 0]||['d']
[325, 325, 325, 325, 100, 0, 0]||['d']
[325, 325, 325, 325, 100, 0, 0]||['d']
[325, 325, 325, 325, 100, 0, 0]||['d']
[325, 325, 325, 325, 100, 0, 0]||['d']
[325, 325, 325, 325, 100, 0, 0]||['d']
[325, 325, 325, 325, 100, 0, 0]||['d']
[325, 325, 325, 325, 100, 0, 0]||['d']
[325, 325, 325, 325, 100, 0, 0]||['d']
[325, 325, 325, 325, 100, 0, 0]||['d']
[325, 325, 325, 325, 100, 0, 0]||['d']
[325, 325, 325, 325, 100, 0, 0]||[]
[325, 325, 325, 325, 100, 0, 0]||[]
[325, 325, 325, 325, 100, 0, 0]||[]
[325, 325, 325, 325, 100, 0, 0]||[]
[325, 325, 325, 325, 100, 0, 0]||[]
[325, 325, 325, 325, 100, 0, 0]||['d']
[325, 325, 325, 325, 100, 0, 0]||['d']
[325, 325, 325, 325, 100, 0, 0]||['d']
[325, 325, 325, 325, 100, 0, 0]||['d']
[325, 325, 325, 315, 100, 0, 0]||['d']
[325, 325, 325, 310, 100, 0, 0]||['d']
[325, 325, 325, 305, 100, 0, 0]||['d']
[325, 325, 325, 300, 100, 0, 0]||['d']
[325, 325, 325, 295, 100, 0, 0]||['d']
[325, 325, 325, 290, 100, 0, 0]||['d']
[325, 325, 325, 285, 100, 0, 0]||['d']
[325, 325, 325, 280, 100, 0, 0]||['d']
[325, 324, 325, 275, 100, 0, 0]||['d']
[325, 320, 325, 270, 100, 0, 0]||['d']
[325, 316, 325, 265, 100, 0, 0]||['d']
[325, 312, 325, 260, 100, 0, 0]||['d']
[325, 308, 325, 255, 100, 0, 0]||['d']
[325, 304, 325, 250, 100, 0, 0]||['d']
[325, 300, 325, 245, 100, 0, 0]||['d']
[325, 296, 325, 240, 100, 0, 0]||['d']
[325, 292, 325, 235, 100, 0, 0]||['d']
[325, 288, 325, 230, 100, 0, 0]||['d']
[325, 284, 325, 225, 100, 0, 0]||['d']
[325, 280, 325, 220, 100, 0, 0]||['d']
[325, 276, 325, 215, 100, 0, 0]||['d']
[325, 272, 325, 210, 100, 0, 0]||['d']
[325, 269, 325, 205, 100, 0, 0]||['d']
[325, 265, 325, 200, 100, 0, 0]||['d']
[325, 261, 325, 195, 100, 0, 0]||['d']
[325, 258, 325, 190, 100, 0, 0]||['d']
[325, 254, 325, 185, 100, 0, 0]||['d']
[325, 251, 325, 180, 100, 0, 0]||['d']
[325, 247, 325, 175, 100, 0, 0]||['d']
[325, 244, 325, 170, 100, 0, 0]||['d']
[325, 240, 325, 165, 100, 0, 0]||['d']
[325, 237, 325, 160, 100, 0, 0]||['d']
[325, 234, 325, 155, 100, 0, 0]||['d']
[325, 231, 325, 150, 100, 0, 0]||['d']
[325, 228, 325, 145, 100, 0, 0]||['d']
[325, 225, 325, 140, 100, 0, 0]||['d']
[325, 222, 325, 135, 100, 0, 0]||['d']
[325, 219, 325, 130, 100, 0, 0]||['d']
[325, 216, 325, 125, 100, 0, 0]||['d']
[325, 213, 325, 120, 100, 0, 0]||['d']
[325, 210, 325, 115, 100, 0, 0]||['d']
[325, 208, 325, 110, 100, 0, 0]||['d']
[325, 205, 325, 105, 100, 0, 0]||['d']
[325, 203, 325, 100, 100, 0, 0]||['d']
[325, 201, 325, 95, 100, 0, 0]||['d']
[325, 199, 325, 90, 100, 0, 0]||['d']
[325, 195, 325, 85, 100, 0, 0]||['d']
[325, 192, 325, 80, 100, 0, 0]||['d']
[325, 189, 325, 75, 100, 0, 0]||['d']
[325, 186, 325, 70, 100, 0, 0]||['d']
[325, 184, 325, 65, 100, 0, 0]||['d']
[325, 181, 325, 60, 100, 0, 0]||['d']
[325, 179, 325, 55, 100, 0, 0]||['d']
[325, 177, 325, 50, 100, 0, 0]||['d']
[325, 174, 325, 45, 100, 0, 0]||['d']
[325, 172, 325, 40, 100, 0, 0]||['d']
[325, 170, 325, 35, 100, 0, 0]||['d']
[325, 169, 325, 30, 100, 0, 0]||['d']
[325, 167, 325, 325, 100, 0, 0]||['d']
[325, 166, 325, 325, 100, 0, 0]||['d']
[325, 165, 325, 325, 100, 0, 0]||['d']
[325, 164, 325, 325, 100, 0, 0]||['d']
[325, 163, 325, 325, 100, 0, 0]||['d']
[325, 162, 325, 325, 100, 0, 0]||['d']
[325, 161, 325, 325, 100, 0, 0]||['d']
[325, 161, 325, 325, 100, 0, 0]||['d']
[325, 160, 325, 325, 100, 0, 0]||['d']
[325, 160, 325, 325, 100, 0, 0]||['d']
[325, 160, 325, 325, 100, 0, 0]||['d']
[325, 160, 325, 325, 100, 0, 0]||['d']
[325, 160, 325, 325, 100, 0, 0]||['d']
[325, 161, 325, 325, 100, 0, 0]||['d']
[325, 161, 325, 325, 100, 0, 0]||['d']
[325, 162, 325, 325, 100, 0, 0]||['d']
[325, 162, 325, 325, 100, 0, 0]||['d']
[325, 163, 325, 325, 100, 0, 0]||['d']
[325, 165, 325, 325, 100, 0, 0]||['d']
[325, 166, 325, 325, 100, 0, 0]||['d']
[325, 168, 325, 325, 100, 0, 0]||['d']
[325, 169, 325, 325, 100, 0, 0]||['d']
[325, 170, 325, 325, 100, 0, 0]||['d']
[325, 172, 325, 325, 100, 0, 0]||['d']
[325, 173, 325, 325, 100, 0, 0]||['d']
[325, 175, 325, 325, 100, 0, 0]||['d']
[325, 178, 325, 325, 100, 0, 0]||['d']
[325, 180, 325, 325, 100, 0, 0]||['d']
[325, 181, 325, 325, 100, 0, 0]||['d']
[325, 183, 325, 325, 100, 0, 0]||['d']
[325, 186, 325, 325, 100, 0, 0]||['d']
[325, 188, 325, 325, 100, 0, 0]||['d']
[325, 190, 325, 325, 100, 0, 0]||['d']
[325, 193, 325, 325, 100, 0, 0]||['d']
[325, 195, 325, 325, 100, 0, 0]||['d']
[325, 198, 325, 325, 100, 0, 0]||['d']
[325, 201, 325, 325, 100, 0, 0]||['d']
[325, 204, 325, 325, 100, 0, 0]||['d']
[325, 208, 325, 325, 100, 0, 0]||['d']
[325, 212, 325, 325, 100, 0, 0]||['d']
[325, 216, 325, 325, 100, 0, 0]||['d']
[325, 220, 325, 325, 100, 0, 0]||['d']
[325, 224, 325, 325, 100, 0, 0]||['d']
[325, 228, 325, 325, 100, 0, 0]||['d']
[325, 232, 325, 325, 100, 0, 0]||['d']
[325, 236, 325, 325, 100, 0, 0]||['d']
[325, 240, 325, 325, 100, 0, 0]||['d']
[325, 244, 325, 325, 100, 0, 0]||['d']
[325, 248, 325, 325, 100, 0, 0]||['d']
[325, 253, 325, 325, 100, 0, 0]||['d']
[325, 257, 325, 325, 100, 0, 0]||['d']
[325, 261, 325, 325, 100, 0, 0]||['d']
[325, 265, 325, 325, 100, 0, 0]||['d']
[325, 270, 325, 325, 100, 0, 0]||['d']
[325, 274, 325, 325, 100, 0, 0]||['d']
[325, 278, 325, 325, 100, 0, 0]||['d']
[325, 283, 325, 325, 100, 0, 0]||['d']
[325, 287, 325, 325, 100, 0, 0]||['d']
[325, 292, 325, 325, 100, 0, 0]||['d']
[325, 296, 325, 325, 100, 0, 0]||['d']
[325, 300, 325, 325, 100, 0, 0]||['d']
[325, 305, 325, 325, 100, 0, 0]||['d']
[325, 309, 325, 325, 100, 0, 0]||['d']
[325, 314, 325, 325, 100, 0, 0]||['d']
[325, 318, 325, 325, 100, 0, 0]||['d']
[325, 322, 325, 325, 100, 0, 0]||['d']
[325, 325, 325, 325, 100, 0, 0]||['d']
[325, 325, 325, 325, 100, 0, 0]||['d']
[325, 325, 325, 325, 100, 0, 0]||['d']
[325, 325, 325, 325, 100, 0, 0]||['d']
[325, 325, 325, 325, 100, 0, 0]||['d']
[325, 325, 325, 325, 100, 0, 0]||['d']
[325, 325, 325, 325, 100, 0, 0]||['d']
[325, 325, 325, 325, 100, 0, 0]||['d']
[325, 325, 325, 325, 100, 0, 0]||['d']
[325, 325, 325, 325, 100, 0, 0]||['d']
[325, 325, 325, 325, 100, 0, 0]||['d']
[325, 325, 325, 325, 100, 0, 0]||['d']
[325, 325, 325, 325, 100, 0, 0]||['d']
[325, 325, 325, 325, 100, 0, 0]||['d']
[325, 325, 325, 325, 100, 0, 0]||['d']
[325, 325, 325, 325, 100, 0, 0]||['d']
[325, 325, 325, 325, 100, 0, 0]||['d']
[325, 325, 325, 325, 100, 0, 0]||['d']
[325, 325, 325, 325, 100, 0, 0]||['d']
[325, 325, 325, 325, 100, 0, 0]||['d']
[325, 325, 325, 325, 100, 0, 0]||['d']
[325, 325, 325, 325, 100, 0, 0]||['d']
[325, 325, 325, 325, 100, 0, 0]||['d']
[325, 325, 325, 325, 100, 0, 0]||['d']
[325, 325, 325, 325, 100, 0, 0]||['d']
[325, 325, 325, 325, 100, 0, 0]||['d']
[325, 325, 325, 325, 100, 0, 0]||['d']
[325, 325, 325, 325, 100, 0, 0]||['d']
[325, 325, 325, 325, 100, 0, 0]||['d']
[325, 325, 325, 325, 100, 0, 0]||['d']
[325, 325, 325, 325, 100, 0, 0]||['d']
[325, 325, 325, 325, 100, 0, 0]||['d']
[325, 325, 325, 325, 100, 0, 0]||['d']
[325, 325, 325, 325, 100, 0, 0]||['d']
[325, 325, 325, 325, 100, 0, 0]||['d']
[325, 325, 325, 325, 100, 0, 0]||['d']
[325, 325, 325, 325, 100, 0, 0]||[]
[325, 325, 325, 325, 100, 0, 0]||[]
[325, 325, 325, 325, 100, 0, 0]||['s']
[325, 325, 325, 325, 100, 0, 0]||['s']
[325, 325, 325, 325, 100, 0, 0]||['s']
[325, 325, 325, 325, 100, 0, 0]||['s']
[325, 325, 325, 325, 100, 0, 0]||['s']
[325, 325, 325, 325, 100, 0, 0]||['s']
[325, 325, 325, 325, 100, 0, 0]||['s']
[325, 325, 325, 325, 100, 0, 0]||['s']
[325, 325, 325, 325, 100, 0, 0]||['s']
[325, 325, 325, 325, 100, 0, 0]||['s']
[325, 325, 325, 325, 100, 0, 0]||['s']
[325, 325, 325, 325, 100, 0, 0]||['s']
[325, 325, 325, 325, 100, 0, 0]||['s']
[325, 325, 325, 325, 100, 0, 0]||['s']
[325, 325, 325, 325, 100, 0, 0]||['s']
[325, 325, 325, 325, 100, 0, 0]||['s']
[325, 325, 325, 325, 100, 0, 0]||['s']
[325, 325, 325, 325, 100, 0, 0]||['s']
[325, 325, 325, 325, 100, 0, 0]||['s']
[325, 325, 325, 325, 100, 0, 0]||['s']
[325, 325, 325, 325, 100, 0, 0]||['s']
[325, 325, 325, 325, 100, 0, 0]||['s']
[325, 325, 325, 325, 100, 0, 0]||['s']
[325, 325, 325, 325, 100, 0, 0]||['s']
[325, 325, 325, 325, 100, 0, 0]||['s']
[325, 325, 325, 325, 100, 0, 0]||['s']
[325, 325, 325, 325, 100, 0, 0]||['s']
[325, 325, 325, 325, 100, 0, 0]||['s']
[325, 325, 325, 325, 100, 0, 0]||['s']
[325, 325, 325, 325, 100, 0, 0]||['s']
[325, 325, 325, 325, 100, 0, 0]||['s']
[325, 325, 325, 325, 100, 0, 0]||['s']
[325, 325, 325, 325, 100, 0, 0]||['s']
[325, 325, 325, 325, 100, 0, 0]||['s']
[325, 325, 325, 325, 100, 0, 0]||['s']
[325, 325, 325, 325, 100, 0, 0]||['s']
[325, 325, 325, 325, 100, 0, 0]||['s']
[325, 325, 325, 325, 100, 0, 0]||['s']
[325, 325, 325, 325, 100, 0, 0]||['s']
[325, 325, 325, 325, 100, 0, 0]||['s']
[325, 325, 325, 325, 100, 0, 0]||['s']
[325, 325, 325, 325, 100, 0, 0]||['s']
[325, 325, 325, 325, 100, 0, 0]||['s']
[325, 325, 325, 325, 100, 0, 0]||['s']
[325, 325, 325, 325, 100, 0, 0]||['s']
[325, 325, 325, 325, 100, 0, 0]||['s']
[325, 325, 325, 325, 100, 0, 0]||['s']
[325, 325, 325, 325, 100, 0, 0]||['s']
[325, 325, 325, 325, 100, 0, 0]||['s']
[325, 325, 325, 325, 100, 0, 0]||['s']
[325, 325, 325, 325, 100, 0, 0]||['s']
[325, 325, 325, 325, 100, 0, 0]||['s']
[325, 325, 325, 325, 100, 0, 0]||['s']
[325, 325, 325, 325, 100, 0, 0]||['s']
[325, 325, 325, 325, 100, 0, 0]||['s']
[325, 325, 325, 325, 100, 0, 0]||['s']
[325, 325, 325, 325, 100, 0, 0]||['s']
[325, 325, 325, 325, 100, 0, 0]||['s']
[325, 325, 325, 325, 100, 0, 0]||['s']
[325, 325, 325, 325, 100, 0, 0]||['s']
[325, 325, 325, 325, 100, 0, 0]||['s']
[325, 325, 325, 325, 100, 0, 0]||['s']
[325, 325, 325, 325, 100, 0, 0]||['s']
[325, 325, 325, 325, 100, 0, 0]||['s']
[325, 325, 325, 325, 100, 0, 0]||['s']
[325, 325, 325, 325, 100, 0, 0]||['s']
[325, 325, 325, 325, 100, 0, 0]||['s']
[325, 325, 325, 325, 100, 0, 0]||['s']
[325, 325, 325, 325, 100, 0, 0]||['s']
[325, 325, 325, 325, 100, 0, 0]||['s']
[325, 325, 325, 325, 100, 0, 0]||['s']
[325, 325, 325, 325, 100, 0, 0]||['s']
[325, 325, 325, 325, 100, 0, 0]||['s']
[325, 325, 325, 325, 100, 0, 0]||['d']
[325, 325, 325, 325, 100, 0, 0]||['d']
[325, 325, 325, 325, 100, 0, 0]||['d']
[325, 325, 325, 325, 100, 0, 0]||['d']
[325, 325, 325, 325, 100, 0, 0]||['d']
[325, 325, 325, 325, 100, 0, 0]||['d']
[325, 325, 325, 325, 100, 0, 0]||['d']
[325, 325, 325, 325, 100, 0, 0]||['d']
[325, 325, 325, 325, 100, 0, 0]||['d']
[325, 325, 325, 325, 100, 0, 0]||['d']
[325, 325, 325, 325, 100, 0, 0]||['d']
[325, 325, 325, 325, 100, 0, 0]||['d']
[325, 325, 325, 325, 100, 0, 0]||['d']
[325, 325, 325, 325, 100, 0, 0]||['d']
[325, 325, 325, 325, 100, 0, 0]||['d']
[325, 325, 325, 325, 100, 0, 0]||['d']
[325, 325, 325, 325, 100, 0, 0]||['d']
[325, 325, 325, 325, 100, 0, 0]||['d']
[325, 325, 325, 325, 100, 0, 0]||['d']
[325, 325, 325, 325, 100, 0, 0]||['d']
[325, 325, 325, 325, 100, 0, 0]||['d']
[325, 325, 325, 325, 100, 0, 0]||['d']
[325, 325, 325, 325, 100, 0, 0]||['d']
[325, 325, 325, 325, 100, 0, 0]||['d']
[325, 325, 325, 325, 100, 0, 0]||['d']
[325, 325, 325, 325, 100, 0, 0]||['d']
[325, 325, 325, 325, 100, 0, 0]||['d']
[325, 325, 325, 325, 100, 0, 0]||['d']
[325, 325, 325, 325, 100, 0, 0]||['d']
[325, 325, 325, 325, 100, 0, 0]||['d']
[325, 325, 325, 325, 100, 0, 0]||['d']
[325, 325, 325, 325, 100, 0, 0]||['d']
[325, 325, 325, 325, 100, 0, 0]||['d']
[325, 325, 325, 325, 100, 0, 0]||['d']
[325, 325, 325, 325, 100, 0, 0]||['d']
[325, 325, 325, 325, 100, 0, 0]||['d']
[325, 325, 325, 325, 100, 0, 0]||['d']
[325, 325, 325, 325, 100, 0, 0]||['d']
[325, 325, 325, 325, 100, 0, 0]||['d']
[325, 325, 325, 325, 100, 0, 0]||['d']
[325, 325, 325, 325, 100, 0, 0]||['d']
[325, 325, 325, 325, 100, 0, 0]||['d']
[325, 325, 325, 325, 100, 0, 0]||['d']
[325, 325, 325, 325, 100, 0, 0]||['d']
[325, 325, 325, 325, 100, 0, 0]||['d']
[325, 325, 325, 325, 100, 0, 0]||['d']
[325, 325, 325, 325, 100, 0, 0]||['d']
[325, 325, 325, 325, 100, 0, 0]||['d']
[325, 325, 325, 325, 100, 0, 0]||['d']
[325, 325, 325, 325, 100, 0, 0]||['d']
[325, 325, 325, 325, 100, 0, 0]||['d']
[325, 325, 325, 325, 100, 0, 0]||['d']
[325, 325, 325, 325, 100, 0, 0]||['d']
[325, 325, 325, 325, 100, 0, 0]||['d']
[325, 325, 325, 325, 100, 0, 0]||['d']
[325, 325, 325, 325, 100, 0, 0]||['d']
[325, 325, 325, 325, 100, 0, 0]||['d']
[325, 325, 325, 325, 100, 0, 0]||['d']
[325, 325, 325, 325, 100, 0, 0]||['d']
[325, 325, 325, 325, 100, 0, 0]||['d']
[325, 325, 325, 325, 100, 0, 0]||['d']
[325, 325, 325, 325, 100, 0, 0]||['d']
[325, 325, 325, 325, 100, 0, 0]||['d']
[325, 325, 325, 325, 100, 0, 0]||['d']
[325, 325, 325, 325, 100, 0, 0]||['d']
[325, 325, 325, 325, 100, 0, 0]||['d']
[325, 325, 325, 325, 100, 0, 0]||['d']
[325, 325, 325, 325, 100, 0, 0]||['d']
[325, 325, 325, 325, 100, 0, 0]||['d']
[325, 325, 325, 325, 100, 0, 0]||['d']
[325, 325, 325, 325, 100, 0, 0]||['d']
[325, 325, 325, 325, 100, 0, 0]||['d']
[325, 325, 325, 325, 100, 0, 0]||['d']
[325, 325, 325, 325, 100, 0, 0]||['d']
[325, 325, 325, 325, 100, 0, 0]||['d']
[325, 325, 325, 325, 100, 0, 0]||['d']
[325, 325, 325, 325, 100, 0, 0]||['d']
[325, 325, 325, 325, 100, 0, 0]||['d']
[325, 325, 325, 325, 100, 0, 0]||['d']
[325, 325, 325, 325, 100, 0, 0]||['d']
[325, 325, 325, 325, 100, 0, 0]||['d']
[325, 325, 325, 325, 100, 0, 0]||['d']
[325, 325, 325, 325, 100, 0, 0]||['d']
[325, 325, 325, 325, 100, 0, 0]||['d']
[325, 325, 325, 325, 100, 0, 0]||['d']
[325, 325, 325, 325, 100, 0, 0]||['d']
[325, 325, 325, 325, 100, 0, 0]||['d']
[325, 325, 325, 325, 100, 0, 0]||['d']
[325, 325, 325, 325, 100, 0, 0]||['d']
[325, 325, 325, 325, 100, 0, 0]||['d']
[325, 325, 325, 325, 100, 0, 0]||['d']
[325, 325, 325, 325, 100, 0, 0]||['d']
[325, 325, 325, 325, 100, 0, 0]||['d']
[325, 325, 325, 325, 100, 0, 0]||['d']
[325, 325, 325, 325, 100, 0, 0]||['d']
[325, 325, 325, 325, 100, 0, 0]||['d']
[325, 325, 325, 325, 100, 0, 0]||['d']
[325, 325, 325, 325, 100, 0, 0]||['d']
[325, 325, 325, 325, 100, 0, 0]||['d']
[325, 325, 325, 325, 100, 0, 0]||['d']
[325, 325, 325, 325, 100, 0, 0]||['d']
[325, 325, 325, 325, 100, 0, 0]||['d']
[325, 325, 325, 325, 100, 0, 0]||['d']
[325, 325, 325, 325, 100, 0, 0]||['d']
[325, 325, 325, 325, 100, 0, 0]||['d']
[325, 325, 325, 325, 100, 0, 0]||['d']
[325, 325, 325, 325, 100, 0, 0]||['d']
[325, 325, 325, 325, 100, 0, 0]||['d']
[325, 325, 325, 325, 100, 0, 0]||['d']
[325, 325, 325, 325, 100, 0, 0]||['d']
[325, 325, 325, 325, 100, 0, 0]||['d']
[325, 325, 325, 325, 100, 0, 0]||['d']
[325, 325, 325, 325, 100, 0, 0]||['d']
[325, 325, 325, 325, 100, 0, 0]||['d']
[325, 325, 325, 325, 100, 0, 0]||['d']
[325, 325, 325, 325, 100, 0, 0]||['d']
[325, 325, 325, 325, 100, 0, 0]||['d']
[325, 325, 325, 325, 100, 0, 0]||['d']
[325, 325, 325, 325, 100, 0, 0]||['d']
[325, 325, 325, 325, 100, 0, 0]||['d']
[325, 325, 325, 325, 100, 0, 0]||['d']
[325, 325, 325, 325, 100, 0, 0]||['d']
[325, 325, 325, 325, 100, 0, 0]||['d']
[325, 325, 325, 325, 100, 0, 0]||['d']
[325, 325, 325, 325, 100, 0, 0]||['d']
[325, 325, 325, 325, 100, 0, 0]||['d']
[325, 325, 325, 325, 100, 0, 0]||['d']
[325, 325, 325, 325, 100, 0, 0]||['d']
[325, 325, 325, 325, 100, 0, 0]||['d']
[325, 325, 325, 325, 100, 0, 0]||['d']
[325, 325, 325, 325, 100, 0, 0]||['d']
[325, 325, 325, 325, 100, 0, 0]||['d']
[325, 325, 325, 325, 100, 0, 0]||['d']
[325, 325, 325, 325, 100, 0, 0]||['d']
[325, 325, 325, 325, 100, 0, 0]||['d']
[325, 325, 325, 325, 100, 0, 0]||['d']
[325, 325, 325, 325, 100, 0, 0]||['d']
[325, 325, 325, 325, 100, 0, 0]||['d']
[325, 325, 325, 325, 100, 0, 0]||['d']
[325, 325, 325, 325, 100, 0, 0]||['d']
[325, 325, 325, 325, 100, 0, 0]||['d']
[325, 325, 325, 325, 100, 0, 0]||['d']
[325, 325, 325, 325, 100, 0, 0]||['d']
[325, 325, 325, 325, 100, 0, 0]||['d']
[325, 325, 325, 325, 100, 0, 0]||['d']
[325, 325, 325, 325, 100, 0, 0]||['d']
[325, 325, 325, 325, 100, 0, 0]||['d']
[325, 325, 325, 325, 100, 0, 0]||['d']
[325, 325, 325, 325, 100, 0, 0]||['d']
[325, 325, 325, 325, 100, 0, 0]||['d']
[325, 325, 325, 325, 100, 0, 0]||['d']
[325, 325, 325, 325, 100, 0, 0]||['d']
[325, 325, 325, 325, 100, 0, 0]||['d']
[325, 325, 325, 325, 100, 0, 0]||['d']
[325, 325, 325, 325, 100, 0, 0]||['d']
[325, 325, 325, 325, 100, 0, 0]||['d']
[325, 325, 325, 325, 100, 0, 0]||['d']
[325, 325, 325, 325, 100, 0, 0]||['d']
[325, 325, 325, 325, 100, 0, 0]||['d']
[325, 325, 325, 325, 100, 0, 0]||['d']
[325, 325, 325, 325, 100, 0, 0]||['d']
[325, 325, 325, 325, 100, 0, 0]||['d']
[325, 325, 325, 325, 100, 0, 0]||['d']
[325, 325, 325, 325, 100, 0, 0]||['d']
[325, 325, 325, 325, 100, 0, 0]||['d']
[325, 325, 325, 325, 100, 0, 0]||['d']
[325, 325, 325, 325, 100, 0, 0]||['d']
[325, 325, 325, 325, 100, 0, 0]||['d']
[325, 325, 325, 325, 100, 0, 0]||['d']
[325, 325, 325, 325, 100, 0, 0]||['d']
[325, 325, 325, 325, 100, 0, 0]||['d', 'w']
[325, 325, 325, 325, 100, 0, 0]||['d', 'w']
[325, 325, 325, 325, 100, 0, 0]||['d', 'w']
[325, 325, 325, 325, 100, 0, 0]||['d', 'w']
[325, 325, 325, 325, 100, 0, 0]||['d', 'w']
[325, 325, 325, 325, 100, 0, 0]||['d', 'w']
[325, 325, 325, 325, 100, 0, 0]||['d', 'w']
[325, 325, 325, 325, 100, 0, 0]||['d', 'w']
[325, 325, 325, 325, 100, 0, 0]||['d', 'w']
[325, 325, 325, 325, 100, 0, 0]||['d', 'w']
[325, 325, 325, 325, 100, 0, 0]||['d', 'w']
[325, 325, 325, 325, 100, 0, 0]||['d', 'w']
[325, 325, 322, 325, 100, 0, 0]||['d', 'w']
[325, 325, 318, 325, 100, 0, 0]||['d', 'w']
[325, 325, 313, 325, 100, 0, 0]||['d', 'w']
[325, 325, 308, 325, 100, 0, 0]||['d', 'w']
[325, 325, 304, 325, 100, 0, 0]||['d', 'w']
[325, 325, 299, 325, 100, 0, 0]||['d', 'w']
[325, 325, 294, 325, 100, 0, 0]||['d', 'w']
[325, 325, 290, 325, 100, 0, 0]||['d', 'w']
[325, 325, 285, 325, 100, 0, 0]||['d', 'w']
[325, 325, 280, 325, 100, 0, 0]||['d', 'w']
[325, 325, 276, 325, 100, 0, 0]||['d', 'w']
[325, 325, 271, 325, 100, 0, 0]||['d', 'w']
[325, 325, 266, 325, 100, 0, 0]||['d', 'w']
[325, 325, 262, 325, 100, 0, 0]||['d', 'w']
[325, 325, 257, 325, 100, 0, 0]||['d', 'w']
[325, 325, 253, 325, 100, 0, 0]||['d', 'w']
[325, 325, 248, 325, 100, 0, 0]||['d', 'w']
[325, 325, 244, 325, 100, 0, 0]||['d', 'w']
[325, 325, 239, 325, 100, 0, 0]||['d', 'w']
[325, 325, 235, 325, 100, 0, 0]||['d', 'w']
[325, 325, 230, 325, 100, 0, 0]||['d', 'w']
[325, 325, 226, 325, 100, 0, 0]||['d', 'w']
[325, 325, 221, 325, 100, 0, 0]||['d', 'w']
[325, 325, 217, 325, 100, 0, 0]||['d', 'w']
[325, 325, 213, 325, 100, 0, 0]||['d', 'w']
[325, 325, 208, 325, 100, 0, 0]||['d', 'w']
[325, 325, 204, 325, 100, 0, 0]||['d', 'w']
[325, 325, 200, 325, 100, 0, 0]||['d', 'w']
[325, 325, 196, 325, 100, 0, 0]||['d', 'w']
[325, 325, 191, 325, 100, 0, 0]||['d', 'w']
[325, 325, 187, 325, 100, 0, 0]||['d', 'w']
[325, 325, 183, 325, 100, 0, 0]||['d', 'w']
[325, 325, 179, 325, 100, 0, 0]||['d', 'w']
[325, 325, 175, 325, 100, 0, 0]||['d', 'w']
[325, 325, 171, 325, 100, 0, 0]||['d', 'w']
[325, 325, 167, 325, 100, 0, 0]||['d', 'w']
[325, 325, 163, 325, 100, 0, 0]||['d', 'w']
[325, 325, 160, 325, 100, 0, 0]||['d', 'w']
[325, 325, 156, 325, 100, 0, 0]||['d', 'w']
[325, 325, 152, 325, 100, 0, 0]||['d', 'w']
[325, 325, 149, 325, 100, 0, 0]||['d', 'w']
[325, 325, 145, 325, 100, 0, 0]||['d', 'w']
[325, 325, 142, 325, 100, 0, 0]||['d', 'w']
[325, 325, 139, 325, 100, 0, 0]||['d', 'w']
[325, 325, 135, 325, 100, 0, 0]||['d', 'w']
[325, 325, 132, 325, 100, 0, 0]||['d', 'w']
[325, 325, 129, 325, 100, 0, 0]||['d']
[325, 325, 129, 325, 100, 0, 0]||['d']
[325, 325, 129, 325, 100, 0, 0]||['d']
[325, 325, 129, 325, 100, 0, 0]||['d']
[325, 325, 129, 325, 100, 0, 0]||['d']
[325, 325, 129, 325, 100, 0, 0]||['d']
[325, 325, 129, 325, 100, 0, 0]||['d']
[325, 325, 129, 325, 100, 0, 0]||['d']
[325, 325, 129, 325, 100, 0, 0]||['d']
[325, 325, 129, 325, 100, 0, 0]||['d']
[325, 325, 129, 325, 100, 0, 0]||['d']
[325, 325, 129, 325, 100, 0, 0]||['d']
[325, 325, 129, 325, 100, 0, 0]||['d']
[325, 325, 129, 325, 100, 0, 0]||['d']
[325, 325, 129, 325, 100, 0, 0]||['d', 'a']
[325, 325, 125, 325, 100, 0, 0]||['d', 'a']
[325, 325, 121, 325, 100, 0, 0]||['d', 'a']
[325, 325, 117, 325, 100, 0, 0]||['d', 'a']
[325, 325, 114, 325, 100, 0, 0]||['d', 'a']
[325, 325, 110, 325, 100, 0, 0]||['d', 'a']
[325, 325, 106, 325, 100, 0, 0]||['d', 'a']
[325, 325, 103, 325, 100, 0, 0]||['d', 'a']
[325, 325, 99, 325, 100, 0, 0]||['d', 'a']
[325, 325, 96, 325, 100, 0, 0]||['d', 'a']
[325, 325, 93, 325, 100, 0, 0]||['d', 'a']
[325, 325, 90, 325, 100, 0, 0]||['d', 'a']
[325, 325, 87, 325, 100, 0, 0]||['d', 'a']
[325, 325, 85, 325, 100, 0, 0]||['d', 'a']
[325, 325, 83, 325, 100, 0, 0]||['d', 'a']
[325, 325, 81, 325, 100, 0, 0]||['d']
[325, 325, 83, 325, 100, 0, 0]||['d']
[325, 325, 85, 325, 100, 0, 0]||['d']
[325, 325, 87, 325, 100, 0, 0]||['d']
[325, 325, 90, 325, 100, 0, 0]||['d']
[325, 325, 93, 325, 100, 0, 0]||['d']
[325, 325, 96, 325, 100, 0, 0]||['d']
[325, 325, 99, 325, 100, 0, 0]||['d']
[325, 325, 103, 325, 100, 0, 0]||['d']
[325, 325, 106, 325, 100, 0, 0]||['d']
[325, 325, 110, 325, 100, 0, 0]||['d']
[325, 325, 114, 325, 100, 0, 0]||['d']
[325, 325, 117, 325, 100, 0, 0]||['d']
[325, 325, 121, 325, 100, 0, 0]||['d', 'w']
[325, 325, 122, 325, 100, 0, 0]||['d', 'w']
[325, 325, 124, 325, 100, 0, 0]||['d', 'w']
[325, 325, 121, 325, 100, 0, 0]||['d', 'w']
[325, 325, 119, 325, 100, 0, 0]||['d', 'w']
[325, 325, 117, 325, 100, 0, 0]||['d', 'w']
[325, 325, 115, 325, 100, 0, 0]||['d', 'w']
[325, 325, 113, 325, 100, 0, 0]||['d', 'w']
[325, 325, 111, 325, 100, 0, 0]||[]
[325, 325, 111, 325, 100, 0, 0]||[]
[325, 325, 111, 325, 100, 0, 0]||[]
[325, 325, 111, 325, 100, 0, 0]||[]
[325, 325, 111, 325, 100, 0, 0]||[]
[325, 325, 111, 325, 100, 0, 0]||['w']
[325, 325, 110, 325, 100, 0, 0]||['w']
[325, 325, 108, 325, 100, 0, 0]||['w']
[325, 325, 107, 325, 100, 0, 0]||['w']
[325, 325, 107, 325, 100, 0, 0]||['w']
[325, 325, 106, 325, 100, 0, 0]||['w']
[325, 325, 106, 325, 100, 0, 0]||['w']
[325, 325, 106, 325, 100, 0, 0]||['w']
[325, 325, 106, 325, 100, 0, 0]||['w']
[325, 325, 106, 325, 100, 0, 0]||['w']
[325, 325, 107, 325, 100, 0, 0]||['w']
[325, 325, 107, 325, 100, 0, 0]||['w']
[325, 325, 108, 325, 100, 0, 0]||['w']
[325, 325, 110, 325, 100, 0, 0]||['w', 'a']
[325, 325, 106, 325, 100, 0, 0]||['w', 'a']
[325, 325, 104, 325, 100, 0, 0]||['w', 'a']
[325, 325, 101, 325, 100, 0, 0]||['w', 'a']
[325, 325, 99, 325, 100, 0, 0]||['a']
[325, 325, 95, 325, 100, 0, 0]||['a']
[325, 325, 90, 325, 100, 0, 0]||['a']
[325, 325, 86, 325, 100, 0, 0]||['a']
[325, 325, 82, 325, 100, 0, 0]||['a']
[325, 325, 78, 325, 100, 0, 0]||['a']
[325, 325, 75, 325, 100, 0, 0]||['a']
[325, 325, 71, 325, 100, 0, 0]||['a']
[325, 325, 67, 325, 100, 0, 0]||['a']
[325, 325, 64, 325, 100, 0, 0]||['a']
[325, 325, 61, 325, 100, 0, 0]||['a']
[325, 325, 58, 325, 100, 0, 0]||['a']
[325, 325, 56, 325, 100, 0, 0]||['a']
[325, 325, 54, 325, 100, 0, 0]||['a']
[325, 325, 52, 325, 100, 0, 0]||['a']
[325, 325, 51, 325, 100, 0, 0]||['a']
[325, 325, 50, 325, 100, 0, 0]||['a']
[325, 325, 50, 325, 100, 0, 0]||['a']
[325, 325, 50, 325, 100, 0, 0]||['a']
[325, 325, 50, 325, 100, 0, 0]||['a']
[325, 325, 51, 325, 100, 0, 0]||['a']
[325, 325, 53, 325, 100, 0, 0]||[]
[325, 325, 53, 325, 100, 0, 0]||[]
[325, 325, 53, 325, 100, 0, 0]||[]
[325, 325, 53, 325, 100, 0, 0]||['s']
[325, 325, 48, 325, 100, 0, 0]||['s']
[325, 325, 44, 325, 100, 0, 0]||['s']
[325, 325, 39, 325, 100, 0, 0]||['s']
[325, 325, 35, 325, 100, 0, 0]||['s']
[325, 325, 325, 325, 100, 5, 0]||[]
[325, 325, 325, 325, 100, 5, 0]||['s']
[325, 325, 325, 325, 100, 5, 0]||['s']
[325, 325, 325, 325, 100, 5, 0]||[]
[325, 325, 325, 325, 100, 5, 0]||[]
[325, 325, 325, 325, 100, 5, 0]||[]
[325, 325, 325, 325, 100, 5, 0]||[]
[325, 325, 325, 325, 100, 5, 0]||[]
[325, 325, 325, 325, 100, 5, 0]||[]
[325, 325, 325, 325, 100, 5, 0]||[]
[325, 325, 325, 325, 100, 5, 0]||[]
[325, 325, 325, 325, 100, 5, 0]||['a']
[325, 325, 325, 325, 100, 5, 0]||['a']
[325, 325, 325, 325, 100, 5, 0]||['a']
[325, 325, 325, 325, 100, 5, 0]||['a']
[325, 325, 325, 325, 100, 5, 0]||['a']
[325, 325, 325, 325, 100, 5, 0]||['a']
[325, 325, 325, 325, 100, 5, 0]||['a']
[325, 325, 325, 325, 100, 5, 0]||['a']
[325, 325, 325, 325, 100, 5, 0]||['a']
[325, 325, 325, 325, 100, 5, 0]||['a']
[325, 325, 325, 325, 100, 5, 0]||['a']
[325, 325, 325, 325, 100, 5, 0]||['a']
[325, 325, 325, 325, 100, 5, 0]||['a']
[325, 325, 325, 325, 100, 5, 0]||['a']
[325, 325, 325, 325, 100, 5, 0]||['a']
[325, 325, 325, 325, 100, 5, 0]||['a']
[325, 325, 325, 325, 100, 5, 0]||['a']
[325, 325, 325, 325, 100, 5, 0]||['a']
[325, 325, 325, 325, 100, 5, 0]||['a']
[325, 325, 325, 325, 100, 5, 0]||['a']
[325, 325, 325, 325, 100, 5, 0]||['a']
[325, 325, 325, 325, 100, 5, 0]||['a']
[325, 325, 325, 325, 100, 5, 0]||['a']
[325, 325, 325, 325, 100, 5, 0]||['a']
[325, 325, 325, 325, 100, 5, 0]||['a']
[325, 325, 325, 325, 100, 5, 0]||['a']
[325, 325, 325, 325, 100, 5, 0]||['a']
[325, 325, 325, 325, 100, 5, 0]||['a']
[325, 325, 325, 325, 100, 5, 0]||['a']
[325, 325, 325, 325, 100, 5, 0]||['a']
[325, 325, 325, 325, 100, 5, 0]||['a']
[325, 325, 325, 325, 100, 5, 0]||['a']
[325, 325, 325, 325, 100, 5, 0]||['a']
[325, 325, 325, 325, 100, 5, 0]||['a']
[325, 325, 325, 325, 100, 5, 0]||['a']
[325, 325, 325, 325, 100, 5, 0]||['a']
[325, 325, 325, 325, 100, 5, 0]||['a']
[325, 325, 325, 325, 100, 5, 0]||['a']
[325, 325, 325, 325, 100, 5, 0]||[]
[325, 325, 325, 325, 100, 5, 0]||['d']
[325, 325, 325, 325, 100, 5, 0]||['d']
[325, 325, 325, 325, 100, 5, 0]||['d']
[325, 325, 325, 325, 100, 5, 0]||['d']
[325, 325, 325, 325, 100, 5, 0]||['d']
[325, 325, 325, 325, 100, 5, 0]||['d']
[325, 325, 325, 325, 100, 5, 0]||['d']
[325, 325, 325, 325, 100, 5, 0]||['d']
[325, 325, 325, 325, 100, 5, 0]||['d']
[325, 325, 325, 325, 100, 5, 0]||['d']
[325, 325, 325, 325, 100, 5, 0]||['d']
[325, 325, 325, 325, 100, 5, 0]||['d']
[325, 325, 325, 325, 100, 5, 0]||['d']
[325, 325, 325, 325, 100, 5, 0]||['d']
[325, 325, 325, 325, 100, 5, 0]||['d']
[325, 325, 325, 325, 100, 5, 0]||['d']
[325, 325, 325, 325, 100, 5, 0]||['d']
[325, 325, 325, 325, 100, 5, 0]||['d']
[325, 325, 325, 325, 100, 5, 0]||['d']
[325, 325, 325, 325, 100, 5, 0]||['d']
[325, 325, 325, 325, 100, 5, 0]||['d']
[325, 325, 325, 325, 100, 5, 0]||['d']
[325, 325, 325, 325, 100, 5, 0]||['d']
[325, 325, 325, 325, 100, 5, 0]||['d']
[325, 325, 325, 325, 100, 5, 0]||['d']
[325, 325, 325, 325, 100, 5, 0]||['d']
[325, 325, 325, 325, 100, 5, 0]||['d']
[325, 325, 325, 325, 100, 5, 0]||['d']
[325, 325, 325, 325, 100, 5, 0]||['d']
[325, 325, 325, 325, 100, 5, 0]||['d']
[325, 325, 325, 325, 100, 5, 0]||['d']
[325, 325, 325, 325, 100, 5, 0]||['d']
[325, 325, 325, 325, 100, 5, 0]||['d']
[325, 325, 325, 325, 100, 5, 0]||['d']
[325, 325, 325, 325, 100, 5, 0]||['d']
[325, 325, 325, 325, 100, 5, 0]||['d']
[325, 325, 325, 325, 100, 5, 0]||['d']
[325, 325, 325, 325, 100, 5, 0]||['d']
[325, 325, 325, 325, 100, 5, 0]||['d']
[325, 325, 325, 325, 100, 5, 0]||['d']
[325, 325, 325, 325, 100, 5, 0]||['d']
[325, 325, 325, 325, 100, 5, 0]||['d']
[325, 325, 325, 325, 100, 5, 0]||['d']
[325, 325, 325, 325, 100, 5, 0]||['d']
[325, 325, 325, 325, 100, 5, 0]||['d']
[325, 325, 325, 325, 100, 5, 0]||['d']
[325, 325, 325, 325, 100, 5, 0]||['d']
[325, 325, 325, 325, 100, 5, 0]||['d']
[325, 325, 325, 325, 100, 5, 0]||['d']
[325, 325, 325, 325, 100, 5, 0]||['d']
[325, 325, 325, 325, 100, 5, 0]||['d']
[325, 325, 325, 325, 100, 5, 0]||['d']
[325, 325, 325, 325, 100, 5, 0]||['d']
[325, 325, 325, 325, 100, 5, 0]||['d']
[325, 325, 325, 325, 100, 5, 0]||['d']
[325, 325, 325, 325, 100, 5, 0]||['d']
[325, 325, 325, 325, 100, 5, 0]||['d']
[325, 325, 325, 325, 100, 5, 0]||['d']
[325, 325, 325, 325, 100, 5, 0]||['d']
[325, 325, 325, 325, 100, 5, 0]||['d']
[325, 325, 325, 325, 100, 5, 0]||['d']
[325, 325, 325, 325, 100, 5, 0]||['d']
[325, 325, 325, 325, 100, 5, 0]||['d']
[325, 325, 325, 325, 100, 5, 0]||['d']
[325, 325, 325, 325, 100, 5, 0]||['d']
[325, 325, 325, 325, 100, 5, 0]||['d']
[325, 325, 325, 325, 100, 5, 0]||['d']
[325, 325, 325, 325, 100, 5, 0]||['s']
[325, 325, 325, 325, 100, 5, 0]||['s']
[325, 325, 325, 325, 100, 5, 0]||['s']
[325, 325, 325, 325, 100, 5, 0]||['s']
[325, 325, 325, 325, 100, 5, 0]||['s']
[325, 325, 325, 325, 100, 5, 0]||['s']
[325, 325, 325, 325, 100, 5, 0]||['s']
[325, 325, 325, 325, 100, 5, 0]||['s']
[325, 325, 325, 325, 100, 5, 0]||['s']
[325, 325, 325, 325, 100, 5, 0]||['s']
[325, 325, 325, 325, 100, 5, 0]||['s']
[325, 325, 325, 325, 100, 5, 0]||['s']
[325, 325, 325, 325, 100, 5, 0]||['s']
[325, 325, 325, 325, 100, 5, 0]||['s']
[325, 325, 325, 325, 100, 5, 0]||['s']
[325, 325, 325, 325, 100, 5, 0]||['s']
[325, 325, 325, 325, 100, 5, 0]||['s']
[325, 325, 325, 325, 100, 5, 0]||['s']
[325, 325, 325, 325, 100, 5, 0]||['s']
[325, 325, 325, 325, 100, 5, 0]||['s']
[325, 325, 325, 325, 100, 5, 0]||['s']
[325, 325, 325, 325, 100, 5, 0]||['s']
[325, 325, 325, 325, 100, 5, 0]||['s']
[325, 325, 325, 325, 100, 5, 0]||['s']
[325, 325, 325, 325, 100, 5, 0]||['s']
[325, 325, 325, 325, 100, 5, 0]||['s']
[325, 325, 325, 325, 100, 5, 0]||['s']
[325, 325, 325, 325, 100, 5, 0]||['s']
[325, 325, 325, 325, 100, 5, 0]||['s']
[325, 325, 325, 325, 100, 5, 0]||['s']
[325, 325, 325, 325, 100, 5, 0]||['s']
[325, 325, 325, 325, 100, 5, 0]||['s']
[325, 325, 325, 325, 100, 5, 0]||['s']
[325, 325, 325, 325, 100, 5, 0]||['s']
[325, 325, 325, 325, 100, 5, 0]||['s']
[325, 325, 325, 325, 100, 5, 0]||['s']
[325, 325, 325, 325, 100, 5, 0]||['s']
[325, 325, 325, 325, 100, 5, 0]||['s']
[325, 325, 325, 325, 100, 5, 0]||['s']
[325, 325, 325, 325, 100, 5, 0]||['s']
[325, 325, 325, 325, 100, 5, 0]||['s']
[325, 325, 325, 325, 100, 5, 0]||['s']
[325, 325, 325, 325, 100, 5, 0]||['s']
[325, 325, 325, 325, 100, 5, 0]||['s']
[325, 325, 325, 325, 100, 5, 0]||['s']
[325, 325, 325, 325, 100, 5, 0]||['s']
[325, 325, 325, 325, 100, 5, 0]||['s']
[325, 325, 325, 325, 100, 5, 0]||['s']
[325, 325, 325, 325, 100, 5, 0]||['s']
[325, 325, 325, 325, 100, 5, 0]||['s']
[325, 325, 325, 325, 100, 5, 0]||['s']
[325, 325, 325, 325, 100, 5, 0]||['s']
[325, 325, 325, 325, 100, 5, 0]||['s']
[325, 325, 325, 325, 100, 5, 0]||['s']
[325, 325, 325, 325, 100, 5, 0]||['s']
[325, 325, 325, 325, 100, 5, 0]||['s']
[325, 325, 325, 325, 100, 5, 0]||['s']
[325, 325, 325, 325, 100, 5, 0]||['s']
[325, 325, 325, 325, 100, 5, 0]||['s']
[325, 325, 325, 325, 100, 5, 0]||['s']
[325, 325, 325, 325, 100, 5, 0]||['s']
[325, 325, 325, 325, 100, 5, 0]||['s']
[325, 325, 325, 325, 100, 5, 0]||['s']
[325, 325, 325, 325, 100, 5, 0]||['s']
[325, 325, 325, 325, 100, 5, 0]||['s']
[325, 325, 325, 325, 100, 5, 0]||['s']
[325, 325, 325, 325, 100, 5, 0]||['s']
[325, 325, 325, 325, 100, 5, 0]||['s']
[325, 325, 325, 325, 100, 5, 0]||['s']
[325, 325, 325, 325, 100, 5, 0]||['s']
[325, 325, 325, 325, 100, 5, 0]||['s']
[325, 325, 325, 325, 100, 5, 0]||['s']
[325, 325, 325, 325, 100, 5, 0]||['s']
[325, 325, 325, 325, 100, 5, 0]||['s']
[325, 325, 325, 325, 100, 5, 0]||['s']
[325, 325, 325, 325, 100, 5, 0]||['s']
[325, 325, 325, 325, 100, 5, 0]||['s']
[325, 325, 325, 325, 100, 5, 0]||['s']
[325, 325, 325, 325, 100, 5, 0]||['s']
[325, 325, 325, 325, 100, 5, 0]||['s']
[325, 325, 325, 325, 100, 5, 0]||['s']
[325, 325, 325, 325, 100, 5, 0]||['s']
[325, 325, 325, 325, 100, 5, 0]||['s']
[325, 325, 325, 325, 100, 5, 0]||['s']
[325, 325, 325, 325, 100, 5, 0]||['s']
[325, 325, 325, 325, 100, 5, 0]||['s']
[325, 325, 325, 325, 100, 5, 0]||['s']
[325, 325, 325, 325, 100, 5, 0]||['s']
[325, 325, 325, 325, 100, 5, 0]||['s']
[325, 325, 325, 325, 100, 5, 0]||['s']
[325, 325, 325, 325, 100, 5, 0]||['s']
[325, 325, 325, 325, 100, 5, 0]||['s']
[325, 325, 325, 325, 100, 5, 0]||['s']
[325, 325, 325, 325, 100, 5, 0]||['s']
[325, 325, 325, 325, 100, 5, 0]||['s']
[325, 325, 325, 325, 100, 5, 0]||['s']
[325, 325, 325, 325, 100, 5, 0]||['s']
[325, 325, 325, 325, 100, 5, 0]||['s']
[325, 325, 325, 325, 100, 5, 0]||['s']
[325, 325, 325, 325, 100, 5, 0]||['s']
[325, 325, 325, 325, 100, 5, 0]||['s']
[325, 325, 325, 325, 100, 5, 0]||['s']
[325, 325, 325, 325, 100, 5, 0]||['s']
[325, 325, 325, 325, 100, 5, 0]||['s']
[325, 325, 325, 325, 100, 5, 0]||['s']
[325, 325, 325, 325, 100, 5, 0]||['s']
[325, 325, 325, 325, 100, 5, 0]||['s']
[325, 325, 325, 325, 100, 5, 0]||['s']
[325, 325, 325, 325, 100, 5, 0]||['s']
[325, 325, 325, 325, 100, 5, 0]||['s']
[325, 325, 325, 325, 100, 5, 0]||['s']
[325, 325, 325, 325, 100, 5, 0]||['s']
[318, 325, 325, 325, 100, 5, 0]||['s']
[314, 325, 325, 325, 100, 5, 0]||['s']
[309, 325, 325, 325, 100, 5, 0]||['s']
[304, 325, 325, 325, 100, 5, 0]||['s']
[299, 325, 325, 325, 100, 5, 0]||['s']
[294, 325, 325, 325, 100, 5, 0]||['s']
[289, 325, 325, 325, 100, 5, 0]||['s']
[284, 325, 325, 325, 100, 5, 0]||['s']
[279, 325, 325, 325, 100, 5, 0]||['s']
[274, 325, 325, 325, 100, 5, 0]||['s']
[269, 325, 325, 325, 100, 5, 0]||['s']
[264, 325, 325, 325, 100, 5, 0]||['s']
[259, 325, 325, 325, 100, 5, 0]||['s']
[254, 325, 325, 325, 100, 5, 0]||['s']
[250, 325, 325, 325, 100, 5, 0]||['s']
[245, 325, 325, 325, 100, 5, 0]||['s']
[240, 325, 325, 325, 100, 5, 0]||['s']
[235, 325, 325, 325, 100, 5, 0]||['s']
[230, 325, 325, 325, 100, 5, 0]||['s']
[225, 325, 325, 325, 100, 5, 0]||['s']
[220, 325, 325, 325, 100, 5, 0]||['s']
[215, 325, 325, 325, 100, 5, 0]||['s']
[211, 325, 325, 325, 100, 5, 0]||['s']
[206, 325, 325, 325, 100, 5, 0]||['s']
[201, 325, 325, 325, 100, 5, 0]||['s']
[196, 325, 325, 325, 100, 5, 0]||['s']
[191, 325, 325, 325, 100, 5, 0]||['s']
[186, 325, 325, 325, 100, 5, 0]||['s']
[182, 325, 325, 325, 100, 5, 0]||['s']
[177, 325, 325, 325, 100, 5, 0]||['s']
[172, 325, 325, 325, 100, 5, 0]||['s']
[167, 325, 325, 325, 100, 5, 0]||['s']
[162, 325, 325, 325, 100, 5, 0]||['s']
[158, 325, 325, 325, 100, 5, 0]||['s']
[153, 325, 325, 325, 100, 5, 0]||['s']
[148, 325, 325, 325, 100, 5, 0]||['s']
[143, 325, 325, 325, 100, 5, 0]||['s']
[139, 325, 325, 325, 100, 5, 0]||['s']
[134, 325, 325, 325, 100, 5, 0]||['s']
[130, 325, 325, 325, 100, 5, 0]||['s']
[125, 325, 325, 325, 100, 5, 0]||['s']
[120, 325, 325, 325, 100, 5, 0]||['s']
[116, 325, 325, 325, 100, 5, 0]||['s']
[111, 325, 325, 325, 100, 5, 0]||['s']
[107, 325, 325, 325, 100, 5, 0]||['s']
[102, 325, 325, 325, 100, 5, 0]||['s']
[98, 325, 325, 325, 100, 5, 0]||['s']
[94, 325, 325, 325, 100, 5, 0]||['s']
[90, 325, 325, 325, 100, 5, 0]||['s']
[86, 325, 325, 325, 100, 5, 0]||['s']
[82, 325, 325, 325, 100, 5, 0]||['s']
[78, 325, 325, 325, 100, 5, 0]||['s']
[74, 325, 325, 325, 100, 5, 0]||['s']
[70, 325, 325, 325, 100, 5, 0]||['s']
[67, 325, 325, 325, 100, 5, 0]||['d']
[67, 325, 325, 325, 100, 5, 0]||['d']
[67, 325, 325, 325, 100, 5, 0]||['d']
[67, 325, 325, 325, 100, 5, 0]||['d']
[67, 325, 325, 325, 100, 5, 0]||['d']
[67, 325, 325, 325, 100, 5, 0]||['d']
[67, 325, 325, 325, 100, 5, 0]||['d']
[67, 325, 325, 325, 100, 5, 0]||['d']
[67, 325, 325, 325, 100, 5, 0]||['d']
[67, 325, 325, 325, 100, 5, 0]||['d']
[67, 325, 325, 325, 100, 5, 0]||['d']
[67, 325, 325, 325, 100, 5, 0]||['d']
[67, 325, 325, 325, 100, 5, 0]||['d']
[67, 325, 325, 325, 100, 5, 0]||[]
[67, 325, 325, 325, 100, 5, 0]||[]
[67, 325, 325, 325, 100, 5, 0]||['s']
[64, 325, 325, 325, 100, 5, 0]||['s']
[61, 325, 325, 325, 100, 5, 0]||[]
[61, 325, 325, 325, 100, 5, 0]||[]
[61, 325, 325, 325, 100, 5, 0]||['s']
[58, 325, 325, 325, 100, 5, 0]||['s']
[55, 325, 325, 325, 100, 5, 0]||[]
[55, 325, 325, 325, 100, 5, 0]||[]
[55, 325, 325, 325, 100, 5, 0]||[]
[55, 325, 325, 325, 100, 5, 0]||[]
[55, 325, 325, 325, 100, 5, 0]||[]
[55, 325, 325, 325, 100, 5, 0]||[]
[55, 325, 325, 325, 100, 5, 0]||['d']
[55, 325, 325, 325, 100, 5, 0]||['d']
[55, 325, 325, 325, 100, 5, 0]||['d']
[55, 325, 325, 325, 100, 5, 0]||['d']
[55, 325, 325, 325, 100, 5, 0]||['d']
[55, 325, 325, 325, 100, 5, 0]||['d']
[55, 325, 325, 325, 100, 5, 0]||['d']
[55, 325, 325, 325, 100, 5, 0]||['d']
[55, 325, 325, 325, 100, 5, 0]||['d']
[55, 325, 325, 325, 100, 5, 0]||['d']
[55, 325, 325, 325, 100, 5, 0]||['d']
[55, 325, 325, 325, 100, 5, 0]||['d']
[55, 325, 325, 325, 100, 5, 0]||['d']
[55, 325, 325, 325, 100, 5, 0]||['d']
[55, 325, 325, 325, 100, 5, 0]||['d']
[55, 325, 325, 325, 100, 5, 0]||['d']
[55, 325, 325, 325, 100, 5, 0]||['d']
[55, 325, 325, 325, 100, 5, 0]||['d']
[55, 325, 325, 325, 100, 5, 0]||[]
[55, 325, 325, 325, 100, 5, 0]||[]
[55, 325, 325, 325, 100, 5, 0]||['d']
[55, 325, 325, 325, 100, 5, 0]||[]
[55, 325, 325, 325, 100, 5, 0]||[]
[55, 325, 325, 325, 100, 5, 0]||['d']
[55, 325, 325, 325, 100, 5, 0]||[]
[55, 325, 325, 325, 100, 5, 0]||[]
[55, 325, 325, 325, 100, 5, 0]||[]
[55, 325, 325, 325, 100, 5, 0]||[]
[55, 325, 325, 325, 100, 5, 0]||['d']
[55, 325, 325, 325, 100, 5, 0]||['d']
[55, 325, 325, 325, 100, 5, 0]||[]
[55, 325, 325, 325, 100, 5, 0]||[]
[55, 325, 325, 325, 100, 5, 0]||['s']
[53, 325, 325, 325, 100, 5, 0]||['s']
[52, 325, 325, 325, 100, 5, 0]||[]
[52, 325, 325, 325, 100, 5, 0]||['s']
[50, 325, 325, 325, 100, 5, 0]||['s']
[50, 325, 325, 325, 100, 5, 0]||[]
[50, 325, 325, 325, 100, 5, 0]||['s']
[50, 325, 325, 325, 100, 5, 0]||['s']
[50, 325, 325, 325, 100, 5, 0]||[]
[50, 325, 325, 325, 100, 5, 0]||[]
[50, 325, 325, 325, 100, 5, 0]||[]
[50, 325, 325, 325, 100, 5, 0]||[]
[50, 325, 325, 325, 100, 5, 0]||['d']
[45, 325, 325, 325, 100, 5, 0]||['d']
[40, 325, 325, 325, 100, 5, 0]||[]
[40, 325, 325, 325, 100, 5, 0]||[]
[40, 325, 325, 325, 100, 5, 0]||['d']
[35, 325, 325, 325, 100, 5, 0]||['d']
[30, 325, 325, 325, 100, 5, 0]||[]
[30, 325, 325, 325, 100, 5, 0]||['d']
