[325, 325, 325, 325, 100, 0, 0]||[]
[325, 325, 325, 325, 100, 0, 0]||[]
[325, 325, 325, 325, 100, 0, 0]||[]
[325, 325, 325, 325, 100, 0, 0]||[]
[325, 325, 325, 325, 100, 0, 0]||[]
[325, 325, 325, 325, 100, 0, 0]||[]
[325, 325, 325, 325, 100, 0, 0]||[]
[325, 325, 325, 325, 100, 0, 0]||[]
[325, 325, 325, 325, 100, 0, 0]||[]
[325, 325, 325, 325, 100, 0, 0]||[]
[325, 325, 325, 325, 100, 0, 0]||[]
[325, 325, 325, 325, 100, 0, 0]||[]
[325, 325, 325, 325, 100, 0, 0]||[]
[325, 325, 325, 325, 100, 0, 0]||[]
[325, 325, 325, 325, 100, 0, 0]||[]
[325, 325, 325, 325, 100, 0, 0]||[]
[325, 325, 325, 325, 100, 0, 0]||[]
[325, 325, 325, 325, 100, 0, 0]||[]
[325, 325, 325, 325, 100, 0, 0]||[]
[325, 325, 325, 325, 100, 0, 0]||[]
[325, 325, 325, 325, 100, 0, 0]||[]
[325, 325, 325, 325, 100, 0, 0]||[]
[325, 325, 325, 325, 100, 0, 0]||[]
[325, 325, 325, 325, 100, 0, 0]||[]
[325, 325, 325, 325, 100, 0, 0]||[]
[325, 325, 325, 325, 100, 0, 0]||[]
[325, 325, 325, 325, 100, 0, 0]||[]
[325, 325, 325, 325, 100, 0, 0]||[]
[325, 325, 325, 325, 100, 0, 0]||[]
[325, 325, 325, 325, 100, 0, 0]||[]
[325, 325, 325, 325, 100, 0, 0]||['d']
[325, 325, 325, 325, 100, 0, 0]||['d']
[325, 325, 325, 325, 100, 0, 0]||['d']
[325, 325, 325, 325, 100, 0, 0]||['d']
[325, 325, 325, 325, 100, 0, 0]||['d']
[325, 325, 325, 325, 100, 0, 0]||['d']
[325, 325, 325, 325, 100, 0, 0]||['d']
[325, 325, 325, 325, 100, 0, 0]||['d']
[325, 325, 325, 325, 100, 0, 0]||['d']
[325, 325, 325, 325, 100, 0, 0]||['d']
[325, 325, 325, 325, 100, 0, 0]||['d']
[325, 325, 325, 325, 100, 0, 0]||['d']
[325, 325, 325, 325, 100, 0, 0]||[]
[325, 325, 325, 325, 100, 0, 0]||[]
[325, 325, 325, 325, 100, 0, 0]||[]
[325, 325, 325, 325, 100, 0, 0]||[]
[325, 325, 325, 325, 100, 0, 0]||[]
[325, 325, 325, 325, 100, 0, 0]||[]
[325, 325, 325, 325, 100, 0, 0]||[]
[325, 325, 325, 325, 100, 0, 0]||[]
[325, 325, 325, 325, 100, 0, 0]||[]
[325, 325, 325, 325, 100, 0, 0]||[]
[325, 325, 325, 325, 100, 0, 0]||[]
[325, 325, 325, 325, 100, 0, 0]||[]
[325, 325, 325, 325, 100, 0, 0]||[]
[325, 325, 325, 325, 100, 0, 0]||[]
[325, 325, 325, 325, 100, 0, 0]||[]
[325, 325, 325, 325, 100, 0, 0]||['d']
[325, 325, 325, 325, 100, 0, 0]||['d']
[325, 325, 325, 325, 100, 0, 0]||['d']
[325, 325, 325, 325, 100, 0, 0]||['d']
[325, 325, 325, 325, 100, 0, 0]||['d']
[325, 325, 325, 325, 100, 0, 0]||['d']
[325, 325, 325, 325, 100, 0, 0]||['d']
[325, 325, 325, 325, 100, 0, 0]||['d']
[325, 325, 325, 325, 100, 0, 0]||['d']
[325, 325, 325, 325, 100, 0, 0]||['d']
[325, 325, 325, 325, 100, 0, 0]||['d']
[325, 325, 325, 325, 100, 0, 0]||['d']
[325, 325, 325, 325, 100, 0, 0]||['d']
[325, 325, 325, 325, 100, 0, 0]||['d']
[325, 325, 325, 325, 100, 0, 0]||['d']
[325, 325, 325, 325, 100, 0, 0]||['d']
[325, 325, 325, 325, 100, 0, 0]||['d']
[325, 325, 325, 325, 100, 0, 0]||[]
[325, 325, 325, 325, 100, 0, 0]||[]
[325, 325, 325, 325, 100, 0, 0]||[]
[325, 325, 325, 325, 100, 0, 0]||[]
[325, 325, 325, 325, 100, 0, 0]||['d']
[325, 325, 325, 325, 100, 0, 0]||['d']
[325, 325, 325, 325, 100, 0, 0]||['d']
[325, 325, 325, 325, 100, 0, 0]||['d']
[325, 325, 325, 325, 100, 0, 0]||['d']
[325, 325, 325, 325, 100, 0, 0]||['d']
[325, 325, 325, 325, 100, 0, 0]||['d']
[325, 325, 325, 325, 100, 0, 0]||['d']
[325, 325, 325, 325, 100, 0, 0]||['d']
[325, 325, 325, 325, 100, 0, 0]||['d']
[325, 325, 325, 325, 100, 0, 0]||['d']
[325, 325, 325, 325, 100, 0, 0]||['d']
[325, 325, 325, 325, 100, 0, 0]||['d']
[325, 325, 325, 325, 100, 0, 0]||['d']
[325, 325, 325, 325, 100, 0, 0]||['d']
[325, 325, 325, 325, 100, 0, 0]||['d']
[325, 325, 325, 325, 100, 0, 0]||['d']
[325, 325, 325, 325, 100, 0, 0]||['d']
[325, 325, 325, 325, 100, 0, 0]||['d']
[325, 325, 325, 325, 100, 0, 0]||['d']
[325, 325, 325, 325, 100, 0, 0]||['d']
[325, 325, 325, 325, 100, 0, 0]||['d']
[325, 325, 325, 325, 100, 0, 0]||['d']
[325, 325, 325, 325, 100, 0, 0]||['d']
[325, 325, 325, 325, 100, 0, 0]||['d']
[325, 325, 325, 325, 100, 0, 0]||['d']
[325, 325, 325, 325, 100, 0, 0]||['d']
[325, 325, 325, 325, 100, 0, 0]||['d']
[325, 325, 325, 325, 100, 0, 0]||['d']
[325, 325, 325, 325, 100, 0, 0]||['d']
[325, 325, 325, 325, 100, 0, 0]||['d']
[325, 325, 325, 325, 100, 0, 0]||['d']
[325, 325, 325, 325, 100, 0, 0]||['d']
[325, 325, 325, 325, 100, 0, 0]||['d']
[325, 325, 325, 325, 100, 0, 0]||['d']
[325, 325, 325, 325, 100, 0, 0]||['d']
[325, 325, 325, 325, 100, 0, 0]||['d']
[325, 325, 325, 315, 100, 0, 0]||['d']
[325, 325, 325, 310, 100, 0, 0]||['d']
[325, 325, 325, 305, 100, 0, 0]||['d']
[325, 325, 325, 300, 100, 0, 0]||['d']
[325, 325, 325, 295, 100, 0, 0]||['d']
[325, 325, 325, 290, 100, 0, 0]||['d']
[325, 325, 325, 285, 100, 0, 0]||['d']
[325, 325, 325, 280, 100, 0, 0]||['d']
[325, 324, 325, 275, 100, 0, 0]||['d']
[325, 320, 325, 270, 100, 0, 0]||['d']
[325, 316, 325, 265, 100, 0, 0]||['d']
[325, 312, 325, 260, 100, 0, 0]||['d']
[325, 308, 325, 255, 100, 0, 0]||['d']
[325, 304, 325, 250, 100, 0, 0]||['d']
[325, 300, 325, 245, 100, 0, 0]||['d']
[325, 296, 325, 240, 100, 0, 0]||['d']
[325, 292, 325, 235, 100, 0, 0]||['d']
[325, 288, 325, 230, 100, 0, 0]||['d']
[325, 284, 325, 225, 100, 0, 0]||['d']
[325, 280, 325, 220, 100, 0, 0]||[]
[325, 280, 325, 220, 100, 0, 0]||[]
[325, 280, 325, 220, 100, 0, 0]||[]
[325, 280, 325, 220, 100, 0, 0]||[]
[325, 280, 325, 220, 100, 0, 0]||[]
[325, 280, 325, 220, 100, 0, 0]||[]
[325, 280, 325, 220, 100, 0, 0]||[]
[325, 280, 325, 220, 100, 0, 0]||[]
[325, 280, 325, 220, 100, 0, 0]||[]
[325, 280, 325, 220, 100, 0, 0]||[]
[325, 280, 325, 220, 100, 0, 0]||[]
[325, 280, 325, 220, 100, 0, 0]||[]
[325, 280, 325, 220, 100, 0, 0]||[]
[325, 280, 325, 220, 100, 0, 0]||['d']
[325, 276, 325, 215, 100, 0, 0]||['d']
[325, 272, 325, 210, 100, 0, 0]||['d']
[325, 269, 325, 205, 100, 0, 0]||['d']
[325, 265, 325, 200, 100, 0, 0]||[]
[325, 265, 325, 200, 100, 0, 0]||[]
[325, 265, 325, 200, 100, 0, 0]||[]
[325, 265, 325, 200, 100, 0, 0]||[]
[325, 265, 325, 200, 100, 0, 0]||[]
[325, 265, 325, 200, 100, 0, 0]||[]
[325, 265, 325, 200, 100, 0, 0]||[]
[325, 265, 325, 200, 100, 0, 0]||['d']
[325, 261, 325, 195, 100, 0, 0]||['d']
[325, 258, 325, 190, 100, 0, 0]||['d']
[325, 254, 325, 185, 100, 0, 0]||['d']
[325, 251, 325, 180, 100, 0, 0]||['d']
[325, 247, 325, 175, 100, 0, 0]||['d']
[325, 244, 325, 170, 100, 0, 0]||['d']
[325, 240, 325, 165, 100, 0, 0]||['d']
[325, 237, 325, 160, 100, 0, 0]||['d']
[325, 234, 325, 155, 100, 0, 0]||['d']
[325, 231, 325, 150, 100, 0, 0]||['d']
[325, 228, 325, 145, 100, 0, 0]||['d']
[325, 225, 325, 140, 100, 0, 0]||['d']
[325, 222, 325, 135, 100, 0, 0]||[]
[325, 222, 325, 135, 100, 0, 0]||[]
[325, 222, 325, 135, 100, 0, 0]||[]
[325, 222, 325, 135, 100, 0, 0]||['s']
[325, 218, 325, 135, 100, 0, 0]||['s']
[325, 214, 325, 135, 100, 0, 0]||['s']
[325, 210, 325, 135, 100, 0, 0]||['s']
[325, 206, 325, 135, 100, 0, 0]||['s']
[325, 202, 325, 136, 100, 0, 0]||['s']
[325, 198, 325, 137, 100, 0, 0]||['s']
[325, 193, 325, 138, 100, 0, 0]||['s']
[325, 188, 325, 139, 100, 0, 0]||['s']
[325, 183, 325, 140, 100, 0, 0]||['s']
[325, 179, 325, 142, 100, 0, 0]||['s']
[325, 174, 325, 143, 100, 0, 0]||['s']
[325, 169, 325, 145, 100, 0, 0]||['s']
[325, 166, 325, 147, 100, 0, 0]||['s']
[325, 161, 325, 149, 100, 0, 0]||['s']
[325, 157, 325, 152, 100, 0, 0]||['s']
[325, 153, 325, 154, 100, 0, 0]||['s']
[325, 149, 325, 156, 100, 0, 0]||['s']
[325, 146, 325, 159, 100, 0, 0]||['s']
[325, 142, 325, 162, 100, 0, 0]||['s']
[325, 138, 325, 165, 100, 0, 0]||['s']
[325, 134, 325, 168, 100, 0, 0]||['s']
[325, 131, 325, 171, 100, 0, 0]||['s']
[325, 127, 325, 174, 100, 0, 0]||['s']
[325, 125, 325, 177, 100, 0, 0]||['s']
[325, 123, 325, 180, 100, 0, 0]||['s']
[325, 120, 325, 183, 100, 0, 0]||['s']
[325, 117, 325, 187, 100, 0, 0]||['s']
[325, 115, 325, 190, 100, 0, 0]||['s']
[325, 113, 325, 194, 100, 0, 0]||['s']
[325, 111, 325, 198, 100, 0, 0]||['s']
[325, 109, 325, 201, 100, 0, 0]||['s']
[325, 108, 325, 205, 100, 0, 0]||[]
[325, 107, 325, 205, 100, 0, 0]||['d']
[325, 101, 325, 202, 100, 0, 0]||['d']
[325, 95, 325, 199, 100, 0, 0]||['d']
[325, 89, 325, 196, 100, 0, 0]||['d']
[325, 83, 325, 193, 100, 0, 0]||[]
[325, 82, 325, 193, 100, 0, 0]||[]
[325, 81, 325, 193, 100, 0, 0]||[]
[325, 80, 325, 193, 100, 0, 0]||[]
[325, 79, 325, 193, 100, 0, 0]||[]
[325, 78, 325, 193, 100, 0, 0]||[]
[325, 77, 325, 193, 100, 0, 0]||[]
[325, 76, 325, 193, 100, 0, 0]||[]
[325, 75, 325, 193, 100, 0, 0]||[]
[325, 74, 325, 193, 100, 0, 0]||['sw']
[325, 73, 325, 193, 100, 0, 0]||[]
[325, 72, 325, 193, 100, 0, 0]||[]
[325, 71, 325, 193, 100, 0, 0]||[]
[325, 70, 325, 193, 100, 0, 0]||[]
[325, 69, 325, 193, 100, 0, 0]||['sw']
[325, 68, 325, 193, 100, 0, 0]||[]
[325, 67, 325, 193, 100, 0, 0]||[]
[325, 66, 325, 193, 100, 0, 0]||[]
[325, 65, 325, 193, 100, 0, 0]||['sw']
[325, 64, 325, 193, 100, 0, 0]||[]
[325, 63, 325, 193, 100, 0, 0]||[]
[325, 62, 325, 193, 100, 0, 0]||[]
[325, 61, 325, 193, 100, 0, 0]||[]
[325, 60, 325, 193, 100, 0, 0]||[]
[325, 59, 325, 193, 100, 0, 0]||['sw']
[325, 58, 325, 193, 100, 0, 0]||[]
[325, 57, 325, 193, 100, 0, 0]||[]
[325, 56, 325, 193, 100, 0, 0]||[]
[325, 55, 325, 193, 100, 0, 0]||['sw']
[325, 54, 325, 193, 100, 0, 0]||[]
[325, 53, 325, 193, 100, 0, 0]||[]
[325, 52, 325, 193, 100, 0, 0]||[]
[325, 51, 325, 193, 100, 0, 0]||['sw']
[325, 50, 325, 193, 100, 0, 0]||[]
[325, 49, 325, 193, 100, 0, 0]||[]
[325, 48, 325, 193, 100, 0, 0]||[]
[325, 47, 325, 193, 100, 0, 0]||[]
[325, 46, 325, 193, 100, 0, 0]||['sw']
[325, 45, 325, 193, 100, 0, 0]||[]
[325, 63, 325, 193, 100, 0, 0]||[]
[325, 62, 325, 193, 100, 0, 0]||[]
[325, 61, 325, 193, 100, 0, 0]||['sw']
[325, 60, 325, 193, 100, 0, 0]||[]
[325, 59, 325, 193, 100, 0, 0]||[]
[325, 58, 325, 193, 100, 0, 0]||[]
[325, 57, 325, 193, 100, 0, 0]||[]
[325, 56, 325, 193, 100, 0, 0]||['sw']
[325, 55, 325, 193, 100, 0, 0]||[]
[325, 54, 325, 193, 100, 0, 0]||[]
[325, 53, 325, 193, 100, 0, 0]||[]
[325, 52, 325, 193, 100, 0, 0]||['d', 'sw']
[325, 46, 325, 190, 100, 0, 0]||['d']
[325, 58, 325, 187, 100, 0, 0]||['d']
[325, 52, 325, 184, 100, 0, 0]||['d']
[325, 46, 325, 181, 100, 0, 0]||[]
[325, 45, 325, 181, 100, 0, 0]||['sw']
[325, 64, 325, 181, 100, 0, 0]||[]
[325, 63, 325, 181, 100, 0, 0]||[]
[325, 62, 325, 181, 100, 0, 0]||[]
[325, 61, 325, 181, 100, 0, 0]||['sw']
[325, 60, 325, 181, 100, 0, 0]||[]
[325, 59, 325, 181, 100, 0, 0]||[]
[325, 58, 325, 181, 100, 0, 0]||[]
[325, 57, 325, 181, 100, 0, 0]||['sw']
[325, 56, 325, 181, 100, 0, 0]||[]
[325, 55, 325, 181, 100, 0, 0]||[]
[325, 54, 325, 181, 100, 0, 0]||[]
[325, 53, 325, 181, 100, 0, 0]||['d']
[325, 47, 325, 179, 100, 0, 0]||['d', 'sw']
[325, 59, 325, 176, 100, 0, 0]||['d']
[325, 53, 325, 174, 100, 0, 0]||[]
[325, 52, 325, 174, 100, 0, 0]||[]
[325, 51, 325, 174, 100, 0, 0]||[]
[325, 50, 325, 174, 100, 0, 0]||['sw']
[325, 49, 325, 174, 100, 0, 0]||[]
[325, 48, 325, 174, 100, 0, 0]||[]
[325, 47, 325, 174, 100, 0, 0]||['d']
[325, 41, 325, 172, 100, 0, 0]||['d', 'sw']
[325, 325, 325, 170, 100, 0, 10]||[]
[325, 325, 325, 170, 100, 0, 10]||[]
[325, 325, 325, 170, 100, 0, 10]||[]
[325, 325, 325, 170, 100, 0, 10]||[]
[325, 325, 325, 170, 100, 0, 10]||['d']
[325, 325, 325, 168, 100, 0, 10]||[]
[325, 325, 325, 168, 100, 0, 10]||['sw']
[325, 325, 325, 168, 100, 0, 10]||[]
[325, 325, 325, 168, 100, 0, 10]||[]
[325, 325, 325, 168, 100, 0, 10]||[]
[325, 325, 325, 168, 100, 0, 10]||[]
[325, 325, 325, 168, 100, 0, 10]||[]
[325, 325, 325, 168, 100, 0, 10]||[]
[325, 325, 325, 168, 100, 0, 10]||[]
[325, 325, 325, 168, 100, 0, 10]||[]
[325, 325, 325, 168, 100, 0, 10]||[]
[325, 325, 325, 168, 100, 0, 10]||[]
[325, 325, 325, 168, 100, 0, 10]||[]
[325, 325, 325, 168, 100, 0, 10]||[]
[325, 325, 325, 168, 100, 0, 10]||[]
[325, 325, 325, 168, 100, 0, 10]||[]
[325, 325, 325, 168, 100, 0, 10]||[]
[325, 325, 325, 168, 100, 0, 10]||[]
[325, 325, 325, 168, 100, 0, 10]||[]
[325, 325, 325, 168, 100, 0, 10]||[]
[325, 325, 325, 168, 100, 0, 10]||['w']
[325, 325, 325, 163, 100, 0, 10]||['w']
[325, 325, 325, 158, 100, 0, 10]||['w']
[325, 325, 325, 154, 100, 0, 10]||['w']
[325, 325, 325, 149, 100, 0, 10]||['w']
[325, 325, 325, 145, 100, 0, 10]||['w']
[325, 325, 325, 140, 100, 0, 10]||['w']
[325, 325, 325, 136, 100, 0, 10]||['w']
[325, 325, 325, 132, 100, 0, 10]||['w']
[325, 325, 325, 127, 100, 0, 10]||['w']
[325, 325, 325, 123, 100, 0, 10]||['w']
[325, 325, 325, 119, 100, 0, 10]||['w']
[325, 325, 325, 115, 100, 0, 10]||['w']
[325, 325, 325, 111, 100, 0, 10]||['w']
[325, 325, 325, 107, 100, 0, 10]||['w']
[325, 325, 325, 103, 100, 0, 10]||['w']
[325, 325, 325, 99, 100, 0, 10]||['w', 'd']
[325, 325, 325, 92, 100, 0, 10]||['w', 'd']
[325, 325, 325, 85, 100, 0, 10]||['w', 'd']
[325, 325, 325, 78, 100, 0, 10]||['w', 'd']
[325, 325, 325, 71, 100, 0, 10]||['w', 'd']
[325, 325, 325, 64, 100, 0, 10]||['w', 'd']
[325, 325, 325, 57, 100, 0, 10]||['w', 'd']
[325, 325, 325, 50, 100, 0, 10]||['d']
[325, 325, 325, 47, 100, 0, 10]||['d']
[325, 325, 325, 44, 100, 0, 10]||['d']
[325, 325, 325, 42, 100, 0, 10]||['d']
[325, 325, 325, 41, 100, 0, 10]||['d']
[325, 325, 325, 40, 100, 0, 10]||[]
[325, 325, 325, 40, 100, 0, 10]||[]
[325, 325, 325, 40, 100, 0, 10]||['w']
[325, 325, 325, 35, 100, 0, 10]||['w']
[325, 325, 325, 30, 100, 0, 10]||['w']
[325, 325, 325, 25, 100, 0, 10]||['w']
[325, 325, 325, 20, 100, 0, 10]||[]
[325, 325, 325, 20, 100, 0, 10]||[]
[325, 325, 325, 20, 100, 0, 10]||[]
[325, 325, 325, 20, 100, 0, 10]||[]
[325, 325, 325, 20, 100, 0, 10]||[]
[325, 325, 325, 20, 100, 0, 10]||[]
[325, 325, 325, 20, 100, 0, 10]||[]
[325, 325, 325, 20, 100, 0, 10]||[]
[325, 325, 325, 20, 100, 0, 10]||[]
[325, 325, 325, 20, 100, 0, 10]||[]
[325, 325, 325, 20, 100, 0, 10]||[]
[325, 325, 325, 20, 100, 0, 10]||['w']
[325, 325, 325, 325, 100, 0, 10]||['w']
[325, 325, 325, 325, 100, 0, 10]||['w']
[325, 325, 325, 325, 100, 0, 10]||['w']
[325, 325, 325, 325, 100, 0, 10]||['w']
[325, 325, 325, 325, 100, 0, 10]||['w']
[325, 325, 325, 325, 100, 0, 10]||['w', 'd']
[325, 325, 325, 325, 100, 0, 10]||['d']
[325, 325, 325, 325, 100, 0, 10]||['d']
[325, 325, 325, 325, 100, 0, 10]||['d']
[325, 325, 325, 325, 100, 0, 10]||['d']
[325, 325, 325, 325, 100, 0, 10]||['d']
[325, 325, 325, 325, 100, 0, 10]||['d']
[325, 325, 325, 325, 100, 0, 10]||['d']
[325, 325, 325, 325, 100, 0, 10]||['d']
[325, 325, 325, 325, 100, 0, 10]||['d']
[325, 325, 325, 325, 100, 0, 10]||['d']
[325, 325, 325, 325, 100, 0, 10]||['d']
[325, 325, 325, 325, 100, 0, 10]||['d']
[325, 325, 325, 325, 100, 0, 10]||['d']
[325, 325, 325, 325, 100, 0, 10]||['d']
[325, 325, 325, 325, 100, 0, 10]||['d']
[325, 325, 325, 325, 100, 0, 10]||['d']
[325, 325, 325, 325, 100, 0, 10]||['d']
[325, 325, 325, 325, 100, 0, 10]||['d']
[325, 325, 325, 325, 100, 0, 10]||['d']
[325, 325, 325, 325, 100, 0, 10]||['d']
[325, 325, 325, 325, 100, 0, 10]||['d']
[325, 325, 325, 325, 100, 0, 10]||['d', 's']
[325, 325, 325, 325, 100, 0, 10]||['d', 's']
[325, 325, 325, 325, 100, 0, 10]||['d', 's']
[325, 325, 325, 325, 100, 0, 10]||['d']
[325, 325, 325, 325, 100, 0, 10]||['d']
[325, 325, 325, 325, 100, 0, 10]||['d']
[325, 325, 325, 325, 100, 0, 10]||['d']
[325, 325, 325, 325, 100, 0, 10]||['d']
[325, 325, 325, 325, 100, 0, 10]||['d']
[325, 325, 325, 325, 100, 0, 10]||['d']
[325, 325, 325, 325, 100, 0, 10]||['d']
[325, 325, 325, 325, 100, 0, 10]||['d']
[325, 325, 325, 325, 100, 0, 10]||['d']
[325, 325, 325, 325, 100, 0, 10]||['d']
[325, 325, 325, 325, 100, 0, 10]||['d']
[325, 325, 325, 325, 100, 0, 10]||['d']
[325, 325, 325, 325, 100, 0, 10]||['d']
[325, 325, 325, 325, 100, 0, 10]||['d']
[325, 325, 325, 325, 100, 0, 10]||['d']
[325, 325, 325, 325, 100, 0, 10]||['d']
[325, 325, 325, 325, 100, 0, 10]||['d']
[325, 325, 325, 325, 100, 0, 10]||['d']
[325, 325, 325, 325, 100, 0, 10]||['d']
[325, 325, 325, 325, 100, 0, 10]||['d']
[325, 325, 325, 325, 100, 0, 10]||['d']
[325, 325, 325, 325, 100, 0, 10]||['d']
[325, 325, 325, 325, 100, 0, 10]||['d']
[325, 325, 325, 325, 100, 0, 10]||['d']
[325, 325, 325, 325, 100, 0, 10]||['d']
[325, 325, 325, 325, 100, 0, 10]||['d']
[325, 325, 325, 325, 100, 0, 10]||['d']
[325, 325, 325, 325, 100, 0, 10]||['d']
[325, 325, 325, 325, 100, 0, 10]||['d']
[325, 325, 325, 325, 100, 0, 10]||['d']
[325, 325, 325, 325, 100, 0, 10]||['d']
[325, 325, 325, 325, 100, 0, 10]||['d']
[325, 325, 325, 325, 100, 0, 10]||['d']
[325, 325, 325, 325, 100, 0, 10]||['d']
[325, 325, 325, 325, 100, 0, 10]||['d']
[325, 325, 325, 325, 100, 0, 10]||['d']
[325, 325, 325, 325, 100, 0, 10]||['d']
[325, 325, 325, 325, 100, 0, 10]||['d']
[325, 325, 325, 325, 100, 0, 10]||['d']
[325, 325, 325, 325, 100, 0, 10]||['d']
[325, 325, 325, 325, 100, 0, 10]||['d']
[325, 325, 325, 325, 100, 0, 10]||['d']
[325, 325, 325, 325, 100, 0, 10]||['d']
[325, 325, 325, 325, 100, 0, 10]||['d']
[325, 325, 325, 325, 100, 0, 10]||['d']
[325, 325, 325, 325, 100, 0, 10]||['d']
[325, 325, 325, 325, 100, 0, 10]||['d']
[325, 325, 325, 325, 100, 0, 10]||['d']
[325, 325, 325, 325, 100, 0, 10]||['d']
[325, 325, 325, 325, 100, 0, 10]||['d']
[325, 325, 325, 325, 100, 0, 10]||['d']
[325, 325, 325, 325, 100, 0, 10]||['d']
[325, 325, 325, 325, 100, 0, 10]||['d']
[325, 325, 325, 325, 100, 0, 10]||['d']
[325, 325, 325, 325, 100, 0, 10]||['d']
[325, 325, 325, 325, 100, 0, 10]||['d']
[325, 325, 325, 325, 100, 0, 10]||['d']
[325, 325, 325, 325, 100, 0, 10]||['d']
[325, 325, 325, 325, 100, 0, 10]||['d']
[325, 325, 325, 325, 100, 0, 10]||['d']
[325, 325, 325, 325, 100, 0, 10]||['d']
[325, 325, 325, 325, 100, 0, 10]||['d']
[325, 325, 325, 325, 100, 0, 10]||['d']
[325, 325, 325, 325, 100, 0, 10]||['d']
[325, 325, 325, 325, 100, 0, 10]||['d']
[325, 325, 325, 325, 100, 0, 10]||['d']
[325, 325, 325, 325, 100, 0, 10]||['d']
[325, 325, 325, 325, 100, 0, 10]||['d', 's']
[325, 325, 325, 325, 100, 0, 10]||['d', 's']
[325, 325, 325, 325, 100, 0, 10]||['d', 's']
[325, 325, 325, 325, 100, 0, 10]||['d', 's']
[325, 325, 325, 325, 100, 0, 10]||['d', 's']
[325, 325, 325, 325, 100, 0, 10]||['d', 's']
[325, 325, 325, 325, 100, 0, 10]||['s']
[325, 325, 325, 325, 100, 0, 10]||['s']
[325, 325, 325, 325, 100, 0, 10]||['s']
[325, 325, 325, 325, 100, 0, 10]||['s']
[325, 325, 325, 325, 100, 0, 10]||['s']
[325, 325, 325, 325, 100, 0, 10]||['s']
[325, 325, 325, 325, 100, 0, 10]||['s']
[325, 325, 325, 325, 100, 0, 10]||['s']
[325, 325, 325, 325, 100, 0, 10]||['s']
[325, 325, 325, 325, 100, 0, 10]||['s', 'a']
[325, 325, 325, 325, 100, 0, 10]||['s', 'a']
[325, 325, 325, 325, 100, 0, 10]||['s', 'a']
[325, 325, 325, 325, 100, 0, 10]||['s', 'a']
[325, 325, 325, 325, 100, 0, 10]||['s', 'a']
[325, 325, 325, 325, 100, 0, 10]||['s', 'a']
[325, 325, 325, 325, 100, 0, 10]||['s', 'a']
[325, 325, 325, 325, 100, 0, 10]||['s', 'a']
[325, 325, 325, 325, 100, 0, 10]||['s']
[325, 325, 325, 325, 100, 0, 10]||['s', 'a']
[325, 325, 325, 325, 100, 0, 10]||['s', 'a']
[325, 325, 325, 325, 100, 0, 10]||['a']
[325, 325, 325, 325, 100, 0, 10]||[]
[325, 325, 325, 325, 100, 0, 10]||[]
[325, 325, 325, 325, 100, 0, 10]||[]
[325, 325, 325, 325, 100, 0, 10]||['s']
[325, 325, 325, 325, 100, 0, 10]||['s']
[325, 325, 325, 325, 100, 0, 10]||['s']
[325, 325, 325, 325, 100, 0, 10]||['s']
[325, 325, 325, 325, 100, 0, 10]||['s']
[325, 325, 325, 325, 100, 0, 10]||['s']
[325, 325, 325, 325, 100, 0, 10]||['s']
[325, 325, 325, 325, 100, 0, 10]||['s']
[325, 325, 325, 325, 100, 0, 10]||['s']
[325, 325, 325, 325, 100, 0, 10]||['s']
[325, 325, 325, 325, 100, 0, 10]||['s']
[325, 325, 325, 325, 100, 0, 10]||['s']
[325, 325, 325, 325, 100, 0, 10]||['s']
[325, 325, 325, 325, 100, 0, 10]||['s']
[325, 325, 325, 325, 100, 0, 10]||['s']
[325, 325, 325, 325, 100, 0, 10]||['s']
[325, 325, 325, 325, 100, 0, 10]||['s']
[325, 325, 325, 325, 100, 0, 10]||['s']
[325, 325, 325, 325, 100, 0, 10]||['s']
[325, 325, 325, 325, 100, 0, 10]||['s']
[325, 325, 325, 325, 100, 0, 10]||['s']
[325, 325, 325, 325, 100, 0, 10]||['s']
[325, 325, 325, 325, 100, 0, 10]||['s']
[325, 325, 325, 325, 100, 0, 10]||['s']
[325, 325, 325, 325, 100, 0, 10]||['s']
[325, 325, 325, 325, 100, 0, 10]||['s']
[325, 325, 325, 325, 100, 0, 10]||['s']
[325, 325, 325, 325, 100, 0, 10]||['s']
[325, 325, 325, 325, 100, 0, 10]||['s']
[325, 325, 325, 325, 100, 0, 10]||['s']
[325, 325, 325, 325, 100, 0, 10]||['s', 'd']
[325, 325, 325, 325, 100, 0, 10]||['s', 'd']
[325, 325, 325, 325, 100, 0, 10]||['s', 'd']
[325, 325, 325, 325, 100, 0, 10]||['s', 'd']
[325, 325, 325, 325, 100, 0, 10]||['s']
[325, 325, 325, 325, 100, 0, 10]||['s']
[325, 325, 325, 325, 100, 0, 10]||['s']
[325, 325, 325, 325, 100, 0, 10]||['s']
[325, 325, 325, 325, 100, 0, 10]||['s']
[325, 325, 325, 325, 100, 0, 10]||['s']
[325, 325, 325, 325, 100, 0, 10]||['s']
[325, 325, 325, 325, 100, 0, 10]||['s']
[325, 325, 325, 325, 100, 0, 10]||['s']
[325, 325, 325, 325, 100, 0, 10]||['s']
[325, 325, 325, 325, 100, 0, 10]||['s']
[325, 325, 325, 325, 100, 0, 10]||['s']
[325, 325, 325, 325, 100, 0, 10]||['s']
[325, 325, 325, 325, 100, 0, 10]||['s']
[325, 325, 325, 325, 100, 0, 10]||['s']
[325, 325, 325, 325, 100, 0, 10]||['s']
[325, 325, 325, 325, 100, 0, 10]||['s', 'd']
[325, 325, 325, 325, 100, 0, 10]||['s', 'd']
[325, 325, 325, 325, 100, 0, 10]||['d']
[325, 325, 325, 325, 100, 0, 10]||['d']
[325, 325, 325, 325, 100, 0, 10]||['d']
[325, 325, 325, 325, 100, 0, 10]||['d']
[325, 325, 325, 325, 100, 0, 10]||['d']
[325, 325, 325, 325, 100, 0, 10]||['d']
[325, 325, 325, 325, 100, 0, 10]||['d']
[325, 325, 325, 325, 100, 0, 10]||['d']
[325, 325, 325, 325, 100, 0, 10]||['d']
[325, 325, 325, 325, 100, 0, 10]||['d']
[325, 325, 325, 325, 100, 0, 10]||['d']
[325, 325, 325, 325, 100, 0, 10]||['d']
[325, 325, 325, 325, 100, 0, 10]||['d']
[325, 325, 325, 325, 100, 0, 10]||['d']
[325, 325, 325, 325, 100, 0, 10]||['d']
[325, 325, 325, 325, 100, 0, 10]||['d']
[325, 325, 325, 325, 100, 0, 10]||['d']
[325, 325, 325, 325, 100, 0, 10]||['d']
[325, 325, 325, 325, 100, 0, 10]||['d']
[325, 325, 325, 325, 100, 0, 10]||['d']
[325, 325, 325, 325, 100, 0, 10]||['d']
[325, 325, 325, 325, 100, 0, 10]||['d']
[325, 325, 325, 325, 100, 0, 10]||['d']
[325, 325, 325, 325, 100, 0, 10]||['d']
[325, 325, 325, 325, 100, 0, 10]||['d']
[325, 325, 325, 325, 100, 0, 10]||['d']
[325, 325, 325, 325, 100, 0, 10]||['d']
[325, 325, 325, 325, 100, 0, 10]||['d']
[325, 325, 325, 325, 100, 0, 10]||['d']
[325, 325, 325, 325, 100, 0, 10]||['d']
[325, 325, 325, 325, 100, 0, 10]||['d']
[325, 325, 325, 325, 100, 0, 10]||['d']
[325, 325, 325, 325, 100, 0, 10]||['d']
[325, 325, 325, 325, 100, 0, 10]||['d']
[325, 325, 325, 325, 100, 0, 10]||['d']
[325, 325, 325, 325, 100, 0, 10]||['d']
[325, 325, 325, 325, 100, 0, 10]||['d']
[325, 325, 325, 325, 100, 0, 10]||['d']
[325, 325, 325, 325, 100, 0, 10]||['d']
[325, 325, 325, 325, 100, 0, 10]||['d']
[325, 325, 325, 325, 100, 0, 10]||['d']
[325, 325, 325, 325, 100, 0, 10]||['d']
[325, 325, 325, 325, 100, 0, 10]||['d']
[325, 325, 325, 325, 100, 0, 10]||['d']
[325, 325, 325, 325, 100, 0, 10]||['d']
[325, 325, 325, 325, 100, 0, 10]||['d']
[325, 325, 325, 325, 100, 0, 10]||['d']
[325, 325, 325, 325, 100, 0, 10]||['d']
[325, 325, 325, 325, 100, 0, 10]||['d']
[325, 325, 325, 325, 100, 0, 10]||['d']
[325, 325, 325, 325, 100, 0, 10]||['d']
[325, 325, 325, 325, 100, 0, 10]||['d']
[325, 325, 325, 325, 100, 0, 10]||['d']
[325, 325, 325, 325, 100, 0, 10]||['d']
[325, 325, 325, 325, 100, 0, 10]||['d']
[325, 325, 325, 325, 100, 0, 10]||['d']
[325, 325, 325, 325, 100, 0, 10]||['d']
[325, 325, 325, 325, 100, 0, 10]||['d']
[325, 325, 325, 325, 100, 0, 10]||['d']
[325, 325, 325, 325, 100, 0, 10]||['d']
[325, 325, 325, 325, 100, 0, 10]||['d']
[325, 325, 325, 325, 100, 0, 10]||['d']
[325, 325, 325, 325, 100, 0, 10]||['d']
[325, 325, 325, 325, 100, 0, 10]||['d']
[325, 325, 325, 325, 100, 0, 10]||['d']
[325, 325, 325, 325, 100, 0, 10]||['d']
[325, 325, 325, 325, 100, 0, 10]||['d']
[325, 325, 325, 325, 100, 0, 10]||['d']
[325, 325, 325, 325, 100, 0, 10]||['d']
[325, 325, 325, 325, 100, 0, 10]||['d']
[325, 325, 325, 325, 100, 0, 10]||['d']
[325, 325, 325, 325, 100, 0, 10]||['d']
[325, 325, 325, 325, 100, 0, 10]||['d']
[325, 325, 325, 325, 100, 0, 10]||['d']
[325, 325, 325, 325, 100, 0, 10]||['d']
[325, 325, 325, 325, 100, 0, 10]||['d']
[325, 325, 325, 325, 100, 0, 10]||['d']
[325, 325, 325, 325, 100, 0, 10]||['d']
[325, 325, 325, 325, 100, 0, 10]||['d']
[325, 325, 325, 325, 100, 0, 10]||['d']
[325, 325, 325, 325, 100, 0, 10]||['d']
[325, 325, 325, 325, 100, 0, 10]||['d']
[325, 325, 325, 325, 100, 0, 10]||['d']
[325, 325, 325, 325, 100, 0, 10]||['d']
[325, 325, 325, 325, 100, 0, 10]||['d']
[325, 325, 325, 325, 100, 0, 10]||['d']
[325, 325, 325, 325, 100, 0, 10]||['d']
[325, 325, 325, 325, 100, 0, 10]||['d']
[325, 325, 325, 325, 100, 0, 10]||['d']
[325, 325, 325, 325, 100, 0, 10]||['d']
[325, 325, 325, 325, 100, 0, 10]||['d']
[325, 325, 325, 325, 100, 0, 10]||['d']
[325, 325, 325, 325, 100, 0, 10]||['d']
[325, 325, 325, 325, 100, 0, 10]||['d']
[325, 325, 325, 325, 100, 0, 10]||['d']
[325, 325, 325, 325, 100, 0, 10]||['d']
[325, 325, 325, 325, 100, 0, 10]||['d']
[325, 325, 325, 325, 100, 0, 10]||['d']
[325, 325, 325, 325, 100, 0, 10]||['d']
[325, 325, 325, 325, 100, 0, 10]||['d']
[325, 325, 325, 325, 100, 0, 10]||['d']
[325, 325, 325, 325, 100, 0, 10]||['d']
[325, 325, 325, 325, 100, 0, 10]||['d']
[325, 325, 325, 325, 100, 0, 10]||['d']
[325, 325, 325, 325, 100, 0, 10]||['d']
[325, 325, 325, 325, 100, 0, 10]||['d']
[325, 325, 325, 325, 100, 0, 10]||['d']
[325, 325, 325, 325, 100, 0, 10]||['d']
[325, 325, 325, 325, 100, 0, 10]||['d']
[325, 325, 325, 325, 100, 0, 10]||['d']
[325, 325, 325, 325, 100, 0, 10]||['d']
[325, 325, 325, 325, 100, 0, 10]||['d']
[325, 325, 325, 325, 100, 0, 10]||['d']
[325, 325, 325, 325, 100, 0, 10]||['d']
[325, 325, 325, 325, 100, 0, 10]||['d']
[325, 325, 325, 325, 100, 0, 10]||['d']
[325, 325, 325, 325, 100, 0, 10]||['d']
[325, 325, 325, 325, 100, 0, 10]||['d']
[325, 325, 325, 325, 100, 0, 10]||['d']
[325, 325, 325, 325, 100, 0, 10]||['d']
[325, 325, 325, 325, 100, 0, 10]||['d']
[325, 325, 325, 325, 100, 0, 10]||['d']
[325, 325, 325, 325, 100, 0, 10]||['d']
[325, 325, 325, 325, 100, 0, 10]||['d']
[325, 325, 325, 325, 100, 0, 10]||['d']
[325, 325, 325, 325, 100, 0, 10]||['d']
[325, 325, 325, 325, 100, 0, 10]||['d']
[325, 325, 325, 325, 100, 0, 10]||['d']
[325, 325, 325, 325, 100, 0, 10]||['d']
[325, 325, 325, 325, 100, 0, 10]||['d']
[325, 325, 325, 325, 100, 0, 10]||['d']
[325, 325, 325, 325, 100, 0, 10]||['d']
[325, 325, 325, 325, 100, 0, 10]||['d']
[325, 325, 325, 325, 100, 0, 10]||['d']
[325, 325, 325, 325, 100, 0, 10]||['d']
[325, 325, 325, 325, 100, 0, 10]||['d']
[325, 325, 325, 325, 100, 0, 10]||['d']
[325, 325, 325, 325, 100, 0, 10]||['d']
[325, 325, 325, 325, 100, 0, 10]||['d']
[325, 325, 325, 325, 100, 0, 10]||['d']
[325, 325, 325, 325, 100, 0, 10]||['d']
[325, 325, 325, 325, 100, 0, 10]||['d']
[325, 325, 325, 325, 100, 0, 10]||['d']
[325, 325, 325, 325, 100, 0, 10]||['d']
[325, 325, 325, 325, 100, 0, 10]||['d']
[325, 325, 325, 325, 100, 0, 10]||['d']
[325, 325, 325, 325, 100, 0, 10]||['d']
[325, 325, 325, 325, 100, 0, 10]||['d']
[325, 325, 325, 325, 100, 0, 10]||['d']
[325, 325, 325, 325, 100, 0, 10]||['d']
[325, 325, 325, 325, 100, 0, 10]||['d']
[325, 325, 325, 325, 100, 0, 10]||['d']
[325, 325, 325, 325, 100, 0, 10]||['d']
[325, 325, 325, 325, 100, 0, 10]||['d']
[325, 325, 325, 325, 100, 0, 10]||['d']
[325, 325, 325, 325, 100, 0, 10]||['d']
[325, 325, 325, 325, 100, 0, 10]||['d']
[325, 325, 325, 325, 100, 0, 10]||['d']
[325, 325, 325, 325, 100, 0, 10]||['d']
[325, 325, 325, 325, 100, 0, 10]||['d']
[325, 325, 325, 325, 100, 0, 10]||['d']
[325, 325, 325, 325, 100, 0, 10]||['d']
[325, 325, 325, 325, 100, 0, 10]||['d']
[325, 325, 325, 325, 100, 0, 10]||['d']
[325, 325, 325, 325, 100, 0, 10]||['d', 'w']
[325, 325, 325, 325, 100, 0, 10]||['d', 'w']
[325, 325, 325, 325, 100, 0, 10]||['w']
[325, 325, 325, 325, 100, 0, 10]||['w']
[325, 325, 325, 325, 100, 0, 10]||['w']
[325, 325, 325, 325, 100, 0, 10]||['w']
[325, 325, 325, 325, 100, 0, 10]||['w']
[325, 325, 325, 325, 100, 0, 10]||['w']
[325, 325, 314, 325, 100, 0, 10]||['w']
[325, 325, 309, 325, 100, 0, 10]||['w']
[325, 325, 304, 325, 100, 0, 10]||['w']
[325, 325, 299, 325, 100, 0, 10]||['w']
[325, 325, 294, 325, 100, 0, 10]||['w']
[325, 325, 290, 325, 100, 0, 10]||['w']
[325, 325, 285, 325, 100, 0, 10]||['w']
[325, 325, 280, 325, 100, 0, 10]||['w']
[325, 325, 275, 325, 100, 0, 10]||['w']
[325, 325, 270, 325, 100, 0, 10]||['w']
[325, 325, 266, 325, 100, 0, 10]||['w']
[325, 325, 261, 325, 100, 0, 10]||['w']
[325, 325, 256, 325, 100, 0, 10]||['w']
[325, 325, 251, 325, 100, 0, 10]||['w']
[325, 325, 246, 325, 100, 0, 10]||['w']
[325, 325, 242, 325, 100, 0, 10]||['w']
[325, 325, 237, 325, 100, 0, 10]||['w']
[325, 325, 232, 325, 100, 0, 10]||['w']
[325, 325, 228, 325, 100, 0, 10]||['w']
[325, 325, 223, 325, 100, 0, 10]||['w']
[325, 325, 218, 325, 100, 0, 10]||['w']
[325, 325, 213, 325, 100, 0, 10]||['w']
[325, 325, 209, 325, 100, 0, 10]||['w']
[325, 325, 204, 325, 100, 0, 10]||['w']
[325, 325, 200, 325, 100, 0, 10]||['w']
[325, 325, 195, 325, 100, 0, 10]||['w']
[325, 325, 190, 325, 100, 0, 10]||['w']
[325, 325, 186, 325, 100, 0, 10]||['w']
[325, 325, 181, 325, 100, 0, 10]||['w']
[325, 325, 177, 325, 100, 0, 10]||['w']
[325, 325, 172, 325, 100, 0, 10]||['w']
[325, 325, 168, 325, 100, 0, 10]||['w']
[325, 325, 163, 325, 100, 0, 10]||['w']
[325, 325, 159, 325, 100, 0, 10]||['w']
[325, 325, 154, 325, 100, 0, 10]||['w']
[325, 325, 150, 325, 100, 0, 10]||['w']
[325, 325, 146, 325, 100, 0, 10]||['w']
[325, 325, 142, 325, 100, 0, 10]||['w']
[325, 325, 137, 325, 100, 0, 10]||['w']
[325, 325, 133, 325, 100, 0, 10]||['w']
[325, 325, 129, 325, 100, 0, 10]||['w', 'a']
[325, 325, 122, 325, 100, 0, 10]||['w', 'a']
[325, 325, 115, 325, 100, 0, 10]||['w', 'a']
[325, 325, 108, 325, 100, 0, 10]||['w', 'a']
[325, 325, 101, 325, 100, 0, 10]||['w', 'a']
[325, 325, 94, 325, 100, 0, 10]||['w', 'a']
[325, 325, 87, 325, 100, 0, 10]||['w', 'a']
[325, 325, 81, 325, 100, 0, 10]||['w', 'a']
[325, 325, 74, 325, 100, 0, 10]||['w', 'a']
[325, 325, 67, 325, 100, 0, 10]||['a']
[325, 325, 65, 325, 100, 0, 10]||['a']
[325, 325, 63, 325, 100, 0, 10]||[]
[325, 325, 63, 325, 100, 0, 10]||[]
[325, 325, 63, 325, 100, 0, 10]||['w']
[325, 325, 58, 325, 100, 0, 10]||['w']
[325, 325, 54, 325, 100, 0, 10]||['w']
[325, 325, 49, 325, 100, 0, 10]||['w']
[325, 325, 45, 325, 100, 0, 10]||['w']
[325, 325, 40, 325, 100, 0, 10]||['w', 'a']
[325, 325, 34, 325, 100, 0, 10]||['w', 'a']
[325, 325, 27, 325, 100, 0, 10]||['w', 'a']
[325, 325, 20, 325, 100, 0, 10]||['w', 'a']
[325, 325, 325, 325, 100, 5, 10]||['w', 'a']
[325, 325, 325, 325, 100, 5, 10]||['w', 'a']
[325, 325, 325, 325, 100, 5, 10]||['w', 'a']
[325, 325, 325, 325, 100, 5, 10]||['w', 'a']
[325, 325, 325, 325, 100, 5, 10]||['a']
[325, 325, 325, 325, 100, 5, 10]||['a']
[325, 325, 325, 325, 100, 5, 10]||['a']
[325, 325, 325, 325, 100, 5, 10]||['a']
[325, 325, 325, 325, 100, 5, 10]||['a']
[325, 325, 325, 325, 100, 5, 10]||['a']
[325, 325, 325, 325, 100, 5, 10]||[]
[325, 325, 325, 325, 100, 5, 10]||[]
[325, 325, 325, 325, 100, 5, 10]||[]
[325, 325, 325, 325, 100, 5, 10]||[]
[325, 325, 325, 325, 100, 5, 10]||[]
[325, 325, 325, 325, 100, 5, 10]||['d']
[325, 325, 325, 325, 100, 5, 10]||['d']
[325, 325, 325, 325, 100, 5, 10]||['d']
[325, 325, 325, 325, 100, 5, 10]||['d']
[325, 325, 325, 325, 100, 5, 10]||['d']
[325, 325, 325, 325, 100, 5, 10]||['d']
[325, 325, 325, 325, 100, 5, 10]||['d']
[325, 325, 325, 325, 100, 5, 10]||['d']
[325, 325, 325, 325, 100, 5, 10]||['d']
[325, 325, 325, 325, 100, 5, 10]||['d']
[325, 325, 325, 325, 100, 5, 10]||['d']
[325, 325, 325, 325, 100, 5, 10]||['d']
[325, 325, 325, 325, 100, 5, 10]||['d']
[325, 325, 325, 325, 100, 5, 10]||['d']
[325, 325, 325, 325, 100, 5, 10]||['d']
[325, 325, 325, 325, 100, 5, 10]||['d']
[325, 325, 325, 325, 100, 5, 10]||['d']
[325, 325, 325, 325, 100, 5, 10]||['d']
[325, 325, 325, 325, 100, 5, 10]||['d']
[325, 325, 325, 325, 100, 5, 10]||['d']
[325, 325, 325, 325, 100, 5, 10]||['d']
[325, 325, 325, 325, 100, 5, 10]||['d']
[325, 325, 325, 325, 100, 5, 10]||['d']
[325, 325, 325, 325, 100, 5, 10]||['d']
[325, 325, 325, 325, 100, 5, 10]||['d']
[325, 325, 325, 325, 100, 5, 10]||['d', 's']
[325, 325, 325, 325, 100, 5, 10]||['s']
[325, 325, 325, 325, 100, 5, 10]||['s']
[325, 325, 325, 325, 100, 5, 10]||['s']
[325, 325, 325, 325, 100, 5, 10]||['s']
[325, 325, 325, 325, 100, 5, 10]||['s']
[325, 325, 325, 325, 100, 5, 10]||['s']
[325, 325, 325, 325, 100, 5, 10]||['s']
[325, 325, 325, 325, 100, 5, 10]||['s']
[325, 325, 325, 325, 100, 5, 10]||['s']
[325, 325, 325, 325, 100, 5, 10]||['s']
[325, 325, 325, 325, 100, 5, 10]||['s']
[325, 325, 325, 325, 100, 5, 10]||['s']
[325, 325, 325, 325, 100, 5, 10]||['s']
[325, 325, 325, 325, 100, 5, 10]||['s']
[325, 325, 325, 325, 100, 5, 10]||['s']
[325, 325, 325, 325, 100, 5, 10]||['s']
[325, 325, 325, 325, 100, 5, 10]||['s']
[325, 325, 325, 325, 100, 5, 10]||['s']
[325, 325, 325, 325, 100, 5, 10]||['s']
[325, 325, 325, 325, 100, 5, 10]||['s']
[325, 325, 325, 325, 100, 5, 10]||['s']
[325, 325, 325, 325, 100, 5, 10]||['s']
[325, 325, 325, 325, 100, 5, 10]||['s']
[325, 325, 325, 325, 100, 5, 10]||['s']
[325, 325, 325, 325, 100, 5, 10]||['s']
[325, 325, 325, 325, 100, 5, 10]||['s']
[325, 325, 325, 325, 100, 5, 10]||['s']
[325, 325, 325, 325, 100, 5, 10]||['s']
[325, 325, 325, 325, 100, 5, 10]||['s']
[325, 325, 325, 325, 100, 5, 10]||['s']
[325, 325, 325, 325, 100, 5, 10]||['s']
[325, 325, 325, 325, 100, 5, 10]||['s']
[325, 325, 325, 325, 100, 5, 10]||['s']
[325, 325, 325, 325, 100, 5, 10]||['s']
[325, 325, 325, 325, 100, 5, 10]||['s']
[325, 325, 325, 325, 100, 5, 10]||['s']
[325, 325, 325, 325, 100, 5, 10]||['s']
[325, 325, 325, 325, 100, 5, 10]||['s']
[325, 325, 325, 325, 100, 5, 10]||['s']
[325, 325, 325, 325, 100, 5, 10]||['s']
[325, 325, 325, 325, 100, 5, 10]||['s']
[325, 325, 325, 325, 100, 5, 10]||['s']
[325, 325, 325, 325, 100, 5, 10]||['s']
[325, 325, 325, 325, 100, 5, 10]||['s']
[325, 325, 325, 325, 100, 5, 10]||['s']
[325, 325, 325, 325, 100, 5, 10]||['s']
[325, 325, 325, 325, 100, 5, 10]||['s']
[325, 325, 325, 325, 100, 5, 10]||['s']
[325, 325, 325, 325, 100, 5, 10]||['s']
[325, 325, 325, 325, 100, 5, 10]||['s']
[325, 325, 325, 325, 100, 5, 10]||['s']
[325, 325, 325, 325, 100, 5, 10]||['s']
[325, 325, 325, 325, 100, 5, 10]||['s']
[325, 325, 325, 325, 100, 5, 10]||['s']
[325, 325, 325, 325, 100, 5, 10]||['s']
[325, 325, 325, 325, 100, 5, 10]||['s']
[325, 325, 325, 325, 100, 5, 10]||['s']
[325, 325, 325, 325, 100, 5, 10]||['s']
[325, 325, 325, 325, 100, 5, 10]||['s']
[325, 325, 325, 325, 100, 5, 10]||['s']
[325, 325, 325, 325, 100, 5, 10]||['s']
[325, 325, 325, 325, 100, 5, 10]||['s']
[325, 325, 325, 325, 100, 5, 10]||['s']
[325, 325, 325, 325, 100, 5, 10]||['s']
[325, 325, 325, 325, 100, 5, 10]||['s']
[325, 325, 325, 325, 100, 5, 10]||['s']
[325, 325, 325, 325, 100, 5, 10]||['s']
[325, 325, 325, 325, 100, 5, 10]||['s']
[325, 325, 325, 325, 100, 5, 10]||['s']
[325, 325, 325, 325, 100, 5, 10]||['s']
[325, 325, 325, 325, 100, 5, 10]||['s']
[325, 325, 325, 325, 100, 5, 10]||['s']
[325, 325, 325, 325, 100, 5, 10]||['s']
[325, 325, 325, 325, 100, 5, 10]||['s']
[325, 325, 325, 325, 100, 5, 10]||['s']
[325, 325, 325, 325, 100, 5, 10]||['s']
[325, 325, 325, 325, 100, 5, 10]||['s']
[325, 325, 325, 325, 100, 5, 10]||['s']
[325, 325, 325, 325, 100, 5, 10]||['s']
[325, 325, 325, 325, 100, 5, 10]||['s']
[325, 325, 325, 325, 100, 5, 10]||['s']
[325, 325, 325, 325, 100, 5, 10]||['s']
[325, 325, 325, 325, 100, 5, 10]||['s']
[325, 325, 325, 325, 100, 5, 10]||['s']
[325, 325, 325, 325, 100, 5, 10]||['s']
[325, 325, 325, 325, 100, 5, 10]||['s']
[325, 325, 325, 325, 100, 5, 10]||['s']
[325, 325, 325, 325, 100, 5, 10]||['s']
[325, 325, 325, 325, 100, 5, 10]||['s']
[325, 325, 325, 325, 100, 5, 10]||['s']
[325, 325, 325, 325, 100, 5, 10]||['s']
[325, 325, 325, 325, 100, 5, 10]||['s']
[325, 325, 325, 325, 100, 5, 10]||['s']
[325, 325, 325, 325, 100, 5, 10]||['s']
[325, 325, 325, 325, 100, 5, 10]||['s']
[325, 325, 325, 325, 100, 5, 10]||['s']
[325, 325, 325, 325, 100, 5, 10]||['s']
[325, 325, 325, 325, 100, 5, 10]||['s']
[325, 325, 325, 325, 100, 5, 10]||['s']
[325, 325, 325, 325, 100, 5, 10]||['s']
[325, 325, 325, 325, 100, 5, 10]||['s']
[325, 325, 325, 325, 100, 5, 10]||['s']
[325, 325, 325, 325, 100, 5, 10]||['s']
[325, 325, 325, 325, 100, 5, 10]||['s']
[325, 325, 325, 325, 100, 5, 10]||['s']
[325, 325, 325, 325, 100, 5, 10]||['s']
[325, 325, 325, 325, 100, 5, 10]||['s']
[325, 325, 325, 325, 100, 5, 10]||['s']
[325, 325, 325, 325, 100, 5, 10]||['s']
[323, 325, 325, 325, 100, 5, 10]||['s']
[318, 325, 325, 325, 100, 5, 10]||['s']
[314, 325, 325, 325, 100, 5, 10]||['s']
[309, 325, 325, 325, 100, 5, 10]||['s']
[304, 325, 325, 325, 100, 5, 10]||['s']
[299, 325, 325, 325, 100, 5, 10]||['s']
[294, 325, 325, 325, 100, 5, 10]||['s']
[289, 325, 325, 325, 100, 5, 10]||['s']
[285, 325, 325, 325, 100, 5, 10]||['s']
[280, 325, 325, 325, 100, 5, 10]||['s']
[275, 325, 325, 325, 100, 5, 10]||['s']
[270, 325, 325, 325, 100, 5, 10]||['s']
[265, 325, 325, 325, 100, 5, 10]||['s']
[261, 325, 325, 325, 100, 5, 10]||['s']
[256, 325, 325, 325, 100, 5, 10]||['s']
[251, 325, 325, 325, 100, 5, 10]||['s']
[246, 325, 325, 325, 100, 5, 10]||['s']
[241, 325, 325, 325, 100, 5, 10]||['s']
[237, 325, 325, 325, 100, 5, 10]||['s']
[232, 325, 325, 325, 100, 5, 10]||['s']
[227, 325, 325, 325, 100, 5, 10]||['s']
[222, 325, 325, 325, 100, 5, 10]||['s']
[218, 325, 325, 325, 100, 5, 10]||['s']
[213, 325, 325, 325, 100, 5, 10]||['s']
[208, 325, 325, 325, 100, 5, 10]||['s']
[204, 325, 325, 325, 100, 5, 10]||['s']
[199, 325, 325, 325, 100, 5, 10]||['s']
[195, 325, 325, 325, 100, 5, 10]||['s']
[190, 325, 325, 325, 100, 5, 10]||['s']
[185, 325, 325, 325, 100, 5, 10]||['s']
[181, 325, 325, 325, 100, 5, 10]||['s']
[176, 325, 325, 325, 100, 5, 10]||['s']
[172, 325, 325, 325, 100, 5, 10]||['s']
[167, 325, 325, 325, 100, 5, 10]||['s']
[163, 325, 325, 325, 100, 5, 10]||['s']
[158, 325, 325, 325, 100, 5, 10]||['s']
[154, 325, 325, 325, 100, 5, 10]||['s']
[150, 325, 325, 325, 100, 5, 10]||['s']
[145, 325, 325, 325, 100, 5, 10]||['s']
[141, 325, 325, 325, 100, 5, 10]||['s']
[137, 325, 325, 325, 100, 5, 10]||['s']
[133, 325, 325, 325, 100, 5, 10]||['s']
[129, 325, 325, 325, 100, 5, 10]||['s']
[125, 325, 325, 325, 100, 5, 10]||['s']
[121, 325, 325, 325, 100, 5, 10]||['s']
[117, 325, 325, 325, 100, 5, 10]||['s']
[113, 325, 325, 325, 100, 5, 10]||['s']
[109, 325, 325, 325, 100, 5, 10]||['s']
[106, 325, 325, 325, 100, 5, 10]||['s']
[102, 325, 325, 325, 100, 5, 10]||['s']
[99, 325, 325, 325, 100, 5, 10]||['s']
[96, 325, 325, 325, 100, 5, 10]||['s']
[93, 325, 325, 325, 100, 5, 10]||['s']
[90, 325, 325, 325, 100, 5, 10]||['s']
[87, 325, 325, 325, 100, 5, 10]||['s']
[85, 325, 325, 325, 100, 5, 10]||['s']
[82, 325, 325, 325, 100, 5, 10]||['s']
[80, 325, 325, 325, 100, 5, 10]||['s']
[79, 325, 325, 325, 100, 5, 10]||['s']
[77, 325, 325, 325, 100, 5, 10]||['s', 'd']
[71, 325, 325, 325, 100, 5, 10]||['s', 'd']
[65, 325, 325, 325, 100, 5, 10]||['d']
[60, 325, 325, 325, 100, 5, 10]||['d']
[55, 325, 325, 325, 100, 5, 10]||['d']
[50, 325, 325, 325, 100, 5, 10]||['d']
[46, 325, 325, 325, 100, 5, 10]||['d']
[41, 325, 325, 325, 100, 5, 10]||['d']
[36, 325, 325, 325, 100, 5, 10]||['d']
[31, 325, 325, 325, 100, 5, 10]||['d']
