[315, 315, 315, 315, 100, 0.0, 0.0]
[315, 315, 315, 315, 100, 0.0, 0.0]
[315, 315, 315, 315, 100, 0.0, 0.0]
[315, 315, 315, 315, 100, 0.0, 0.0]
[315, 315, 315, 315, 100, 0.0, 0.0]
[315, 315, 315, 315, 100, 0.0, 0.0]
[315, 315, 315, 315, 100, 0.0, 0.0]
[315, 315, 315, 315, 100, 0.0, 0.0]
[315, 315, 315, 315, 100, 0.0, 0.0]
[315, 315, 315, 315, 100, 0.0, 0.0]
[315, 315, 315, 315, 100, 0.0, 0.0]
[315, 315, 315, 315, 100, 0.0, 0.0]
[315, 315, 315, 315, 100, 0.0, 0.0]
[315, 315, 315, 315, 100, 0.0, 0.0]
[315, 315, 315, 315, 100, 0.0, 0.0]
[315, 315, 315, 315, 100, 0.0, 0.0]
[315, 315, 315, 315, 100, 0.0, 0.0]
[315, 315, 315, 315, 100, 0.0, 0.0]
[315, 315, 315, 315, 100, 0.0, 0.0]
[315, 315, 315, 315, 100, 0.0, 0.0]
[315, 315, 315, 315, 100, 0.0, 0.0]
[315, 315, 315, 315, 100, 0.0, 0.0]
[315, 315, 315, 315, 100, 0.0, 0.0]
[315, 315, 315, 315, 100, 0.0, 0.0]
[315, 315, 315, 315, 100, 0.0, 0.0]
[315, 315, 315, 315, 100, 0.0, 0.0]
[315, 315, 315, 315, 100, 0.0, 0.0]
[315, 315, 315, 315, 100, 0.0, 0.0]
[315, 315, 315, 315, 100, 0.0, 0.0]
[315, 315, 315, 315, 100, 0.0, 0.0]
[315, 315, 315, 315, 100, 0.0, 0.0]
[315, 315, 315, 315, 100, 0.0, 0.0]
[315, 315, 315, 315, 100, 0.0, 0.0]
[315, 315, 315, 315, 100, 0.0, 0.0]
[315, 315, 315, 315, 100, 0.0, 0.0]
[315, 315, 315, 315, 100, 0.0, 0.0]
[315, 315, 315, 315, 100, 0.0, 0.0]
[315, 315, 315, 315, 100, 0.0, 0.0]
[315, 315, 315, 315, 100, 0.0, 0.0]
[315, 315, 315, 315, 100, 0.0, 0.0]
[315, 315, 315, 315, 100, 0.0, 0.0]
[315, 315, 315, 315, 100, 0.0, 0.0]
[315, 315, 315, 315, 100, 0.0, 0.0]
[315, 315, 315, 315, 100, 0.0, 0.0]
[315, 315, 315, 315, 100, 0.0, 0.0]
[315, 315, 315, 315, 100, 0.0, 0.0]
[315, 315, 315, 315, 100, 0.0, 0.0]
[315, 315, 315, 315, 100, 0.0, 0.0]
[315, 315, 315, 315, 100, 0.0, 0.0]
[315, 315, 315, 315, 100, 0.0, 0.0]
[315, 315, 315, 315, 100, 0.0, 0.0]
[315, 315, 315, 315, 100, 0.0, 0.0]
[315, 315, 315, 315, 100, 0.0, 0.0]
[315, 315, 315, 315, 100, 0.0, 0.0]
[315, 315, 315, 315, 100, 0.0, 0.0]
[315, 315, 315, 315, 100, 0.0, 0.0]
[315, 315, 315, 315, 100, 0.0, 0.0]
[315, 315, 315, 315, 100, 0.0, 0.0]
[315, 315, 315, 315, 100, 0.0, 0.0]
[315, 315, 315, 315, 100, 0.0, 0.0]
[315, 315, 315, 315, 100, 0.0, 0.0]
[315, 315, 315, 315, 100, 0.0, 0.0]
[315, 315, 315, 315, 100, 0.0, 0.0]
[315, 315, 315, 315, 100, 0.0, 0.0]
[315, 315, 315, 315, 100, 0.0, 0.0]
[315, 315, 315, 315, 100, 0.0, 0.0]
[315, 315, 315, 315, 100, 0.0, 0.0]
[315, 315, 315, 315, 100, 0.0, 0.0]
[315, 315, 315, 315, 100, 0.0, 0.0]
[315, 315, 315, 315, 100, 0.0, 0.0]
[315, 315, 315, 315, 100, 0.0, 0.0]
[315, 315, 315, 315, 100, 0.0, 0.0]
[315, 315, 315, 315, 100, 0.0, 0.0]
[315, 315, 315, 315, 100, 0.0, 0.0]
[315, 315, 315, 315, 100, 0.0, 0.0]
[315, 315, 315, 315, 100, 0.0, 0.0]
[315, 315, 315, 315, 100, 0.0, 0.0]
[315, 315, 315, 315, 100, 0.0, 0.0]
[315, 315, 315, 315, 100, 0.0, 0.0]
[315, 315, 315, 315, 100, 0.0, 0.0]
[315, 315, 315, 310, 100, 0.0, 0.0]
[315, 315, 315, 305, 100, 0.0, 0.0]
[315, 315, 315, 300, 100, 0.0, 0.0]
[315, 315, 315, 295, 100, 0.0, 0.0]
[315, 315, 315, 290, 100, 0.0, 0.0]
[315, 315, 315, 285, 100, 0.0, 0.0]
[315, 315, 315, 280, 100, 0.0, 0.0]
[315, 315, 315, 275, 100, 0.0, 0.0]
[315, 315, 315, 270, 100, 0.0, 0.0]
[315, 315, 315, 265, 100, 0.0, 0.0]
[315, 312, 315, 260, 100, 0.0, 0.0]
[315, 308, 315, 255, 100, 0.0, 0.0]
[315, 304, 315, 250, 100, 0.0, 0.0]
[315, 300, 315, 245, 100, 0.0, 0.0]
[315, 296, 315, 240, 100, 0.0, 0.0]
[315, 292, 315, 235, 100, 0.0, 0.0]
[315, 288, 315, 230, 100, 0.0, 0.0]
[315, 284, 315, 225, 100, 0.0, 0.0]
[315, 280, 315, 220, 100, 0.0, 0.0]
[315, 276, 315, 215, 100, 0.0, 0.0]
[315, 272, 315, 210, 100, 0.0, 0.0]
[315, 269, 315, 205, 100, 0.0, 0.0]
[315, 265, 315, 200, 100, 0.0, 0.0]
[315, 261, 315, 195, 100, 0.0, 0.0]
[315, 258, 315, 190, 100, 0.0, 0.0]
[315, 254, 315, 185, 100, 0.0, 0.0]
[315, 251, 315, 180, 100, 0.0, 0.0]
[315, 247, 315, 175, 100, 0.0, 0.0]
[315, 244, 315, 170, 100, 0.0, 0.0]
[315, 240, 315, 165, 100, 0.0, 0.0]
[315, 237, 315, 160, 100, 0.0, 0.0]
[315, 234, 315, 155, 100, 0.0, 0.0]
[315, 231, 315, 150, 100, 0.0, 0.0]
[315, 228, 315, 145, 100, 0.0, 0.0]
[315, 225, 315, 140, 100, 0.0, 0.0]
[315, 222, 315, 135, 100, 0.0, 0.0]
[315, 219, 315, 130, 100, 0.0, 0.0]
[315, 216, 315, 125, 100, 0.0, 0.0]
[315, 213, 315, 120, 100, 0.0, 0.0]
[315, 210, 315, 115, 100, 0.0, 0.0]
[315, 208, 315, 110, 100, 0.0, 0.0]
[315, 205, 315, 105, 100, 0.0, 0.0]
[315, 203, 315, 100, 100, 0.0, 0.0]
[315, 201, 315, 95, 100, 0.0, 0.0]
[315, 199, 315, 90, 100, 0.0, 0.0]
[315, 195, 315, 85, 100, 0.0, 0.0]
[315, 192, 315, 80, 100, 0.0, 0.0]
[315, 189, 315, 75, 100, 0.0, 0.0]
[315, 186, 315, 70, 100, 0.0, 0.0]
[315, 184, 315, 65, 100, 0.0, 0.0]
[315, 181, 315, 60, 100, 0.0, 0.0]
[315, 179, 315, 55, 100, 0.0, 0.0]
[315, 177, 315, 50, 100, 0.0, 0.0]
[315, 174, 315, 45, 100, 0.0, 0.0]
[315, 172, 315, 40, 100, 0.0, 0.0]
[315, 170, 315, 35, 100, 0.0, 0.0]
[315, 169, 315, 30, 100, 0.0, 0.0]
[315, 167, 315, 315, 100, 0.0, 0.0]
[315, 166, 315, 315, 100, 0.0, 0.0]
[315, 165, 315, 315, 100, 0.0, 0.0]
[315, 164, 315, 315, 100, 0.0, 0.0]
[315, 163, 315, 315, 100, 0.0, 0.0]
[315, 162, 315, 315, 100, 0.0, 0.0]
[315, 161, 315, 315, 100, 0.0, 0.0]
[315, 161, 315, 315, 100, 0.0, 0.0]
[315, 160, 315, 315, 100, 0.0, 0.0]
[315, 160, 315, 315, 100, 0.0, 0.0]
[315, 160, 315, 315, 100, 0.0, 0.0]
[315, 160, 315, 315, 100, 0.0, 0.0]
[315, 160, 315, 315, 100, 0.0, 0.0]
[315, 161, 315, 315, 100, 0.0, 0.0]
[315, 161, 315, 315, 100, 0.0, 0.0]
[315, 162, 315, 315, 100, 0.0, 0.0]
[315, 162, 315, 315, 100, 0.0, 0.0]
[315, 163, 315, 315, 100, 0.0, 0.0]
[315, 165, 315, 315, 100, 0.0, 0.0]
[315, 166, 315, 315, 100, 0.0, 0.0]
[315, 168, 315, 315, 100, 0.0, 0.0]
[315, 169, 315, 315, 100, 0.0, 0.0]
[315, 170, 315, 315, 100, 0.0, 0.0]
[315, 172, 315, 315, 100, 0.0, 0.0]
[315, 173, 315, 315, 100, 0.0, 0.0]
[315, 175, 315, 315, 100, 0.0, 0.0]
[315, 178, 315, 315, 100, 0.0, 0.0]
[315, 180, 315, 315, 100, 0.0, 0.0]
[315, 181, 315, 315, 100, 0.0, 0.0]
[315, 183, 315, 315, 100, 0.0, 0.0]
[315, 186, 315, 315, 100, 0.0, 0.0]
[315, 188, 315, 315, 100, 0.0, 0.0]
[315, 190, 315, 315, 100, 0.0, 0.0]
[315, 193, 315, 315, 100, 0.0, 0.0]
[315, 195, 315, 315, 100, 0.0, 0.0]
[315, 198, 315, 315, 100, 0.0, 0.0]
[315, 201, 315, 315, 100, 0.0, 0.0]
[315, 204, 315, 315, 100, 0.0, 0.0]
[315, 208, 315, 315, 100, 0.0, 0.0]
[315, 212, 315, 315, 100, 0.0, 0.0]
[315, 216, 315, 315, 100, 0.0, 0.0]
[315, 220, 315, 315, 100, 0.0, 0.0]
[315, 224, 315, 315, 100, 0.0, 0.0]
[315, 228, 315, 315, 100, 0.0, 0.0]
[315, 232, 315, 315, 100, 0.0, 0.0]
[315, 236, 315, 315, 100, 0.0, 0.0]
[315, 240, 315, 315, 100, 0.0, 0.0]
[315, 244, 315, 315, 100, 0.0, 0.0]
[315, 248, 315, 315, 100, 0.0, 0.0]
[315, 253, 315, 315, 100, 0.0, 0.0]
[315, 257, 315, 315, 100, 0.0, 0.0]
[315, 261, 315, 315, 100, 0.0, 0.0]
[315, 265, 315, 315, 100, 0.0, 0.0]
[315, 270, 315, 315, 100, 0.0, 0.0]
[315, 274, 315, 315, 100, 0.0, 0.0]
[315, 278, 315, 315, 100, 0.0, 0.0]
[315, 283, 315, 315, 100, 0.0, 0.0]
[315, 287, 315, 315, 100, 0.0, 0.0]
[315, 292, 315, 315, 100, 0.0, 0.0]
[315, 296, 315, 315, 100, 0.0, 0.0]
[315, 300, 315, 315, 100, 0.0, 0.0]
[315, 305, 315, 315, 100, 0.0, 0.0]
[315, 309, 315, 315, 100, 0.0, 0.0]
[315, 314, 315, 315, 100, 0.0, 0.0]
[315, 315, 315, 315, 100, 0.0, 0.0]
[315, 315, 315, 315, 100, 0.0, 0.0]
[315, 315, 315, 315, 100, 0.0, 0.0]
[315, 315, 315, 315, 100, 0.0, 0.0]
[315, 315, 315, 315, 100, 0.0, 0.0]
[315, 315, 315, 315, 100, 0.0, 0.0]
[315, 315, 315, 315, 100, 0.0, 0.0]
[315, 315, 315, 315, 100, 0.0, 0.0]
[315, 315, 315, 315, 100, 0.0, 0.0]
[315, 315, 315, 315, 100, 0.0, 0.0]
[315, 315, 315, 315, 100, 0.0, 0.0]
[315, 315, 315, 315, 100, 0.0, 0.0]
[315, 315, 315, 315, 100, 0.0, 0.0]
[315, 315, 315, 315, 100, 0.0, 0.0]
[315, 315, 315, 315, 100, 0.0, 0.0]
[315, 315, 315, 315, 100, 0.0, 0.0]
[315, 315, 315, 315, 100, 0.0, 0.0]
[315, 315, 315, 315, 100, 0.0, 0.0]
[315, 315, 315, 315, 100, 0.0, 0.0]
[315, 315, 315, 315, 100, 0.0, 0.0]
[315, 315, 315, 315, 100, 0.0, 0.0]
[315, 315, 315, 315, 100, 0.0, 0.0]
[315, 315, 315, 315, 100, 0.0, 0.0]
[315, 315, 315, 315, 100, 0.0, 0.0]
[315, 315, 315, 315, 100, 0.0, 0.0]
[315, 315, 315, 315, 100, 0.0, 0.0]
[315, 315, 315, 315, 100, 0.0, 0.0]
[315, 315, 315, 315, 100, 0.0, 0.0]
[315, 315, 315, 315, 100, 0.0, 0.0]
[315, 315, 315, 315, 100, 0.0, 0.0]
[315, 315, 315, 315, 100, 0.0, 0.0]
[315, 315, 315, 315, 100, 0.0, 0.0]
[315, 315, 315, 315, 100, 0.0, 0.0]
[315, 315, 315, 315, 100, 0.0, 0.0]
[315, 315, 315, 315, 100, 0.0, 0.0]
[315, 315, 315, 315, 100, 0.0, 0.0]
[315, 315, 315, 315, 100, 0.0, 0.0]
[315, 315, 315, 315, 100, 0.0, 0.0]
[315, 315, 315, 315, 100, 0.0, 0.0]
[315, 315, 315, 315, 100, 0.0, 0.0]
[315, 315, 315, 315, 100, 0.0, 0.0]
[315, 315, 315, 315, 100, 0.0, 0.0]
[315, 315, 315, 315, 100, 0.0, 0.0]
[315, 315, 315, 315, 100, 0.0, 0.0]
[315, 315, 315, 315, 100, 0.0, 0.0]
[315, 315, 315, 315, 100, 0.0, 0.0]
[315, 315, 315, 315, 100, 0.0, 0.0]
[315, 315, 315, 315, 100, 0.0, 0.0]
[315, 315, 315, 315, 100, 0.0, 0.0]
[315, 315, 315, 315, 100, 0.0, 0.0]
[315, 315, 315, 315, 100, 0.0, 0.0]
[315, 315, 315, 315, 100, 0.0, 0.0]
[315, 315, 315, 315, 100, 0.0, 0.0]
[315, 315, 315, 315, 100, 0.0, 0.0]
[315, 315, 315, 315, 100, 0.0, 0.0]
[315, 315, 315, 315, 100, 0.0, 0.0]
[315, 315, 315, 315, 100, 0.0, 0.0]
[315, 315, 315, 315, 100, 0.0, 0.0]
[315, 315, 315, 315, 100, 0.0, 0.0]
[315, 315, 315, 315, 100, 0.0, 0.0]
[315, 315, 315, 315, 100, 0.0, 0.0]
[315, 315, 315, 315, 100, 0.0, 0.0]
[315, 315, 315, 315, 100, 0.0, 0.0]
[315, 315, 315, 315, 100, 0.0, 0.0]
[315, 315, 315, 315, 100, 0.0, 0.0]
[315, 315, 315, 315, 100, 0.0, 0.0]
[315, 315, 315, 315, 100, 0.0, 0.0]
[315, 315, 315, 315, 100, 0.0, 0.0]
[315, 315, 315, 315, 100, 0.0, 0.0]
[315, 315, 315, 315, 100, 0.0, 0.0]
[315, 315, 315, 315, 100, 0.0, 0.0]
[315, 315, 315, 315, 100, 0.0, 0.0]
[315, 315, 315, 315, 100, 0.0, 0.0]
[315, 315, 315, 315, 100, 0.0, 0.0]
[315, 315, 315, 315, 100, 0.0, 0.0]
[315, 315, 315, 315, 100, 0.0, 0.0]
[315, 315, 315, 315, 100, 0.0, 0.0]
[315, 315, 315, 315, 100, 0.0, 0.0]
[315, 315, 315, 315, 100, 0.0, 0.0]
[315, 315, 315, 315, 100, 0.0, 0.0]
[315, 315, 315, 315, 100, 0.0, 0.0]
[315, 315, 315, 315, 100, 0.0, 0.0]
[315, 315, 315, 315, 100, 0.0, 0.0]
[315, 315, 315, 315, 100, 0.0, 0.0]
[315, 315, 315, 315, 100, 0.0, 0.0]
[315, 315, 315, 315, 100, 0.0, 0.0]
[315, 315, 315, 315, 100, 0.0, 0.0]
[315, 315, 315, 315, 100, 0.0, 0.0]
[315, 315, 315, 315, 100, 0.0, 0.0]
[315, 315, 315, 315, 100, 0.0, 0.0]
[315, 315, 315, 315, 100, 0.0, 0.0]
[315, 315, 315, 315, 100, 0.0, 0.0]
[315, 315, 315, 315, 100, 0.0, 0.0]
[315, 315, 315, 315, 100, 0.0, 0.0]
[315, 315, 315, 315, 100, 0.0, 0.0]
[315, 315, 315, 315, 100, 0.0, 0.0]
[315, 315, 315, 315, 100, 0.0, 0.0]
[315, 315, 315, 315, 100, 0.0, 0.0]
[315, 315, 315, 315, 100, 0.0, 0.0]
[315, 315, 315, 315, 100, 0.0, 0.0]
[315, 315, 315, 315, 100, 0.0, 0.0]
[315, 315, 315, 315, 100, 0.0, 0.0]
[315, 315, 315, 315, 100, 0.0, 0.0]
[315, 315, 315, 315, 100, 0.0, 0.0]
[315, 315, 315, 315, 100, 0.0, 0.0]
[315, 315, 315, 315, 100, 0.0, 0.0]
[315, 315, 315, 315, 100, 0.0, 0.0]
[315, 315, 315, 315, 100, 0.0, 0.0]
[315, 315, 315, 315, 100, 0.0, 0.0]
[315, 315, 315, 315, 100, 0.0, 0.0]
[315, 315, 315, 315, 100, 0.0, 0.0]
[315, 315, 315, 315, 100, 0.0, 0.0]
[315, 315, 315, 315, 100, 0.0, 0.0]
[315, 315, 315, 315, 100, 0.0, 0.0]
[315, 315, 315, 315, 100, 0.0, 0.0]
[315, 315, 315, 315, 100, 0.0, 0.0]
[315, 315, 315, 315, 100, 0.0, 0.0]
[315, 315, 315, 315, 100, 0.0, 0.0]
[315, 315, 315, 315, 100, 0.0, 0.0]
[315, 315, 315, 315, 100, 0.0, 0.0]
[315, 315, 315, 315, 100, 0.0, 0.0]
[315, 315, 315, 315, 100, 0.0, 0.0]
[315, 315, 315, 315, 100, 0.0, 0.0]
[315, 315, 315, 315, 100, 0.0, 0.0]
[315, 315, 315, 315, 100, 0.0, 0.0]
[315, 315, 315, 315, 100, 0.0, 0.0]
[315, 315, 315, 315, 100, 0.0, 0.0]
[315, 315, 315, 315, 100, 0.0, 0.0]
[315, 315, 315, 315, 100, 0.0, 0.0]
[315, 315, 315, 315, 100, 0.0, 0.0]
[315, 315, 315, 315, 100, 0.0, 0.0]
[315, 315, 315, 315, 100, 0.0, 0.0]
[315, 315, 315, 315, 100, 0.0, 0.0]
[315, 315, 315, 315, 100, 0.0, 0.0]
[315, 315, 315, 315, 100, 0.0, 0.0]
[315, 315, 315, 315, 100, 0.0, 0.0]
[315, 315, 315, 315, 100, 0.0, 0.0]
[315, 315, 315, 315, 100, 0.0, 0.0]
[315, 315, 315, 315, 100, 0.0, 0.0]
[315, 315, 315, 315, 100, 0.0, 0.0]
[315, 315, 315, 315, 100, 0.0, 0.0]
[315, 315, 315, 315, 100, 0.0, 0.0]
[315, 315, 315, 315, 100, 0.0, 0.0]
[315, 315, 315, 315, 100, 0.0, 0.0]
[315, 315, 315, 315, 100, 0.0, 0.0]
[315, 315, 315, 315, 100, 0.0, 0.0]
[315, 315, 315, 315, 100, 0.0, 0.0]
[315, 315, 315, 315, 100, 0.0, 0.0]
[315, 315, 315, 315, 100, 0.0, 0.0]
[315, 315, 315, 315, 100, 0.0, 0.0]
[315, 315, 315, 315, 100, 0.0, 0.0]
[315, 315, 315, 315, 100, 0.0, 0.0]
[315, 315, 315, 315, 100, 0.0, 0.0]
[315, 315, 315, 315, 100, 0.0, 0.0]
[315, 315, 315, 315, 100, 0.0, 0.0]
[315, 315, 315, 315, 100, 0.0, 0.0]
[315, 315, 315, 315, 100, 0.0, 0.0]
[315, 315, 315, 315, 100, 0.0, 0.0]
[315, 315, 315, 315, 100, 0.0, 0.0]
[315, 315, 315, 315, 100, 0.0, 0.0]
[315, 315, 315, 315, 100, 0.0, 0.0]
[315, 315, 315, 315, 100, 0.0, 0.0]
[315, 315, 315, 315, 100, 0.0, 0.0]
[315, 315, 315, 315, 100, 0.0, 0.0]
[315, 315, 315, 315, 100, 0.0, 0.0]
[315, 315, 315, 315, 100, 0.0, 0.0]
[315, 315, 315, 315, 100, 0.0, 0.0]
[315, 315, 315, 315, 100, 0.0, 0.0]
[315, 315, 315, 315, 100, 0.0, 0.0]
[315, 315, 315, 315, 100, 0.0, 0.0]
[315, 315, 315, 315, 100, 0.0, 0.0]
[315, 315, 315, 315, 100, 0.0, 0.0]
[315, 315, 315, 315, 100, 0.0, 0.0]
[315, 315, 315, 315, 100, 0.0, 0.0]
[315, 315, 315, 315, 100, 0.0, 0.0]
[315, 315, 315, 315, 100, 0.0, 0.0]
[315, 315, 315, 315, 100, 0.0, 0.0]
[315, 315, 315, 315, 100, 0.0, 0.0]
[315, 315, 315, 315, 100, 0.0, 0.0]
[315, 315, 315, 315, 100, 0.0, 0.0]
[315, 315, 315, 315, 100, 0.0, 0.0]
[315, 315, 315, 315, 100, 0.0, 0.0]
[315, 315, 315, 315, 100, 0.0, 0.0]
[315, 315, 315, 315, 100, 0.0, 0.0]
[315, 315, 315, 315, 100, 0.0, 0.0]
[315, 315, 315, 315, 100, 0.0, 0.0]
[315, 315, 315, 315, 100, 0.0, 0.0]
[315, 315, 315, 315, 100, 0.0, 0.0]
[315, 315, 315, 315, 100, 0.0, 0.0]
[315, 315, 315, 315, 100, 0.0, 0.0]
[315, 315, 315, 315, 100, 0.0, 0.0]
[315, 315, 315, 315, 100, 0.0, 0.0]
[315, 315, 315, 315, 100, 0.0, 0.0]
[315, 315, 315, 315, 100, 0.0, 0.0]
[315, 315, 315, 315, 100, 0.0, 0.0]
[315, 315, 315, 315, 100, 0.0, 0.0]
[315, 315, 315, 315, 100, 0.0, 0.0]
[315, 315, 315, 315, 100, 0.0, 0.0]
[315, 315, 315, 315, 100, 0.0, 0.0]
[315, 315, 315, 315, 100, 0.0, 0.0]
[315, 315, 315, 315, 100, 0.0, 0.0]
[315, 315, 315, 315, 100, 0.0, 0.0]
[315, 315, 315, 315, 100, 0.0, 0.0]
[315, 315, 315, 315, 100, 0.0, 0.0]
[315, 315, 315, 315, 100, 0.0, 0.0]
[315, 315, 315, 315, 100, 0.0, 0.0]
[315, 315, 315, 315, 100, 0.0, 0.0]
[315, 315, 315, 315, 100, 0.0, 0.0]
[315, 315, 315, 315, 100, 0.0, 0.0]
[315, 315, 315, 315, 100, 0.0, 0.0]
[315, 315, 315, 315, 100, 0.0, 0.0]
[315, 315, 315, 315, 100, 0.0, 0.0]
[315, 315, 315, 315, 100, 0.0, 0.0]
[315, 315, 315, 315, 100, 0.0, 0.0]
[315, 315, 315, 315, 100, 0.0, 0.0]
[315, 315, 315, 315, 100, 0.0, 0.0]
[315, 315, 315, 315, 100, 0.0, 0.0]
[315, 315, 315, 315, 100, 0.0, 0.0]
[315, 315, 315, 315, 100, 0.0, 0.0]
[315, 315, 315, 315, 100, 0.0, 0.0]
[315, 315, 315, 315, 100, 0.0, 0.0]
[315, 315, 315, 315, 100, 0.0, 0.0]
[315, 315, 315, 315, 100, 0.0, 0.0]
[315, 315, 315, 315, 100, 0.0, 0.0]
[315, 315, 315, 315, 100, 0.0, 0.0]
[315, 315, 315, 315, 100, 0.0, 0.0]
[315, 315, 315, 315, 100, 0.0, 0.0]
[315, 315, 315, 315, 100, 0.0, 0.0]
[315, 315, 315, 315, 100, 0.0, 0.0]
[315, 315, 315, 315, 100, 0.0, 0.0]
[315, 315, 315, 315, 100, 0.0, 0.0]
[315, 315, 315, 315, 100, 0.0, 0.0]
[315, 315, 315, 315, 100, 0.0, 0.0]
[315, 315, 315, 315, 100, 0.0, 0.0]
[315, 315, 315, 315, 100, 0.0, 0.0]
[315, 315, 315, 315, 100, 0.0, 0.0]
[315, 315, 315, 315, 100, 0.0, 0.0]
[315, 315, 315, 315, 100, 0.0, 0.0]
[315, 315, 315, 315, 100, 0.0, 0.0]
[315, 315, 315, 315, 100, 0.0, 0.0]
[315, 315, 315, 315, 100, 0.0, 0.0]
[315, 315, 315, 315, 100, 0.0, 0.0]
[315, 315, 315, 315, 100, 0.0, 0.0]
[315, 315, 315, 315, 100, 0.0, 0.0]
[315, 315, 315, 315, 100, 0.0, 0.0]
[315, 315, 315, 315, 100, 0.0, 0.0]
[315, 315, 315, 315, 100, 0.0, 0.0]
[315, 315, 315, 315, 100, 0.0, 0.0]
[315, 315, 315, 315, 100, 0.0, 0.0]
[315, 315, 315, 315, 100, 0.0, 0.0]
[315, 315, 315, 315, 100, 0.0, 0.0]
[315, 315, 315, 315, 100, 0.0, 0.0]
[315, 315, 315, 315, 100, 0.0, 0.0]
[315, 315, 315, 315, 100, 0.0, 0.0]
[315, 315, 315, 315, 100, 0.0, 0.0]
[315, 315, 315, 315, 100, 0.0, 0.0]
[315, 315, 315, 315, 100, 0.0, 0.0]
[315, 315, 315, 315, 100, 0.0, 0.0]
[315, 315, 315, 315, 100, 0.0, 0.0]
[315, 315, 315, 315, 100, 0.0, 0.0]
[315, 315, 315, 315, 100, 0.0, 0.0]
[315, 315, 315, 315, 100, 0.0, 0.0]
[315, 315, 315, 315, 100, 0.0, 0.0]
[315, 315, 315, 315, 100, 0.0, 0.0]
[315, 315, 315, 315, 100, 0.0, 0.0]
[315, 315, 315, 315, 100, 0.0, 0.0]
[315, 315, 315, 315, 100, 0.0, 0.0]
[315, 315, 315, 315, 100, 0.0, 0.0]
[315, 315, 315, 315, 100, 0.0, 0.0]
[315, 315, 315, 315, 100, 0.0, 0.0]
[315, 315, 315, 315, 100, 0.0, 0.0]
[315, 315, 315, 315, 100, 0.0, 0.0]
[315, 315, 315, 315, 100, 0.0, 0.0]
[315, 315, 315, 315, 100, 0.0, 0.0]
[315, 315, 315, 315, 100, 0.0, 0.0]
[315, 315, 315, 315, 100, 0.0, 0.0]
[315, 315, 310, 315, 100, 0.0, 0.0]
[315, 315, 305, 315, 100, 0.0, 0.0]
[315, 315, 300, 315, 100, 0.0, 0.0]
[315, 315, 295, 315, 100, 0.0, 0.0]
[315, 315, 290, 315, 100, 0.0, 0.0]
[315, 315, 285, 315, 100, 0.0, 0.0]
[315, 315, 280, 315, 100, 0.0, 0.0]
[315, 315, 275, 315, 100, 0.0, 0.0]
[315, 315, 270, 315, 100, 0.0, 0.0]
[315, 315, 265, 315, 100, 0.0, 0.0]
[315, 315, 261, 315, 100, 0.0, 0.0]
[315, 315, 256, 315, 100, 0.0, 0.0]
[315, 315, 251, 315, 100, 0.0, 0.0]
[315, 315, 246, 315, 100, 0.0, 0.0]
[315, 315, 241, 315, 100, 0.0, 0.0]
[315, 315, 236, 315, 100, 0.0, 0.0]
[315, 315, 231, 315, 100, 0.0, 0.0]
[315, 315, 227, 315, 100, 0.0, 0.0]
[315, 315, 222, 315, 100, 0.0, 0.0]
[315, 315, 217, 315, 100, 0.0, 0.0]
[315, 315, 212, 315, 100, 0.0, 0.0]
[315, 315, 207, 315, 100, 0.0, 0.0]
[315, 315, 202, 315, 100, 0.0, 0.0]
[315, 315, 198, 315, 100, 0.0, 0.0]
[315, 315, 193, 315, 100, 0.0, 0.0]
[315, 315, 188, 315, 100, 0.0, 0.0]
[315, 315, 183, 315, 100, 0.0, 0.0]
[315, 315, 178, 315, 100, 0.0, 0.0]
[315, 315, 174, 315, 100, 0.0, 0.0]
[315, 315, 169, 315, 100, 0.0, 0.0]
[315, 315, 164, 315, 100, 0.0, 0.0]
[315, 315, 160, 315, 100, 0.0, 0.0]
[315, 315, 155, 315, 100, 0.0, 0.0]
[315, 315, 150, 315, 100, 0.0, 0.0]
[315, 315, 146, 315, 100, 0.0, 0.0]
[315, 315, 141, 315, 100, 0.0, 0.0]
[315, 315, 136, 315, 100, 0.0, 0.0]
[315, 315, 132, 315, 100, 0.0, 0.0]
[315, 315, 127, 315, 100, 0.0, 0.0]
[315, 315, 123, 315, 100, 0.0, 0.0]
[315, 315, 119, 315, 100, 0.0, 0.0]
[315, 315, 114, 315, 100, 0.0, 0.0]
[315, 315, 110, 315, 100, 0.0, 0.0]
[315, 315, 106, 315, 100, 0.0, 0.0]
[315, 315, 101, 315, 100, 0.0, 0.0]
[315, 315, 104, 315, 100, 0.0, 0.0]
[315, 315, 107, 315, 100, 0.0, 0.0]
[315, 315, 110, 315, 100, 0.0, 0.0]
[315, 315, 114, 315, 100, 0.0, 0.0]
[315, 315, 114, 315, 100, 0.0, 0.0]
[315, 315, 114, 315, 100, 0.0, 0.0]
[315, 315, 114, 315, 100, 0.0, 0.0]
[315, 315, 114, 315, 100, 0.0, 0.0]
[315, 315, 114, 315, 100, 0.0, 0.0]
[315, 315, 117, 315, 100, 0.0, 0.0]
[315, 315, 121, 315, 100, 0.0, 0.0]
[315, 315, 125, 315, 100, 0.0, 0.0]
[315, 315, 129, 315, 100, 0.0, 0.0]
[315, 315, 133, 315, 100, 0.0, 0.0]
[315, 315, 137, 315, 100, 0.0, 0.0]
[315, 315, 142, 315, 100, 0.0, 0.0]
[315, 315, 146, 315, 100, 0.0, 0.0]
[315, 315, 150, 315, 100, 0.0, 0.0]
[315, 315, 154, 315, 100, 0.0, 0.0]
[315, 315, 159, 315, 100, 0.0, 0.0]
[315, 315, 163, 315, 100, 0.0, 0.0]
[315, 315, 168, 315, 100, 0.0, 0.0]
[315, 315, 172, 315, 100, 0.0, 0.0]
[315, 315, 177, 315, 100, 0.0, 0.0]
[315, 315, 181, 315, 100, 0.0, 0.0]
[315, 315, 186, 315, 100, 0.0, 0.0]
[315, 315, 190, 315, 100, 0.0, 0.0]
[315, 315, 195, 315, 100, 0.0, 0.0]
[315, 315, 200, 315, 100, 0.0, 0.0]
[315, 315, 204, 315, 100, 0.0, 0.0]
[315, 315, 209, 315, 100, 0.0, 0.0]
[315, 315, 213, 315, 100, 0.0, 0.0]
[315, 315, 218, 315, 100, 0.0, 0.0]
[315, 315, 223, 315, 100, 0.0, 0.0]
[315, 315, 228, 315, 100, 0.0, 0.0]
[315, 315, 232, 315, 100, 0.0, 0.0]
[315, 315, 237, 315, 100, 0.0, 0.0]
[315, 315, 242, 315, 100, 0.0, 0.0]
[315, 315, 246, 315, 100, 0.0, 0.0]
[315, 315, 251, 315, 100, 0.0, 0.0]
[315, 315, 256, 315, 100, 0.0, 0.0]
[315, 315, 261, 315, 100, 0.0, 0.0]
[315, 315, 266, 315, 100, 0.0, 0.0]
[315, 315, 270, 315, 100, 0.0, 0.0]
[315, 315, 275, 315, 100, 0.0, 0.0]
[315, 315, 280, 315, 100, 0.0, 0.0]
[315, 315, 285, 315, 100, 0.0, 0.0]
[315, 315, 290, 315, 100, 0.0, 0.0]
[315, 315, 294, 315, 100, 0.0, 0.0]
[315, 315, 299, 315, 100, 0.0, 0.0]
[315, 315, 304, 315, 100, 0.0, 0.0]
[315, 315, 309, 315, 100, 0.0, 0.0]
[315, 315, 314, 315, 100, 0.0, 0.0]
[315, 315, 315, 315, 100, 0.0, 0.0]
[315, 315, 315, 315, 100, 0.0, 0.0]
[315, 315, 315, 315, 100, 0.0, 0.0]
[315, 315, 315, 315, 100, 0.0, 0.0]
[315, 315, 315, 315, 100, 0.0, 0.0]
[315, 315, 315, 315, 100, 0.0, 0.0]
[315, 315, 315, 315, 100, 0.0, 0.0]
[315, 315, 315, 315, 100, 0.0, 0.0]
[315, 315, 315, 315, 100, 0.0, 0.0]
[315, 315, 315, 315, 100, 0.0, 0.0]
[315, 315, 315, 315, 100, 0.0, 0.0]
[315, 315, 315, 315, 100, 0.0, 0.0]
[315, 315, 315, 315, 100, 0.0, 0.0]
[315, 315, 315, 315, 100, 0.0, 0.0]
[315, 315, 315, 315, 100, 0.0, 0.0]
[315, 315, 315, 315, 100, 0.0, 0.0]
[315, 315, 315, 315, 100, 0.0, 0.0]
[315, 315, 315, 315, 100, 0.0, 0.0]
[315, 315, 315, 315, 100, 0.0, 0.0]
[315, 315, 315, 315, 100, 0.0, 0.0]
[315, 315, 315, 315, 100, 0.0, 0.0]
[315, 315, 315, 315, 100, 0.0, 0.0]
[315, 315, 315, 315, 100, 0.0, 0.0]
[315, 315, 315, 315, 100, 0.0, 0.0]
[315, 315, 315, 315, 100, 0.0, 0.0]
[315, 315, 315, 315, 100, 0.0, 0.0]
[315, 315, 315, 315, 100, 0.0, 0.0]
[315, 315, 315, 315, 100, 0.0, 0.0]
[315, 315, 315, 315, 100, 0.0, 0.0]
[315, 315, 315, 315, 100, 0.0, 0.0]
[315, 315, 315, 315, 100, 0.0, 0.0]
[315, 315, 315, 315, 100, 0.0, 0.0]
[315, 315, 315, 315, 100, 0.0, 0.0]
[315, 315, 315, 315, 100, 0.0, 0.0]
[315, 315, 315, 315, 100, 0.0, 0.0]
[315, 315, 315, 315, 100, 0.0, 0.0]
[315, 315, 315, 315, 100, 0.0, 0.0]
[315, 315, 315, 315, 100, 0.0, 0.0]
[315, 315, 315, 315, 100, 0.0, 0.0]
[315, 315, 315, 315, 100, 0.0, 0.0]
[315, 315, 315, 315, 100, 0.0, 0.0]
[315, 315, 315, 315, 100, 0.0, 0.0]
[315, 315, 315, 315, 100, 0.0, 0.0]
[315, 315, 315, 315, 100, 0.0, 0.0]
[315, 315, 315, 315, 100, 0.0, 0.0]
[315, 315, 315, 315, 100, 0.0, 0.0]
[315, 315, 315, 315, 100, 0.0, 0.0]
[315, 315, 315, 315, 100, 0.0, 0.0]
[315, 315, 315, 315, 100, 0.0, 0.0]
[315, 315, 315, 315, 100, 0.0, 0.0]
[310, 315, 315, 315, 100, 0.0, 0.0]
[305, 315, 315, 315, 100, 0.0, 0.0]
[300, 315, 315, 315, 100, 0.0, 0.0]
[296, 315, 315, 315, 100, 0.0, 0.0]
[291, 315, 315, 315, 100, 0.0, 0.0]
[286, 315, 315, 315, 100, 0.0, 0.0]
[281, 315, 315, 315, 100, 0.0, 0.0]
[276, 315, 315, 315, 100, 0.0, 0.0]
[272, 315, 315, 315, 100, 0.0, 0.0]
[267, 315, 315, 315, 100, 0.0, 0.0]
[262, 315, 315, 315, 100, 0.0, 0.0]
[257, 315, 315, 315, 100, 0.0, 0.0]
[252, 315, 315, 315, 100, 0.0, 0.0]
[248, 315, 315, 315, 100, 0.0, 0.0]
[243, 315, 315, 315, 100, 0.0, 0.0]
[238, 315, 315, 315, 100, 0.0, 0.0]
[234, 315, 315, 315, 100, 0.0, 0.0]
[229, 315, 315, 315, 100, 0.0, 0.0]
[224, 315, 315, 315, 100, 0.0, 0.0]
[220, 315, 315, 315, 100, 0.0, 0.0]
[215, 315, 315, 315, 100, 0.0, 0.0]
[210, 315, 315, 315, 100, 0.0, 0.0]
[206, 315, 315, 315, 100, 0.0, 0.0]
[201, 315, 315, 315, 100, 0.0, 0.0]
[196, 315, 315, 315, 100, 0.0, 0.0]
[192, 315, 315, 315, 100, 0.0, 0.0]
[187, 315, 315, 315, 100, 0.0, 0.0]
[183, 315, 315, 315, 100, 0.0, 0.0]
[178, 315, 315, 315, 100, 0.0, 0.0]
[174, 315, 315, 315, 100, 0.0, 0.0]
[170, 315, 315, 315, 100, 0.0, 0.0]
[165, 315, 315, 315, 100, 0.0, 0.0]
[161, 315, 315, 315, 100, 0.0, 0.0]
[156, 315, 315, 315, 100, 0.0, 0.0]
[152, 315, 315, 315, 100, 0.0, 0.0]
[148, 315, 315, 315, 100, 0.0, 0.0]
[144, 315, 315, 315, 100, 0.0, 0.0]
[140, 315, 315, 315, 100, 0.0, 0.0]
[136, 315, 315, 315, 100, 0.0, 0.0]
[132, 315, 315, 315, 100, 0.0, 0.0]
[128, 315, 315, 315, 100, 0.0, 0.0]
[124, 315, 315, 315, 100, 0.0, 0.0]
[120, 315, 315, 315, 100, 0.0, 0.0]
[116, 315, 315, 315, 100, 0.0, 0.0]
[113, 315, 315, 315, 100, 0.0, 0.0]
[109, 315, 315, 315, 100, 0.0, 0.0]
[106, 315, 315, 315, 100, 0.0, 0.0]
[103, 315, 315, 315, 100, 0.0, 0.0]
[100, 315, 315, 315, 100, 0.0, 0.0]
[97, 315, 315, 315, 100, 0.0, 0.0]
[94, 315, 315, 315, 100, 0.0, 0.0]
[91, 315, 315, 315, 100, 0.0, 0.0]
[89, 315, 315, 315, 100, 0.0, 0.0]
[87, 315, 315, 315, 100, 0.0, 0.0]
[85, 315, 315, 315, 100, 0.0, 0.0]
[83, 315, 315, 315, 100, 0.0, 0.0]
[79, 315, 315, 315, 100, 0.0, 0.0]
[74, 315, 315, 315, 100, 0.0, 0.0]
[69, 315, 315, 315, 100, 0.0, 0.0]
[65, 315, 315, 315, 100, 0.0, 0.0]
[60, 315, 315, 315, 100, 0.0, 0.0]
[55, 315, 315, 315, 100, 0.0, 0.0]
[55, 315, 315, 315, 100, 0.0, 0.0]
[55, 315, 315, 315, 100, 0.0, 0.0]
[55, 315, 315, 315, 100, 0.0, 0.0]
[55, 315, 315, 315, 100, 0.0, 0.0]
[55, 315, 315, 315, 100, 0.0, 0.0]
[55, 315, 315, 315, 100, 0.0, 0.0]
[55, 315, 315, 315, 100, 0.0, 0.0]
[55, 315, 315, 315, 100, 0.0, 0.0]
[55, 315, 315, 315, 100, 0.0, 0.0]
[55, 315, 315, 315, 100, 0.0, 0.0]
[55, 315, 315, 315, 100, 0.0, 0.0]
[55, 315, 315, 315, 100, 0.0, 0.0]
[55, 315, 315, 315, 100, 0.0, 0.0]
[55, 315, 315, 315, 100, 0.0, 0.0]
[55, 315, 315, 315, 100, 0.0, 0.0]
[55, 315, 315, 315, 100, 0.0, 0.0]
[55, 315, 315, 315, 100, 0.0, 0.0]
[55, 315, 315, 315, 100, 0.0, 0.0]
[53, 315, 315, 315, 100, 0.0, 0.0]
[52, 315, 315, 315, 100, 0.0, 0.0]
[50, 315, 315, 315, 100, 0.0, 0.0]
[50, 315, 315, 315, 100, 0.0, 0.0]
[50, 315, 315, 315, 100, 0.0, 0.0]
[50, 315, 315, 315, 100, 0.0, 0.0]
[50, 315, 315, 315, 100, 0.0, 0.0]
[46, 315, 315, 315, 100, 0.0, 0.0]
[41, 315, 315, 315, 100, 0.0, 0.0]
[36, 315, 315, 315, 100, 0.0, 0.0]
[31, 315, 315, 315, 100, 0.0, 0.0]
