[315, 315, 315, 315, 100, 0.0, 0.0]
[315, 315, 315, 315, 100, 0.0, 0.0]
[315, 315, 315, 315, 100, 0.0, 0.0]
[315, 315, 315, 315, 100, 0.0, 0.0]
[315, 315, 315, 315, 100, 0.0, 0.0]
[315, 315, 315, 315, 100, 0.0, 0.0]
[315, 315, 315, 315, 100, 0.0, 0.0]
[315, 315, 315, 315, 100, 0.0, 0.0]
[315, 315, 315, 315, 100, 0.0, 0.0]
[315, 315, 315, 315, 100, 0.0, 0.0]
[315, 315, 315, 315, 100, 0.0, 0.0]
[315, 315, 315, 315, 100, 0.0, 0.0]
[315, 315, 315, 315, 100, 0.0, 0.0]
[315, 315, 315, 315, 100, 0.0, 0.0]
[315, 315, 315, 315, 100, 0.0, 0.0]
[315, 315, 315, 315, 100, 0.0, 0.0]
[315, 315, 315, 315, 100, 0.0, 0.0]
[315, 315, 315, 315, 100, 0.0, 0.0]
[315, 315, 315, 315, 100, 0.0, 0.0]
[315, 315, 315, 315, 100, 0.0, 0.0]
[315, 315, 315, 315, 100, 0.0, 0.0]
[315, 315, 315, 315, 100, 0.0, 0.0]
[315, 315, 315, 315, 100, 0.0, 0.0]
[315, 315, 315, 315, 100, 0.0, 0.0]
[315, 315, 315, 315, 100, 0.0, 0.0]
[315, 315, 315, 315, 100, 0.0, 0.0]
[315, 315, 315, 315, 100, 0.0, 0.0]
[315, 315, 315, 315, 100, 0.0, 0.0]
[315, 315, 315, 315, 100, 0.0, 0.0]
[315, 315, 315, 315, 100, 0.0, 0.0]
[315, 315, 315, 315, 100, 0.0, 0.0]
[315, 315, 315, 315, 100, 0.0, 0.0]
[315, 315, 315, 315, 100, 0.0, 0.0]
[315, 315, 315, 315, 100, 0.0, 0.0]
[315, 315, 315, 315, 100, 0.0, 0.0]
[315, 315, 315, 315, 100, 0.0, 0.0]
[315, 315, 315, 315, 100, 0.0, 0.0]
[315, 315, 315, 315, 100, 0.0, 0.0]
[315, 315, 315, 315, 100, 0.0, 0.0]
[315, 315, 315, 315, 100, 0.0, 0.0]
[315, 315, 315, 315, 100, 0.0, 0.0]
[315, 315, 315, 315, 100, 0.0, 0.0]
[315, 315, 315, 315, 100, 0.0, 0.0]
[315, 315, 315, 315, 100, 0.0, 0.0]
[315, 315, 315, 315, 100, 0.0, 0.0]
[315, 315, 315, 315, 100, 0.0, 0.0]
[315, 315, 315, 315, 100, 0.0, 0.0]
[315, 315, 315, 315, 100, 0.0, 0.0]
[315, 315, 315, 315, 100, 0.0, 0.0]
[315, 315, 315, 315, 100, 0.0, 0.0]
[315, 315, 315, 315, 100, 0.0, 0.0]
[315, 315, 315, 315, 100, 0.0, 0.0]
[315, 315, 315, 315, 100, 0.0, 0.0]
[315, 315, 315, 315, 100, 0.0, 0.0]
[315, 315, 315, 315, 100, 0.0, 0.0]
[315, 315, 315, 315, 100, 0.0, 0.0]
[315, 315, 315, 315, 100, 0.0, 0.0]
[315, 315, 315, 315, 100, 0.0, 0.0]
[315, 315, 315, 315, 100, 0.0, 0.0]
[315, 315, 315, 315, 100, 0.0, 0.0]
[315, 315, 315, 315, 100, 0.0, 0.0]
[315, 315, 315, 315, 100, 0.0, 0.0]
[315, 315, 315, 315, 100, 0.0, 0.0]
[315, 315, 315, 315, 100, 0.0, 0.0]
[315, 315, 315, 315, 100, 0.0, 0.0]
[315, 315, 315, 315, 100, 0.0, 0.0]
[315, 315, 315, 315, 100, 0.0, 0.0]
[315, 315, 315, 315, 100, 0.0, 0.0]
[315, 315, 315, 315, 100, 0.0, 0.0]
[315, 315, 315, 315, 100, 0.0, 0.0]
[315, 315, 315, 315, 100, 0.0, 0.0]
[315, 315, 315, 315, 100, 0.0, 0.0]
[315, 315, 315, 315, 100, 0.0, 0.0]
[315, 315, 315, 315, 100, 0.0, 0.0]
[315, 315, 315, 315, 100, 0.0, 0.0]
[315, 315, 315, 315, 100, 0.0, 0.0]
[315, 315, 315, 315, 100, 0.0, 0.0]
[315, 315, 315, 315, 100, 0.0, 0.0]
[315, 315, 315, 315, 100, 0.0, 0.0]
[315, 315, 315, 315, 100, 0.0, 0.0]
[315, 315, 315, 315, 100, 0.0, 0.0]
[315, 315, 315, 315, 100, 0.0, 0.0]
[315, 315, 315, 315, 100, 0.0, 0.0]
[315, 315, 315, 315, 100, 0.0, 0.0]
[315, 315, 315, 315, 100, 0.0, 0.0]
[315, 315, 315, 315, 100, 0.0, 0.0]
[315, 315, 315, 315, 100, 0.0, 0.0]
[315, 315, 315, 315, 100, 0.0, 0.0]
[315, 315, 315, 315, 100, 0.0, 0.0]
[315, 315, 315, 315, 100, 0.0, 0.0]
[315, 315, 315, 315, 100, 0.0, 0.0]
[315, 315, 315, 315, 100, 0.0, 0.0]
[315, 315, 315, 315, 100, 0.0, 0.0]
[315, 315, 315, 315, 100, 0.0, 0.0]
[315, 315, 315, 315, 100, 0.0, 0.0]
[315, 315, 315, 315, 100, 0.0, 0.0]
[315, 315, 315, 315, 100, 0.0, 0.0]
[315, 315, 315, 315, 100, 0.0, 0.0]
[315, 315, 315, 310, 100, 0.0, 0.0]
[315, 315, 315, 305, 100, 0.0, 0.0]
[315, 315, 315, 300, 100, 0.0, 0.0]
[315, 315, 315, 295, 100, 0.0, 0.0]
[315, 315, 315, 290, 100, 0.0, 0.0]
[315, 315, 315, 285, 100, 0.0, 0.0]
[315, 315, 315, 280, 100, 0.0, 0.0]
[315, 315, 315, 275, 100, 0.0, 0.0]
[315, 315, 315, 270, 100, 0.0, 0.0]
[315, 315, 315, 265, 100, 0.0, 0.0]
[315, 312, 315, 260, 100, 0.0, 0.0]
[315, 308, 315, 255, 100, 0.0, 0.0]
[315, 304, 315, 250, 100, 0.0, 0.0]
[315, 300, 315, 245, 100, 0.0, 0.0]
[315, 296, 315, 240, 100, 0.0, 0.0]
[315, 292, 315, 235, 100, 0.0, 0.0]
[315, 288, 315, 230, 100, 0.0, 0.0]
[315, 284, 315, 225, 100, 0.0, 0.0]
[315, 280, 315, 220, 100, 0.0, 0.0]
[315, 276, 315, 215, 100, 0.0, 0.0]
[315, 272, 315, 210, 100, 0.0, 0.0]
[315, 269, 315, 205, 100, 0.0, 0.0]
[315, 265, 315, 200, 100, 0.0, 0.0]
[315, 261, 315, 195, 100, 0.0, 0.0]
[315, 258, 315, 190, 100, 0.0, 0.0]
[315, 254, 315, 185, 100, 0.0, 0.0]
[315, 251, 315, 180, 100, 0.0, 0.0]
[315, 247, 315, 175, 100, 0.0, 0.0]
[315, 244, 315, 170, 100, 0.0, 0.0]
[315, 240, 315, 165, 100, 0.0, 0.0]
[315, 237, 315, 160, 100, 0.0, 0.0]
[315, 234, 315, 155, 100, 0.0, 0.0]
[315, 231, 315, 150, 100, 0.0, 0.0]
[315, 228, 315, 145, 100, 0.0, 0.0]
[315, 225, 315, 140, 100, 0.0, 0.0]
[315, 222, 315, 135, 100, 0.0, 0.0]
[315, 219, 315, 130, 100, 0.0, 0.0]
[315, 216, 315, 125, 100, 0.0, 0.0]
[315, 213, 315, 120, 100, 0.0, 0.0]
[315, 210, 315, 115, 100, 0.0, 0.0]
[315, 208, 315, 110, 100, 0.0, 0.0]
[315, 205, 315, 105, 100, 0.0, 0.0]
[315, 203, 315, 100, 100, 0.0, 0.0]
[315, 201, 315, 95, 100, 0.0, 0.0]
[315, 199, 315, 90, 100, 0.0, 0.0]
[315, 195, 315, 85, 100, 0.0, 0.0]
[315, 192, 315, 80, 100, 0.0, 0.0]
[315, 189, 315, 75, 100, 0.0, 0.0]
[315, 186, 315, 70, 100, 0.0, 0.0]
[315, 184, 315, 65, 100, 0.0, 0.0]
[315, 181, 315, 60, 100, 0.0, 0.0]
[315, 179, 315, 55, 100, 0.0, 0.0]
[315, 177, 315, 50, 100, 0.0, 0.0]
[315, 174, 315, 45, 100, 0.0, 0.0]
[315, 172, 315, 40, 100, 0.0, 0.0]
[315, 170, 315, 35, 100, 0.0, 0.0]
[315, 169, 315, 30, 100, 0.0, 0.0]
[315, 167, 315, 315, 100, 0.0, 0.0]
[315, 166, 315, 315, 100, 0.0, 0.0]
[315, 165, 315, 315, 100, 0.0, 0.0]
[315, 164, 315, 315, 100, 0.0, 0.0]
[315, 163, 315, 315, 100, 0.0, 0.0]
[315, 162, 315, 315, 100, 0.0, 0.0]
[315, 161, 315, 315, 100, 0.0, 0.0]
[315, 161, 315, 315, 100, 0.0, 0.0]
[315, 160, 315, 315, 100, 0.0, 0.0]
[315, 160, 315, 315, 100, 0.0, 0.0]
[315, 160, 315, 315, 100, 0.0, 0.0]
[315, 160, 315, 315, 100, 0.0, 0.0]
[315, 160, 315, 315, 100, 0.0, 0.0]
[315, 161, 315, 315, 100, 0.0, 0.0]
[315, 161, 315, 315, 100, 0.0, 0.0]
[315, 162, 315, 315, 100, 0.0, 0.0]
[315, 162, 315, 315, 100, 0.0, 0.0]
[315, 163, 315, 315, 100, 0.0, 0.0]
[315, 165, 315, 315, 100, 0.0, 0.0]
[315, 166, 315, 315, 100, 0.0, 0.0]
[315, 168, 315, 315, 100, 0.0, 0.0]
[315, 169, 315, 315, 100, 0.0, 0.0]
[315, 170, 315, 315, 100, 0.0, 0.0]
[315, 172, 315, 315, 100, 0.0, 0.0]
[315, 173, 315, 315, 100, 0.0, 0.0]
[315, 175, 315, 315, 100, 0.0, 0.0]
[315, 178, 315, 315, 100, 0.0, 0.0]
[315, 180, 315, 315, 100, 0.0, 0.0]
[315, 181, 315, 315, 100, 0.0, 0.0]
[315, 183, 315, 315, 100, 0.0, 0.0]
[315, 186, 315, 315, 100, 0.0, 0.0]
[315, 188, 315, 315, 100, 0.0, 0.0]
[315, 190, 315, 315, 100, 0.0, 0.0]
[315, 193, 315, 315, 100, 0.0, 0.0]
[315, 195, 315, 315, 100, 0.0, 0.0]
[315, 198, 315, 315, 100, 0.0, 0.0]
[315, 201, 315, 315, 100, 0.0, 0.0]
[315, 204, 315, 315, 100, 0.0, 0.0]
[315, 208, 315, 315, 100, 0.0, 0.0]
[315, 212, 315, 315, 100, 0.0, 0.0]
[315, 216, 315, 315, 100, 0.0, 0.0]
[315, 220, 315, 315, 100, 0.0, 0.0]
[315, 224, 315, 315, 100, 0.0, 0.0]
[315, 228, 315, 315, 100, 0.0, 0.0]
[315, 232, 315, 315, 100, 0.0, 0.0]
[315, 236, 315, 315, 100, 0.0, 0.0]
[315, 240, 315, 315, 100, 0.0, 0.0]
[315, 244, 315, 315, 100, 0.0, 0.0]
[315, 248, 315, 315, 100, 0.0, 0.0]
[315, 253, 315, 315, 100, 0.0, 0.0]
[315, 257, 315, 315, 100, 0.0, 0.0]
[315, 261, 315, 315, 100, 0.0, 0.0]
[315, 265, 315, 315, 100, 0.0, 0.0]
[315, 270, 315, 315, 100, 0.0, 0.0]
[315, 274, 315, 315, 100, 0.0, 0.0]
[315, 278, 315, 315, 100, 0.0, 0.0]
[315, 283, 315, 315, 100, 0.0, 0.0]
[315, 287, 315, 315, 100, 0.0, 0.0]
[315, 292, 315, 315, 100, 0.0, 0.0]
[315, 296, 315, 315, 100, 0.0, 0.0]
[315, 300, 315, 315, 100, 0.0, 0.0]
[315, 305, 315, 315, 100, 0.0, 0.0]
[315, 309, 315, 315, 100, 0.0, 0.0]
[315, 314, 315, 315, 100, 0.0, 0.0]
[315, 315, 315, 315, 100, 0.0, 0.0]
[315, 315, 315, 315, 100, 0.0, 0.0]
[315, 315, 315, 315, 100, 0.0, 0.0]
[315, 315, 315, 315, 100, 0.0, 0.0]
[315, 315, 315, 315, 100, 0.0, 0.0]
[315, 315, 315, 315, 100, 0.0, 0.0]
[315, 315, 315, 315, 100, 0.0, 0.0]
[315, 315, 315, 315, 100, 0.0, 0.0]
[315, 315, 315, 315, 100, 0.0, 0.0]
[315, 315, 315, 315, 100, 0.0, 0.0]
[315, 315, 315, 315, 100, 0.0, 0.0]
[315, 315, 315, 315, 100, 0.0, 0.0]
[315, 315, 315, 315, 100, 0.0, 0.0]
[315, 315, 315, 315, 100, 0.0, 0.0]
[315, 315, 315, 315, 100, 0.0, 0.0]
[315, 315, 315, 315, 100, 0.0, 0.0]
[315, 315, 315, 315, 100, 0.0, 0.0]
[315, 315, 315, 315, 100, 0.0, 0.0]
[315, 315, 315, 315, 100, 0.0, 0.0]
[315, 315, 315, 315, 100, 0.0, 0.0]
[315, 315, 315, 315, 100, 0.0, 0.0]
[315, 315, 315, 315, 100, 0.0, 0.0]
[315, 315, 315, 315, 100, 0.0, 0.0]
[315, 315, 315, 315, 100, 0.0, 0.0]
[315, 315, 315, 315, 100, 0.0, 0.0]
[315, 315, 315, 315, 100, 0.0, 0.0]
[315, 315, 315, 315, 100, 0.0, 0.0]
[315, 315, 315, 315, 100, 0.0, 0.0]
[315, 315, 315, 315, 100, 0.0, 0.0]
[315, 315, 315, 315, 100, 0.0, 0.0]
[315, 315, 315, 315, 100, 0.0, 0.0]
[315, 315, 315, 315, 100, 0.0, 0.0]
[315, 315, 315, 315, 100, 0.0, 0.0]
[315, 315, 315, 315, 100, 0.0, 0.0]
[315, 315, 315, 315, 100, 0.0, 0.0]
[315, 315, 315, 315, 100, 0.0, 0.0]
[315, 315, 315, 315, 100, 0.0, 0.0]
[315, 315, 315, 315, 100, 0.0, 0.0]
[315, 315, 315, 315, 100, 0.0, 0.0]
[315, 315, 315, 315, 100, 0.0, 0.0]
[315, 315, 315, 315, 100, 0.0, 0.0]
[315, 315, 315, 315, 100, 0.0, 0.0]
[315, 315, 315, 315, 100, 0.0, 0.0]
[315, 315, 315, 315, 100, 0.0, 0.0]
[315, 315, 315, 315, 100, 0.0, 0.0]
[315, 315, 315, 315, 100, 0.0, 0.0]
[315, 315, 315, 315, 100, 0.0, 0.0]
[315, 315, 315, 315, 100, 0.0, 0.0]
[315, 315, 315, 315, 100, 0.0, 0.0]
[315, 315, 315, 315, 100, 0.0, 0.0]
[315, 315, 315, 315, 100, 0.0, 0.0]
[315, 315, 315, 315, 100, 0.0, 0.0]
[315, 315, 315, 315, 100, 0.0, 0.0]
[315, 315, 315, 315, 100, 0.0, 0.0]
[315, 315, 315, 315, 100, 0.0, 0.0]
[315, 315, 315, 315, 100, 0.0, 0.0]
[315, 315, 315, 315, 100, 0.0, 0.0]
[315, 315, 315, 315, 100, 0.0, 0.0]
[315, 315, 315, 315, 100, 0.0, 0.0]
[315, 315, 315, 315, 100, 0.0, 0.0]
[315, 315, 315, 315, 100, 0.0, 0.0]
[315, 315, 315, 315, 100, 0.0, 0.0]
[315, 315, 315, 315, 100, 0.0, 0.0]
[315, 315, 315, 315, 100, 0.0, 0.0]
[315, 315, 315, 315, 100, 0.0, 0.0]
[315, 315, 315, 315, 100, 0.0, 0.0]
[315, 315, 315, 315, 100, 0.0, 0.0]
[315, 315, 315, 315, 100, 0.0, 0.0]
[315, 315, 315, 315, 100, 0.0, 0.0]
[315, 315, 315, 315, 100, 0.0, 0.0]
[315, 315, 315, 315, 100, 0.0, 0.0]
[315, 315, 315, 315, 100, 0.0, 0.0]
[315, 315, 315, 315, 100, 0.0, 0.0]
[315, 315, 315, 315, 100, 0.0, 0.0]
[315, 315, 315, 315, 100, 0.0, 0.0]
[315, 315, 315, 315, 100, 0.0, 0.0]
[315, 315, 315, 315, 100, 0.0, 0.0]
[315, 315, 315, 315, 100, 0.0, 0.0]
[315, 315, 315, 315, 100, 0.0, 0.0]
[315, 315, 315, 315, 100, 0.0, 0.0]
[315, 315, 315, 315, 100, 0.0, 0.0]
[315, 315, 315, 315, 100, 0.0, 0.0]
[315, 315, 315, 315, 100, 0.0, 0.0]
[315, 315, 315, 315, 100, 0.0, 0.0]
[315, 315, 315, 315, 100, 0.0, 0.0]
[315, 315, 315, 315, 100, 0.0, 0.0]
[315, 315, 315, 315, 100, 0.0, 0.0]
[315, 315, 315, 315, 100, 0.0, 0.0]
[315, 315, 315, 315, 100, 0.0, 0.0]
[315, 315, 315, 315, 100, 0.0, 0.0]
[315, 315, 315, 315, 100, 0.0, 0.0]
[315, 315, 315, 315, 100, 0.0, 0.0]
[315, 315, 315, 315, 100, 0.0, 0.0]
[315, 315, 315, 315, 100, 0.0, 0.0]
[315, 315, 315, 315, 100, 0.0, 0.0]
[315, 315, 315, 315, 100, 0.0, 0.0]
[315, 315, 315, 315, 100, 0.0, 0.0]
[315, 315, 315, 315, 100, 0.0, 0.0]
[315, 315, 315, 315, 100, 0.0, 0.0]
[315, 315, 315, 315, 100, 0.0, 0.0]
[315, 315, 315, 315, 100, 0.0, 0.0]
[315, 315, 315, 315, 100, 0.0, 0.0]
[315, 315, 315, 315, 100, 0.0, 0.0]
[315, 315, 315, 315, 100, 0.0, 0.0]
[315, 315, 315, 315, 100, 0.0, 0.0]
[315, 315, 315, 315, 100, 0.0, 0.0]
[315, 315, 315, 315, 100, 0.0, 0.0]
[315, 315, 315, 315, 100, 0.0, 0.0]
[315, 315, 315, 315, 100, 0.0, 0.0]
[315, 315, 315, 315, 100, 0.0, 0.0]
[315, 315, 315, 315, 100, 0.0, 0.0]
[315, 315, 315, 315, 100, 0.0, 0.0]
[315, 315, 315, 315, 100, 0.0, 0.0]
[315, 315, 315, 315, 100, 0.0, 0.0]
[315, 315, 315, 315, 100, 0.0, 0.0]
[315, 315, 315, 315, 100, 0.0, 0.0]
[315, 315, 315, 315, 100, 0.0, 0.0]
[315, 315, 315, 315, 100, 0.0, 0.0]
[315, 315, 315, 315, 100, 0.0, 0.0]
[315, 315, 315, 315, 100, 0.0, 0.0]
[315, 315, 315, 315, 100, 0.0, 0.0]
[315, 315, 315, 315, 100, 0.0, 0.0]
[315, 315, 315, 315, 100, 0.0, 0.0]
[315, 315, 315, 315, 100, 0.0, 0.0]
[315, 315, 315, 315, 100, 0.0, 0.0]
[315, 315, 315, 315, 100, 0.0, 0.0]
[315, 315, 315, 315, 100, 0.0, 0.0]
[315, 315, 315, 315, 100, 0.0, 0.0]
[315, 315, 315, 315, 100, 0.0, 0.0]
[315, 315, 315, 315, 100, 0.0, 0.0]
[315, 315, 315, 315, 100, 0.0, 0.0]
[315, 315, 315, 315, 100, 0.0, 0.0]
[315, 315, 315, 315, 100, 0.0, 0.0]
[315, 315, 315, 315, 100, 0.0, 0.0]
[315, 315, 315, 315, 100, 0.0, 0.0]
[315, 315, 315, 315, 100, 0.0, 0.0]
[315, 315, 315, 315, 100, 0.0, 0.0]
[315, 315, 315, 315, 100, 0.0, 0.0]
[315, 315, 315, 315, 100, 0.0, 0.0]
[315, 315, 315, 315, 100, 0.0, 0.0]
[315, 315, 315, 315, 100, 0.0, 0.0]
[315, 315, 315, 315, 100, 0.0, 0.0]
[315, 315, 315, 315, 100, 0.0, 0.0]
[315, 315, 315, 315, 100, 0.0, 0.0]
[315, 315, 315, 315, 100, 0.0, 0.0]
[315, 315, 315, 315, 100, 0.0, 0.0]
[315, 315, 315, 315, 100, 0.0, 0.0]
[315, 315, 315, 315, 100, 0.0, 0.0]
[315, 315, 315, 315, 100, 0.0, 0.0]
[315, 315, 315, 315, 100, 0.0, 0.0]
[315, 315, 315, 315, 100, 0.0, 0.0]
[315, 315, 315, 315, 100, 0.0, 0.0]
[315, 315, 315, 315, 100, 0.0, 0.0]
[315, 315, 315, 315, 100, 0.0, 0.0]
[315, 315, 315, 315, 100, 0.0, 0.0]
[315, 315, 315, 315, 100, 0.0, 0.0]
[315, 315, 315, 315, 100, 0.0, 0.0]
[315, 315, 315, 315, 100, 0.0, 0.0]
[315, 315, 315, 315, 100, 0.0, 0.0]
[315, 315, 315, 315, 100, 0.0, 0.0]
[315, 315, 315, 315, 100, 0.0, 0.0]
[315, 315, 315, 315, 100, 0.0, 0.0]
[315, 315, 315, 315, 100, 0.0, 0.0]
[315, 315, 315, 315, 100, 0.0, 0.0]
[315, 315, 315, 315, 100, 0.0, 0.0]
[315, 315, 315, 315, 100, 0.0, 0.0]
[315, 315, 315, 315, 100, 0.0, 0.0]
[315, 315, 315, 315, 100, 0.0, 0.0]
[315, 315, 315, 315, 100, 0.0, 0.0]
[315, 315, 315, 315, 100, 0.0, 0.0]
[315, 315, 315, 315, 100, 0.0, 0.0]
[315, 315, 315, 315, 100, 0.0, 0.0]
[315, 315, 315, 315, 100, 0.0, 0.0]
[315, 315, 315, 315, 100, 0.0, 0.0]
[315, 315, 315, 315, 100, 0.0, 0.0]
[315, 315, 315, 315, 100, 0.0, 0.0]
[315, 315, 315, 315, 100, 0.0, 0.0]
[315, 315, 315, 315, 100, 0.0, 0.0]
[315, 315, 315, 315, 100, 0.0, 0.0]
[315, 315, 315, 315, 100, 0.0, 0.0]
[315, 315, 315, 315, 100, 0.0, 0.0]
[315, 315, 315, 315, 100, 0.0, 0.0]
[315, 315, 315, 315, 100, 0.0, 0.0]
[315, 315, 315, 315, 100, 0.0, 0.0]
[315, 315, 315, 315, 100, 0.0, 0.0]
[315, 315, 315, 315, 100, 0.0, 0.0]
[315, 315, 315, 315, 100, 0.0, 0.0]
[315, 315, 315, 315, 100, 0.0, 0.0]
[315, 315, 315, 315, 100, 0.0, 0.0]
[315, 315, 315, 315, 100, 0.0, 0.0]
[315, 315, 315, 315, 100, 0.0, 0.0]
[315, 315, 315, 315, 100, 0.0, 0.0]
[315, 315, 315, 315, 100, 0.0, 0.0]
[315, 315, 315, 315, 100, 0.0, 0.0]
[315, 315, 315, 315, 100, 0.0, 0.0]
[315, 315, 315, 315, 100, 0.0, 0.0]
[315, 315, 315, 315, 100, 0.0, 0.0]
[315, 315, 315, 315, 100, 0.0, 0.0]
[315, 315, 315, 315, 100, 0.0, 0.0]
[315, 315, 315, 315, 100, 0.0, 0.0]
[315, 315, 315, 315, 100, 0.0, 0.0]
[315, 315, 315, 315, 100, 0.0, 0.0]
[315, 315, 315, 315, 100, 0.0, 0.0]
[315, 315, 315, 315, 100, 0.0, 0.0]
[315, 315, 315, 315, 100, 0.0, 0.0]
[315, 315, 315, 315, 100, 0.0, 0.0]
[315, 315, 315, 315, 100, 0.0, 0.0]
[315, 315, 315, 315, 100, 0.0, 0.0]
[315, 315, 315, 315, 100, 0.0, 0.0]
[315, 315, 315, 315, 100, 0.0, 0.0]
[315, 315, 315, 315, 100, 0.0, 0.0]
[315, 315, 315, 315, 100, 0.0, 0.0]
[315, 315, 315, 315, 100, 0.0, 0.0]
[315, 315, 315, 315, 100, 0.0, 0.0]
[315, 315, 315, 315, 100, 0.0, 0.0]
[315, 315, 315, 315, 100, 0.0, 0.0]
[315, 315, 315, 315, 100, 0.0, 0.0]
[315, 315, 315, 315, 100, 0.0, 0.0]
[315, 315, 315, 315, 100, 0.0, 0.0]
[315, 315, 315, 315, 100, 0.0, 0.0]
[315, 315, 315, 315, 100, 0.0, 0.0]
[315, 315, 315, 315, 100, 0.0, 0.0]
[315, 315, 315, 315, 100, 0.0, 0.0]
[315, 315, 315, 315, 100, 0.0, 0.0]
[315, 315, 315, 315, 100, 0.0, 0.0]
[315, 315, 315, 315, 100, 0.0, 0.0]
[315, 315, 315, 315, 100, 0.0, 0.0]
[315, 315, 315, 315, 100, 0.0, 0.0]
[315, 315, 315, 315, 100, 0.0, 0.0]
[315, 315, 315, 315, 100, 0.0, 0.0]
[315, 315, 315, 315, 100, 0.0, 0.0]
[315, 315, 315, 315, 100, 0.0, 0.0]
[315, 315, 315, 315, 100, 0.0, 0.0]
[315, 315, 315, 315, 100, 0.0, 0.0]
[315, 315, 315, 315, 100, 0.0, 0.0]
[315, 315, 315, 315, 100, 0.0, 0.0]
[315, 315, 315, 315, 100, 0.0, 0.0]
[315, 315, 315, 315, 100, 0.0, 0.0]
[315, 315, 315, 315, 100, 0.0, 0.0]
[315, 315, 315, 315, 100, 0.0, 0.0]
[315, 315, 315, 315, 100, 0.0, 0.0]
[315, 315, 315, 315, 100, 0.0, 0.0]
[315, 315, 315, 315, 100, 0.0, 0.0]
[315, 315, 315, 315, 100, 0.0, 0.0]
[315, 315, 315, 315, 100, 0.0, 0.0]
[315, 315, 315, 315, 100, 0.0, 0.0]
[315, 315, 315, 315, 100, 0.0, 0.0]
[315, 315, 315, 315, 100, 0.0, 0.0]
[315, 315, 315, 315, 100, 0.0, 0.0]
[315, 315, 315, 315, 100, 0.0, 0.0]
[315, 315, 315, 315, 100, 0.0, 0.0]
[315, 315, 315, 315, 100, 0.0, 0.0]
[315, 315, 315, 315, 100, 0.0, 0.0]
[315, 315, 315, 315, 100, 0.0, 0.0]
[315, 315, 315, 315, 100, 0.0, 0.0]
[315, 315, 315, 315, 100, 0.0, 0.0]
[315, 315, 315, 315, 100, 0.0, 0.0]
[315, 315, 315, 315, 100, 0.0, 0.0]
[315, 315, 315, 315, 100, 0.0, 0.0]
[315, 315, 315, 315, 100, 0.0, 0.0]
[315, 315, 315, 315, 100, 0.0, 0.0]
[315, 315, 315, 315, 100, 0.0, 0.0]
[315, 315, 315, 315, 100, 0.0, 0.0]
[315, 315, 315, 315, 100, 0.0, 0.0]
[315, 315, 315, 315, 100, 0.0, 0.0]
[315, 315, 315, 315, 100, 0.0, 0.0]
[315, 315, 315, 315, 100, 0.0, 0.0]
[315, 315, 315, 315, 100, 0.0, 0.0]
[315, 315, 315, 315, 100, 0.0, 0.0]
[315, 315, 315, 315, 100, 0.0, 0.0]
[315, 315, 315, 315, 100, 0.0, 0.0]
[315, 315, 315, 315, 100, 0.0, 0.0]
[315, 315, 315, 315, 100, 0.0, 0.0]
[315, 315, 315, 315, 100, 0.0, 0.0]
[315, 315, 315, 315, 100, 0.0, 0.0]
[315, 315, 315, 315, 100, 0.0, 0.0]
[315, 315, 315, 315, 100, 0.0, 0.0]
[315, 315, 315, 315, 100, 0.0, 0.0]
[315, 315, 315, 315, 100, 0.0, 0.0]
[315, 315, 315, 315, 100, 0.0, 0.0]
[315, 315, 315, 315, 100, 0.0, 0.0]
[315, 315, 315, 315, 100, 0.0, 0.0]
[315, 315, 315, 315, 100, 0.0, 0.0]
[315, 315, 315, 315, 100, 0.0, 0.0]
[315, 315, 315, 315, 100, 0.0, 0.0]
[315, 315, 315, 315, 100, 0.0, 0.0]
[315, 315, 315, 315, 100, 0.0, 0.0]
[315, 315, 315, 315, 100, 0.0, 0.0]
[315, 315, 315, 315, 100, 0.0, 0.0]
[315, 315, 315, 315, 100, 0.0, 0.0]
[315, 315, 315, 315, 100, 0.0, 0.0]
[315, 315, 315, 315, 100, 0.0, 0.0]
[315, 315, 315, 315, 100, 0.0, 0.0]
[315, 315, 315, 315, 100, 0.0, 0.0]
[315, 315, 315, 315, 100, 0.0, 0.0]
[315, 315, 315, 315, 100, 0.0, 0.0]
[315, 315, 315, 315, 100, 0.0, 0.0]
[315, 315, 315, 315, 100, 0.0, 0.0]
[315, 315, 315, 315, 100, 0.0, 0.0]
[315, 315, 315, 315, 100, 0.0, 0.0]
[315, 315, 315, 315, 100, 0.0, 0.0]
[315, 315, 315, 315, 100, 0.0, 0.0]
[315, 315, 315, 315, 100, 0.0, 0.0]
[315, 315, 315, 315, 100, 0.0, 0.0]
[315, 315, 315, 315, 100, 0.0, 0.0]
[315, 315, 315, 315, 100, 0.0, 0.0]
[315, 315, 315, 315, 100, 0.0, 0.0]
[315, 315, 315, 315, 100, 0.0, 0.0]
[315, 315, 315, 315, 100, 0.0, 0.0]
[315, 315, 315, 315, 100, 0.0, 0.0]
[315, 315, 315, 315, 100, 0.0, 0.0]
[315, 315, 315, 315, 100, 0.0, 0.0]
[315, 315, 315, 315, 100, 0.0, 0.0]
[315, 315, 315, 315, 100, 0.0, 0.0]
[315, 315, 315, 315, 100, 0.0, 0.0]
[315, 315, 315, 315, 100, 0.0, 0.0]
[315, 315, 315, 315, 100, 0.0, 0.0]
[315, 315, 315, 315, 100, 0.0, 0.0]
[315, 315, 315, 315, 100, 0.0, 0.0]
[315, 315, 315, 315, 100, 0.0, 0.0]
[315, 315, 315, 315, 100, 0.0, 0.0]
[315, 315, 315, 315, 100, 0.0, 0.0]
[315, 315, 315, 315, 100, 0.0, 0.0]
[315, 315, 315, 315, 100, 0.0, 0.0]
[315, 315, 315, 315, 100, 0.0, 0.0]
[315, 315, 315, 315, 100, 0.0, 0.0]
[315, 315, 315, 315, 100, 0.0, 0.0]
[315, 315, 315, 315, 100, 0.0, 0.0]
[315, 315, 315, 315, 100, 0.0, 0.0]
[315, 315, 315, 315, 100, 0.0, 0.0]
[315, 315, 311, 315, 100, 0.0, 0.0]
[315, 315, 306, 315, 100, 0.0, 0.0]
[315, 315, 301, 315, 100, 0.0, 0.0]
[315, 315, 296, 315, 100, 0.0, 0.0]
[315, 315, 291, 315, 100, 0.0, 0.0]
[315, 315, 286, 315, 100, 0.0, 0.0]
[315, 315, 281, 315, 100, 0.0, 0.0]
[315, 315, 276, 315, 100, 0.0, 0.0]
[315, 315, 271, 315, 100, 0.0, 0.0]
[315, 315, 267, 315, 100, 0.0, 0.0]
[315, 315, 262, 315, 100, 0.0, 0.0]
[315, 315, 257, 315, 100, 0.0, 0.0]
[315, 315, 252, 315, 100, 0.0, 0.0]
[315, 315, 247, 315, 100, 0.0, 0.0]
[315, 315, 242, 315, 100, 0.0, 0.0]
[315, 315, 237, 315, 100, 0.0, 0.0]
[315, 315, 233, 315, 100, 0.0, 0.0]
[315, 315, 228, 315, 100, 0.0, 0.0]
[315, 315, 223, 315, 100, 0.0, 0.0]
[315, 315, 218, 315, 100, 0.0, 0.0]
[315, 315, 213, 315, 100, 0.0, 0.0]
[315, 315, 209, 315, 100, 0.0, 0.0]
[315, 315, 204, 315, 100, 0.0, 0.0]
[315, 315, 199, 315, 100, 0.0, 0.0]
[315, 315, 194, 315, 100, 0.0, 0.0]
[315, 315, 190, 315, 100, 0.0, 0.0]
[315, 315, 185, 315, 100, 0.0, 0.0]
[315, 315, 180, 315, 100, 0.0, 0.0]
[315, 315, 175, 315, 100, 0.0, 0.0]
[315, 315, 171, 315, 100, 0.0, 0.0]
[315, 315, 166, 315, 100, 0.0, 0.0]
[315, 315, 161, 315, 100, 0.0, 0.0]
[315, 315, 157, 315, 100, 0.0, 0.0]
[315, 315, 152, 315, 100, 0.0, 0.0]
[315, 315, 148, 315, 100, 0.0, 0.0]
[315, 315, 143, 315, 100, 0.0, 0.0]
[315, 315, 139, 315, 100, 0.0, 0.0]
[315, 315, 134, 315, 100, 0.0, 0.0]
[315, 315, 130, 315, 100, 0.0, 0.0]
[315, 315, 125, 315, 100, 0.0, 0.0]
[315, 315, 121, 315, 100, 0.0, 0.0]
[315, 315, 117, 315, 100, 0.0, 0.0]
[315, 315, 112, 315, 100, 0.0, 0.0]
[315, 315, 108, 315, 100, 0.0, 0.0]
[315, 315, 104, 315, 100, 0.0, 0.0]
[315, 315, 100, 315, 100, 0.0, 0.0]
[315, 315, 100, 315, 100, 0.0, 0.0]
[315, 315, 100, 315, 100, 0.0, 0.0]
[315, 315, 100, 315, 100, 0.0, 0.0]
[315, 315, 100, 315, 100, 0.0, 0.0]
[315, 315, 100, 315, 100, 0.0, 0.0]
[315, 315, 100, 315, 100, 0.0, 0.0]
[315, 315, 100, 315, 100, 0.0, 0.0]
[315, 315, 100, 315, 100, 0.0, 0.0]
[315, 315, 100, 315, 100, 0.0, 0.0]
[315, 315, 100, 315, 100, 0.0, 0.0]
[315, 315, 100, 315, 100, 0.0, 0.0]
[315, 315, 100, 315, 100, 0.0, 0.0]
[315, 315, 100, 315, 100, 0.0, 0.0]
[315, 315, 100, 315, 100, 0.0, 0.0]
[315, 315, 100, 315, 100, 0.0, 0.0]
[315, 315, 100, 315, 100, 0.0, 0.0]
[315, 315, 100, 315, 100, 0.0, 0.0]
[315, 315, 100, 315, 100, 0.0, 0.0]
[315, 315, 97, 315, 100, 0.0, 0.0]
[315, 315, 94, 315, 100, 0.0, 0.0]
[315, 315, 92, 315, 100, 0.0, 0.0]
[315, 315, 89, 315, 100, 0.0, 0.0]
[315, 315, 87, 315, 100, 0.0, 0.0]
[315, 315, 85, 315, 100, 0.0, 0.0]
[315, 315, 84, 315, 100, 0.0, 0.0]
[315, 315, 82, 315, 100, 0.0, 0.0]
[315, 315, 81, 315, 100, 0.0, 0.0]
[315, 315, 80, 315, 100, 0.0, 0.0]
[315, 315, 80, 315, 100, 0.0, 0.0]
[315, 315, 80, 315, 100, 0.0, 0.0]
[315, 315, 80, 315, 100, 0.0, 0.0]
[315, 315, 80, 315, 100, 0.0, 0.0]
[315, 315, 81, 315, 100, 0.0, 0.0]
[315, 315, 81, 315, 100, 0.0, 0.0]
[315, 315, 81, 315, 100, 0.0, 0.0]
[315, 315, 81, 315, 100, 0.0, 0.0]
[315, 315, 81, 315, 100, 0.0, 0.0]
[315, 315, 81, 315, 100, 0.0, 0.0]
[315, 315, 81, 315, 100, 0.0, 0.0]
[315, 315, 81, 315, 100, 0.0, 0.0]
[315, 315, 81, 315, 100, 0.0, 0.0]
[315, 315, 81, 315, 100, 0.0, 0.0]
[315, 315, 81, 315, 100, 0.0, 0.0]
[315, 315, 81, 315, 100, 0.0, 0.0]
[315, 315, 81, 315, 100, 0.0, 0.0]
[315, 315, 81, 315, 100, 0.0, 0.0]
[315, 315, 81, 315, 100, 0.0, 0.0]
[315, 315, 81, 315, 100, 0.0, 0.0]
[315, 315, 81, 315, 100, 0.0, 0.0]
[315, 315, 81, 315, 100, 0.0, 0.0]
[315, 315, 81, 315, 100, 0.0, 0.0]
[315, 315, 81, 315, 100, 0.0, 0.0]
[315, 315, 81, 315, 100, 0.0, 0.0]
[315, 315, 81, 315, 100, 0.0, 0.0]
[315, 315, 81, 315, 100, 0.0, 0.0]
[315, 315, 81, 315, 100, 0.0, 0.0]
[315, 315, 81, 315, 100, 0.0, 0.0]
[315, 315, 81, 315, 100, 0.0, 0.0]
[315, 315, 81, 315, 100, 0.0, 0.0]
[315, 315, 81, 315, 100, 0.0, 0.0]
[315, 315, 81, 315, 100, 0.0, 0.0]
[315, 315, 81, 315, 100, 0.0, 0.0]
[315, 315, 81, 315, 100, 0.0, 0.0]
[315, 315, 81, 315, 100, 0.0, 0.0]
[315, 315, 81, 315, 100, 0.0, 0.0]
[315, 315, 81, 315, 100, 0.0, 0.0]
[315, 315, 81, 315, 100, 0.0, 0.0]
[315, 315, 81, 315, 100, 0.0, 0.0]
[315, 315, 81, 315, 100, 0.0, 0.0]
[315, 315, 81, 315, 100, 0.0, 0.0]
[315, 315, 81, 315, 100, 0.0, 0.0]
[315, 315, 81, 315, 100, 0.0, 0.0]
[315, 315, 81, 315, 100, 0.0, 0.0]
[315, 315, 81, 315, 100, 0.0, 0.0]
[315, 315, 81, 315, 100, 0.0, 0.0]
[315, 315, 76, 315, 100, 0.0, 0.0]
[315, 315, 71, 315, 100, 0.0, 0.0]
[315, 315, 66, 315, 100, 0.0, 0.0]
[315, 315, 61, 315, 100, 0.0, 0.0]
[315, 315, 56, 315, 100, 0.0, 0.0]
[315, 315, 51, 315, 100, 0.0, 0.0]
[315, 315, 47, 315, 100, 0.0, 0.0]
[315, 315, 42, 315, 100, 0.0, 0.0]
[315, 315, 37, 315, 100, 0.0, 0.0]
[315, 315, 33, 315, 100, 0.0, 0.0]
[315, 315, 28, 315, 100, 0.0, 0.0]
[315, 315, 24, 315, 100, 0.0, 0.0]
[315, 315, 315, 315, 100, 0.5, 0.0]
[315, 315, 315, 315, 100, 0.5, 0.0]
[315, 315, 315, 315, 100, 0.5, 0.0]
[315, 315, 315, 315, 100, 0.5, 0.0]
[315, 315, 315, 315, 100, 0.5, 0.0]
[315, 315, 315, 315, 100, 0.5, 0.0]
[315, 315, 315, 315, 100, 0.5, 0.0]
[315, 315, 315, 315, 100, 0.5, 0.0]
[315, 315, 315, 315, 100, 0.5, 0.0]
[315, 315, 315, 315, 100, 0.5, 0.0]
[315, 315, 315, 315, 100, 0.5, 0.0]
[315, 315, 315, 315, 100, 0.5, 0.0]
[315, 315, 315, 315, 100, 0.5, 0.0]
[315, 315, 315, 315, 100, 0.5, 0.0]
[315, 315, 315, 315, 100, 0.5, 0.0]
[315, 315, 315, 315, 100, 0.5, 0.0]
[315, 315, 315, 315, 100, 0.5, 0.0]
[315, 315, 315, 315, 100, 0.5, 0.0]
[315, 315, 315, 315, 100, 0.5, 0.0]
[315, 315, 315, 315, 100, 0.5, 0.0]
[315, 315, 315, 315, 100, 0.5, 0.0]
[315, 315, 315, 315, 100, 0.5, 0.0]
[315, 315, 315, 315, 100, 0.5, 0.0]
[315, 315, 315, 315, 100, 0.5, 0.0]
[315, 315, 315, 315, 100, 0.5, 0.0]
[315, 315, 315, 315, 100, 0.5, 0.0]
[315, 315, 315, 315, 100, 0.5, 0.0]
[315, 315, 315, 315, 100, 0.5, 0.0]
[315, 315, 315, 315, 100, 0.5, 0.0]
[315, 315, 315, 315, 100, 0.5, 0.0]
[315, 315, 315, 315, 100, 0.5, 0.0]
[315, 315, 315, 315, 100, 0.5, 0.0]
[315, 315, 315, 315, 100, 0.5, 0.0]
[315, 315, 315, 315, 100, 0.5, 0.0]
[315, 315, 315, 315, 100, 0.5, 0.0]
[315, 315, 315, 315, 100, 0.5, 0.0]
[315, 315, 315, 315, 100, 0.5, 0.0]
[315, 315, 315, 315, 100, 0.5, 0.0]
[315, 315, 315, 315, 100, 0.5, 0.0]
[315, 315, 315, 315, 100, 0.5, 0.0]
[315, 315, 315, 315, 100, 0.5, 0.0]
[315, 315, 315, 315, 100, 0.5, 0.0]
[315, 315, 315, 315, 100, 0.5, 0.0]
[315, 315, 315, 315, 100, 0.5, 0.0]
[315, 315, 315, 315, 100, 0.5, 0.0]
[315, 315, 315, 315, 100, 0.5, 0.0]
[315, 315, 315, 315, 100, 0.5, 0.0]
[315, 315, 315, 315, 100, 0.5, 0.0]
[315, 315, 315, 315, 100, 0.5, 0.0]
[315, 315, 315, 315, 100, 0.5, 0.0]
[315, 315, 315, 315, 100, 0.5, 0.0]
[315, 315, 315, 315, 100, 0.5, 0.0]
[315, 315, 315, 315, 100, 0.5, 0.0]
[315, 315, 315, 315, 100, 0.5, 0.0]
[315, 315, 315, 315, 100, 0.5, 0.0]
[315, 315, 315, 315, 100, 0.5, 0.0]
[315, 315, 315, 315, 100, 0.5, 0.0]
[315, 315, 315, 315, 100, 0.5, 0.0]
[315, 315, 315, 315, 100, 0.5, 0.0]
[315, 315, 315, 315, 100, 0.5, 0.0]
[315, 315, 315, 315, 100, 0.5, 0.0]
[315, 315, 315, 315, 100, 0.5, 0.0]
[315, 315, 315, 315, 100, 0.5, 0.0]
[315, 315, 315, 315, 100, 0.5, 0.0]
[315, 315, 315, 315, 100, 0.5, 0.0]
[315, 315, 315, 315, 100, 0.5, 0.0]
[315, 315, 315, 315, 100, 0.5, 0.0]
[315, 315, 315, 315, 100, 0.5, 0.0]
[315, 315, 315, 315, 100, 0.5, 0.0]
[315, 315, 315, 315, 100, 0.5, 0.0]
[315, 315, 315, 315, 100, 0.5, 0.0]
[315, 315, 315, 315, 100, 0.5, 0.0]
[315, 315, 315, 315, 100, 0.5, 0.0]
[315, 315, 315, 315, 100, 0.5, 0.0]
[315, 315, 315, 315, 100, 0.5, 0.0]
[315, 315, 315, 315, 100, 0.5, 0.0]
[315, 315, 315, 315, 100, 0.5, 0.0]
[315, 315, 315, 315, 100, 0.5, 0.0]
[315, 315, 315, 315, 100, 0.5, 0.0]
[315, 315, 315, 315, 100, 0.5, 0.0]
[315, 315, 315, 315, 100, 0.5, 0.0]
[315, 315, 315, 315, 100, 0.5, 0.0]
[315, 315, 315, 315, 100, 0.5, 0.0]
[315, 315, 315, 315, 100, 0.5, 0.0]
[315, 315, 315, 315, 100, 0.5, 0.0]
[315, 315, 315, 315, 100, 0.5, 0.0]
[315, 315, 315, 315, 100, 0.5, 0.0]
[315, 315, 315, 315, 100, 0.5, 0.0]
[315, 315, 315, 315, 100, 0.5, 0.0]
[315, 315, 315, 315, 100, 0.5, 0.0]
[315, 315, 315, 315, 100, 0.5, 0.0]
[315, 315, 315, 315, 100, 0.5, 0.0]
[315, 315, 315, 315, 100, 0.5, 0.0]
[315, 315, 315, 315, 100, 0.5, 0.0]
[315, 315, 315, 315, 100, 0.5, 0.0]
[315, 315, 315, 315, 100, 0.5, 0.0]
[315, 315, 315, 315, 100, 0.5, 0.0]
[315, 315, 315, 315, 100, 0.5, 0.0]
[315, 315, 315, 315, 100, 0.5, 0.0]
[315, 315, 315, 315, 100, 0.5, 0.0]
[315, 315, 315, 315, 100, 0.5, 0.0]
[315, 315, 315, 315, 100, 0.5, 0.0]
[315, 315, 315, 315, 100, 0.5, 0.0]
[315, 315, 315, 315, 100, 0.5, 0.0]
[315, 315, 315, 315, 100, 0.5, 0.0]
[315, 315, 315, 315, 100, 0.5, 0.0]
[315, 315, 315, 315, 100, 0.5, 0.0]
[315, 315, 315, 315, 100, 0.5, 0.0]
[315, 315, 315, 315, 100, 0.5, 0.0]
[315, 315, 315, 315, 100, 0.5, 0.0]
[315, 315, 315, 315, 100, 0.5, 0.0]
[315, 315, 315, 315, 100, 0.5, 0.0]
[315, 315, 315, 315, 100, 0.5, 0.0]
[315, 315, 315, 315, 100, 0.5, 0.0]
[315, 315, 315, 315, 100, 0.5, 0.0]
[315, 315, 315, 315, 100, 0.5, 0.0]
[315, 315, 315, 315, 100, 0.5, 0.0]
[315, 315, 315, 315, 100, 0.5, 0.0]
[315, 315, 315, 315, 100, 0.5, 0.0]
[315, 315, 315, 315, 100, 0.5, 0.0]
[315, 315, 315, 315, 100, 0.5, 0.0]
[315, 315, 315, 315, 100, 0.5, 0.0]
[315, 315, 315, 315, 100, 0.5, 0.0]
[315, 315, 315, 315, 100, 0.5, 0.0]
[315, 315, 315, 315, 100, 0.5, 0.0]
[315, 315, 315, 315, 100, 0.5, 0.0]
[315, 315, 315, 315, 100, 0.5, 0.0]
[315, 315, 315, 315, 100, 0.5, 0.0]
[315, 315, 315, 315, 100, 0.5, 0.0]
[315, 315, 315, 315, 100, 0.5, 0.0]
[315, 315, 315, 315, 100, 0.5, 0.0]
[315, 315, 315, 315, 100, 0.5, 0.0]
[315, 315, 315, 315, 100, 0.5, 0.0]
[315, 315, 315, 315, 100, 0.5, 0.0]
[315, 315, 315, 315, 100, 0.5, 0.0]
[315, 315, 315, 315, 100, 0.5, 0.0]
[315, 315, 315, 315, 100, 0.5, 0.0]
[315, 315, 315, 315, 100, 0.5, 0.0]
[315, 315, 315, 315, 100, 0.5, 0.0]
[315, 315, 315, 315, 100, 0.5, 0.0]
[315, 315, 315, 315, 100, 0.5, 0.0]
[315, 315, 315, 315, 100, 0.5, 0.0]
[315, 315, 315, 315, 100, 0.5, 0.0]
[315, 315, 315, 315, 100, 0.5, 0.0]
[315, 315, 315, 315, 100, 0.5, 0.0]
[315, 315, 315, 315, 100, 0.5, 0.0]
[315, 315, 315, 315, 100, 0.5, 0.0]
[315, 315, 315, 315, 100, 0.5, 0.0]
[315, 315, 315, 315, 100, 0.5, 0.0]
[315, 315, 315, 315, 100, 0.5, 0.0]
[315, 315, 315, 315, 100, 0.5, 0.0]
[315, 315, 315, 315, 100, 0.5, 0.0]
[315, 315, 315, 315, 100, 0.5, 0.0]
[315, 315, 315, 315, 100, 0.5, 0.0]
[315, 315, 315, 315, 100, 0.5, 0.0]
[315, 315, 315, 315, 100, 0.5, 0.0]
[315, 315, 315, 315, 100, 0.5, 0.0]
[315, 315, 315, 315, 100, 0.5, 0.0]
[311, 315, 315, 315, 100, 0.5, 0.0]
[307, 315, 315, 315, 100, 0.5, 0.0]
[302, 315, 315, 315, 100, 0.5, 0.0]
[297, 315, 315, 315, 100, 0.5, 0.0]
[292, 315, 315, 315, 100, 0.5, 0.0]
[287, 315, 315, 315, 100, 0.5, 0.0]
[283, 315, 315, 315, 100, 0.5, 0.0]
[278, 315, 315, 315, 100, 0.5, 0.0]
[273, 315, 315, 315, 100, 0.5, 0.0]
[268, 315, 315, 315, 100, 0.5, 0.0]
[264, 315, 315, 315, 100, 0.5, 0.0]
[259, 315, 315, 315, 100, 0.5, 0.0]
[254, 315, 315, 315, 100, 0.5, 0.0]
[249, 315, 315, 315, 100, 0.5, 0.0]
[245, 315, 315, 315, 100, 0.5, 0.0]
[240, 315, 315, 315, 100, 0.5, 0.0]
[235, 315, 315, 315, 100, 0.5, 0.0]
[231, 315, 315, 315, 100, 0.5, 0.0]
[226, 315, 315, 315, 100, 0.5, 0.0]
[221, 315, 315, 315, 100, 0.5, 0.0]
[217, 315, 315, 315, 100, 0.5, 0.0]
[212, 315, 315, 315, 100, 0.5, 0.0]
[208, 315, 315, 315, 100, 0.5, 0.0]
[203, 315, 315, 315, 100, 0.5, 0.0]
[199, 315, 315, 315, 100, 0.5, 0.0]
[194, 315, 315, 315, 100, 0.5, 0.0]
[190, 315, 315, 315, 100, 0.5, 0.0]
[185, 315, 315, 315, 100, 0.5, 0.0]
[181, 315, 315, 315, 100, 0.5, 0.0]
[176, 315, 315, 315, 100, 0.5, 0.0]
[172, 315, 315, 315, 100, 0.5, 0.0]
[168, 315, 315, 315, 100, 0.5, 0.0]
[163, 315, 315, 315, 100, 0.5, 0.0]
[159, 315, 315, 315, 100, 0.5, 0.0]
[155, 315, 315, 315, 100, 0.5, 0.0]
[151, 315, 315, 315, 100, 0.5, 0.0]
[147, 315, 315, 315, 100, 0.5, 0.0]
[143, 315, 315, 315, 100, 0.5, 0.0]
[139, 315, 315, 315, 100, 0.5, 0.0]
[135, 315, 315, 315, 100, 0.5, 0.0]
[131, 315, 315, 315, 100, 0.5, 0.0]
[127, 315, 315, 315, 100, 0.5, 0.0]
[123, 315, 315, 315, 100, 0.5, 0.0]
[123, 315, 315, 315, 100, 0.5, 0.0]
[123, 315, 315, 315, 100, 0.5, 0.0]
[123, 315, 315, 315, 100, 0.5, 0.0]
[123, 315, 315, 315, 100, 0.5, 0.0]
[123, 315, 315, 315, 100, 0.5, 0.0]
[123, 315, 315, 315, 100, 0.5, 0.0]
[123, 315, 315, 315, 100, 0.5, 0.0]
[123, 315, 315, 315, 100, 0.5, 0.0]
[120, 315, 315, 315, 100, 0.5, 0.0]
[116, 315, 315, 315, 100, 0.5, 0.0]
[113, 315, 315, 315, 100, 0.5, 0.0]
[110, 315, 315, 315, 100, 0.5, 0.0]
[107, 315, 315, 315, 100, 0.5, 0.0]
[104, 315, 315, 315, 100, 0.5, 0.0]
[101, 315, 315, 315, 100, 0.5, 0.0]
[98, 315, 315, 315, 100, 0.5, 0.0]
[96, 315, 315, 315, 100, 0.5, 0.0]
[93, 315, 315, 315, 100, 0.5, 0.0]
[91, 315, 315, 315, 100, 0.5, 0.0]
[90, 315, 315, 315, 100, 0.5, 0.0]
[88, 315, 315, 315, 100, 0.5, 0.0]
[87, 315, 315, 315, 100, 0.5, 0.0]
[87, 315, 315, 315, 100, 0.5, 0.0]
[87, 315, 315, 315, 100, 0.5, 0.0]
[87, 315, 315, 315, 100, 0.5, 0.0]
[87, 315, 315, 315, 100, 0.5, 0.0]
[87, 315, 315, 315, 100, 0.5, 0.0]
[87, 315, 315, 315, 100, 0.5, 0.0]
[87, 315, 315, 315, 100, 0.5, 0.0]
[87, 315, 315, 315, 100, 0.5, 0.0]
[87, 315, 315, 315, 100, 0.5, 0.0]
[87, 315, 315, 315, 100, 0.5, 0.0]
[87, 315, 315, 315, 100, 0.5, 0.0]
[87, 315, 315, 315, 100, 0.5, 0.0]
[87, 315, 315, 315, 100, 0.5, 0.0]
[87, 315, 315, 315, 100, 0.5, 0.0]
[86, 315, 315, 315, 100, 0.5, 0.0]
[85, 315, 315, 315, 100, 0.5, 0.0]
[85, 315, 315, 315, 100, 0.5, 0.0]
[85, 315, 315, 315, 100, 0.5, 0.0]
[85, 315, 315, 315, 100, 0.5, 0.0]
[85, 315, 315, 315, 100, 0.5, 0.0]
[85, 315, 315, 315, 100, 0.5, 0.0]
[85, 315, 315, 315, 100, 0.5, 0.0]
[85, 315, 315, 315, 100, 0.5, 0.0]
[85, 315, 315, 315, 100, 0.5, 0.0]
[85, 315, 315, 315, 100, 0.5, 0.0]
[85, 315, 315, 315, 100, 0.5, 0.0]
[85, 315, 315, 315, 100, 0.5, 0.0]
[85, 315, 315, 315, 100, 0.5, 0.0]
[85, 315, 315, 315, 100, 0.5, 0.0]
[80, 315, 315, 315, 100, 0.5, 0.0]
[75, 315, 315, 315, 100, 0.5, 0.0]
[70, 315, 315, 315, 100, 0.5, 0.0]
[65, 315, 315, 315, 100, 0.5, 0.0]
[60, 315, 315, 315, 100, 0.5, 0.0]
[55, 315, 315, 315, 100, 0.5, 0.0]
[50, 315, 315, 315, 100, 0.5, 0.0]
[46, 315, 315, 315, 100, 0.5, 0.0]
[41, 315, 315, 315, 100, 0.5, 0.0]
[36, 315, 315, 315, 100, 0.5, 0.0]
[31, 315, 315, 315, 100, 0.5, 0.0]
