[315, 315, 315, 315, 100, 0.0, 0.0]
[315, 315, 315, 315, 100, 0.0, 0.0]
[315, 315, 315, 315, 100, 0.0, 0.0]
[315, 315, 315, 315, 100, 0.0, 0.0]
[315, 315, 315, 315, 100, 0.0, 0.0]
[315, 315, 315, 315, 100, 0.0, 0.0]
[315, 315, 315, 315, 100, 0.0, 0.0]
[315, 315, 315, 315, 100, 0.0, 0.0]
[315, 315, 315, 315, 100, 0.0, 0.0]
[315, 315, 315, 315, 100, 0.0, 0.0]
[315, 315, 315, 315, 100, 0.0, 0.0]
[315, 315, 315, 315, 100, 0.0, 0.0]
[315, 315, 315, 315, 100, 0.0, 0.0]
[315, 315, 315, 315, 100, 0.0, 0.0]
[315, 315, 315, 315, 100, 0.0, 0.0]
[315, 315, 315, 315, 100, 0.0, 0.0]
[315, 315, 315, 315, 100, 0.0, 0.0]
[315, 315, 315, 315, 100, 0.0, 0.0]
[315, 315, 315, 315, 100, 0.0, 0.0]
[315, 315, 315, 315, 100, 0.0, 0.0]
[315, 315, 315, 315, 100, 0.0, 0.0]
[315, 315, 315, 315, 100, 0.0, 0.0]
[315, 315, 315, 315, 100, 0.0, 0.0]
[315, 315, 315, 315, 100, 0.0, 0.0]
[315, 315, 315, 315, 100, 0.0, 0.0]
[315, 315, 315, 315, 100, 0.0, 0.0]
[315, 315, 315, 315, 100, 0.0, 0.0]
[315, 315, 315, 315, 100, 0.0, 0.0]
[315, 315, 315, 315, 100, 0.0, 0.0]
[315, 315, 315, 315, 100, 0.0, 0.0]
[315, 315, 315, 315, 100, 0.0, 0.0]
[315, 315, 315, 315, 100, 0.0, 0.0]
[315, 315, 315, 315, 100, 0.0, 0.0]
[315, 315, 315, 315, 100, 0.0, 0.0]
[315, 315, 315, 315, 100, 0.0, 0.0]
[315, 315, 315, 315, 100, 0.0, 0.0]
[315, 315, 315, 315, 100, 0.0, 0.0]
[315, 315, 315, 315, 100, 0.0, 0.0]
[315, 315, 315, 315, 100, 0.0, 0.0]
[315, 315, 315, 315, 100, 0.0, 0.0]
[315, 315, 315, 315, 100, 0.0, 0.0]
[315, 315, 315, 315, 100, 0.0, 0.0]
[315, 315, 315, 315, 100, 0.0, 0.0]
[315, 315, 315, 315, 100, 0.0, 0.0]
[315, 315, 315, 315, 100, 0.0, 0.0]
[315, 315, 315, 315, 100, 0.0, 0.0]
[315, 315, 315, 315, 100, 0.0, 0.0]
[315, 315, 315, 315, 100, 0.0, 0.0]
[315, 315, 315, 315, 100, 0.0, 0.0]
[315, 315, 315, 315, 100, 0.0, 0.0]
[315, 315, 315, 315, 100, 0.0, 0.0]
[315, 315, 315, 315, 100, 0.0, 0.0]
[315, 315, 315, 315, 100, 0.0, 0.0]
[315, 315, 315, 315, 100, 0.0, 0.0]
[315, 315, 315, 315, 100, 0.0, 0.0]
[315, 315, 315, 315, 100, 0.0, 0.0]
[315, 315, 315, 315, 100, 0.0, 0.0]
[315, 315, 315, 315, 100, 0.0, 0.0]
[315, 315, 315, 315, 100, 0.0, 0.0]
[315, 315, 315, 315, 100, 0.0, 0.0]
[315, 315, 315, 315, 100, 0.0, 0.0]
[315, 315, 315, 315, 100, 0.0, 0.0]
[315, 315, 315, 315, 100, 0.0, 0.0]
[315, 315, 315, 315, 100, 0.0, 0.0]
[315, 315, 315, 315, 100, 0.0, 0.0]
[315, 315, 315, 315, 100, 0.0, 0.0]
[315, 315, 315, 315, 100, 0.0, 0.0]
[315, 315, 315, 315, 100, 0.0, 0.0]
[315, 315, 315, 315, 100, 0.0, 0.0]
[315, 315, 315, 315, 100, 0.0, 0.0]
[315, 315, 315, 315, 100, 0.0, 0.0]
[315, 315, 315, 315, 100, 0.0, 0.0]
[315, 315, 315, 315, 100, 0.0, 0.0]
[315, 315, 315, 315, 100, 0.0, 0.0]
[315, 315, 315, 315, 100, 0.0, 0.0]
[315, 315, 315, 315, 100, 0.0, 0.0]
[315, 315, 315, 315, 100, 0.0, 0.0]
[315, 315, 315, 315, 100, 0.0, 0.0]
[315, 315, 315, 315, 100, 0.0, 0.0]
[315, 315, 315, 315, 100, 0.0, 0.0]
[315, 315, 315, 315, 100, 0.0, 0.0]
[315, 315, 315, 315, 100, 0.0, 0.0]
[315, 315, 315, 315, 100, 0.0, 0.0]
[315, 315, 315, 315, 100, 0.0, 0.0]
[315, 315, 315, 315, 100, 0.0, 0.0]
[315, 315, 315, 315, 100, 0.0, 0.0]
[315, 315, 315, 315, 100, 0.0, 0.0]
[315, 315, 315, 315, 100, 0.0, 0.0]
[315, 315, 315, 315, 100, 0.0, 0.0]
[315, 315, 315, 315, 100, 0.0, 0.0]
[315, 315, 315, 315, 100, 0.0, 0.0]
[315, 315, 315, 315, 100, 0.0, 0.0]
[315, 315, 315, 315, 100, 0.0, 0.0]
[315, 315, 315, 315, 100, 0.0, 0.0]
[315, 315, 315, 315, 100, 0.0, 0.0]
[315, 315, 315, 315, 100, 0.0, 0.0]
[315, 315, 315, 315, 100, 0.0, 0.0]
[315, 315, 315, 315, 100, 0.0, 0.0]
[315, 315, 315, 315, 100, 0.0, 0.0]
[315, 315, 315, 315, 100, 0.0, 0.0]
[315, 315, 315, 315, 100, 0.0, 0.0]
[315, 315, 315, 315, 100, 0.0, 0.0]
[315, 315, 315, 315, 100, 0.0, 0.0]
[315, 315, 315, 315, 100, 0.0, 0.0]
[315, 315, 315, 315, 100, 0.0, 0.0]
[315, 315, 315, 315, 100, 0.0, 0.0]
[315, 315, 315, 315, 100, 0.0, 0.0]
[315, 315, 315, 315, 100, 0.0, 0.0]
[315, 315, 315, 315, 100, 0.0, 0.0]
[315, 315, 315, 315, 100, 0.0, 0.0]
[315, 315, 315, 315, 100, 0.0, 0.0]
[315, 315, 315, 315, 100, 0.0, 0.0]
[315, 315, 315, 315, 100, 0.0, 0.0]
[315, 315, 315, 315, 100, 0.0, 0.0]
[315, 315, 315, 315, 100, 0.0, 0.0]
[315, 315, 315, 315, 100, 0.0, 0.0]
[315, 315, 315, 315, 100, 0.0, 0.0]
[315, 315, 315, 315, 100, 0.0, 0.0]
[315, 315, 315, 315, 100, 0.0, 0.0]
[315, 315, 315, 315, 100, 0.0, 0.0]
[315, 315, 315, 315, 100, 0.0, 0.0]
[315, 315, 315, 315, 100, 0.0, 0.0]
[315, 315, 315, 315, 100, 0.0, 0.0]
[315, 315, 315, 315, 100, 0.0, 0.0]
[315, 315, 315, 315, 100, 0.0, 0.0]
[315, 315, 315, 315, 100, 0.0, 0.0]
[315, 315, 315, 315, 100, 0.0, 0.0]
[315, 315, 315, 315, 100, 0.0, 0.0]
[315, 315, 315, 315, 100, 0.0, 0.0]
[315, 315, 315, 315, 100, 0.0, 0.0]
[315, 315, 315, 315, 100, 0.0, 0.0]
[315, 315, 315, 315, 100, 0.0, 0.0]
[315, 315, 315, 315, 100, 0.0, 0.0]
[315, 315, 315, 315, 100, 0.0, 0.0]
[315, 315, 315, 315, 100, 0.0, 0.0]
[315, 315, 315, 315, 100, 0.0, 0.0]
[315, 315, 315, 315, 100, 0.0, 0.0]
[315, 315, 315, 315, 100, 0.0, 0.0]
[315, 315, 315, 315, 100, 0.0, 0.0]
[315, 315, 315, 315, 100, 0.0, 0.0]
[315, 315, 315, 315, 100, 0.0, 0.0]
[315, 315, 315, 315, 100, 0.0, 0.0]
[315, 315, 315, 315, 100, 0.0, 0.0]
[315, 315, 315, 315, 100, 0.0, 0.0]
[315, 315, 315, 315, 100, 0.0, 0.0]
[315, 315, 315, 315, 100, 0.0, 0.0]
[315, 315, 315, 315, 100, 0.0, 0.0]
[315, 315, 315, 315, 100, 0.0, 0.0]
[315, 315, 315, 315, 100, 0.0, 0.0]
[315, 315, 315, 315, 100, 0.0, 0.0]
[315, 315, 315, 310, 100, 0.0, 0.0]
[315, 315, 315, 305, 100, 0.0, 0.0]
[315, 315, 315, 300, 100, 0.0, 0.0]
[315, 315, 315, 295, 100, 0.0, 0.0]
[315, 315, 315, 290, 100, 0.0, 0.0]
[315, 315, 315, 285, 100, 0.0, 0.0]
[315, 315, 315, 280, 100, 0.0, 0.0]
[315, 315, 315, 275, 100, 0.0, 0.0]
[315, 315, 315, 270, 100, 0.0, 0.0]
[315, 315, 315, 265, 100, 0.0, 0.0]
[315, 315, 315, 260, 100, 0.0, 0.0]
[315, 314, 315, 255, 100, 0.0, 0.0]
[315, 313, 315, 250, 100, 0.0, 0.0]
[315, 309, 315, 245, 100, 0.0, 0.0]
[315, 305, 315, 240, 100, 0.0, 0.0]
[315, 301, 315, 235, 100, 0.0, 0.0]
[315, 297, 315, 230, 100, 0.0, 0.0]
[315, 293, 315, 225, 100, 0.0, 0.0]
[315, 290, 315, 220, 100, 0.0, 0.0]
[315, 286, 315, 215, 100, 0.0, 0.0]
[315, 282, 315, 210, 100, 0.0, 0.0]
[315, 279, 315, 205, 100, 0.0, 0.0]
[315, 272, 315, 200, 100, 0.0, 0.0]
[315, 265, 315, 195, 100, 0.0, 0.0]
[315, 258, 315, 190, 100, 0.0, 0.0]
[315, 251, 315, 185, 100, 0.0, 0.0]
[315, 243, 315, 180, 100, 0.0, 0.0]
[315, 240, 315, 175, 100, 0.0, 0.0]
[315, 236, 315, 170, 100, 0.0, 0.0]
[315, 233, 315, 165, 100, 0.0, 0.0]
[315, 230, 315, 160, 100, 0.0, 0.0]
[315, 226, 315, 155, 100, 0.0, 0.0]
[315, 223, 315, 150, 100, 0.0, 0.0]
[315, 220, 315, 145, 100, 0.0, 0.0]
[315, 217, 315, 140, 100, 0.0, 0.0]
[315, 214, 315, 135, 100, 0.0, 0.0]
[315, 211, 315, 130, 100, 0.0, 0.0]
[315, 208, 315, 125, 100, 0.0, 0.0]
[315, 205, 315, 120, 100, 0.0, 0.0]
[315, 202, 315, 115, 100, 0.0, 0.0]
[315, 199, 315, 110, 100, 0.0, 0.0]
[315, 195, 315, 105, 100, 0.0, 0.0]
[315, 192, 315, 100, 100, 0.0, 0.0]
[315, 188, 315, 95, 100, 0.0, 0.0]
[315, 185, 315, 90, 100, 0.0, 0.0]
[315, 182, 315, 85, 100, 0.0, 0.0]
[315, 179, 315, 80, 100, 0.0, 0.0]
[315, 175, 315, 75, 100, 0.0, 0.0]
[315, 173, 315, 70, 100, 0.0, 0.0]
[315, 170, 315, 65, 100, 0.0, 0.0]
[315, 167, 315, 60, 100, 0.0, 0.0]
[315, 166, 315, 55, 100, 0.0, 0.0]
[315, 163, 315, 50, 100, 0.0, 0.0]
[315, 161, 315, 45, 100, 0.0, 0.0]
[315, 159, 315, 40, 100, 0.0, 0.0]
[315, 157, 315, 35, 100, 0.0, 0.0]
[315, 156, 315, 30, 100, 0.0, 0.0]
[315, 154, 315, 315, 100, 0.0, 0.0]
[315, 153, 315, 315, 100, 0.0, 0.0]
[315, 152, 315, 315, 100, 0.0, 0.0]
[315, 151, 315, 315, 100, 0.0, 0.0]
[315, 150, 315, 315, 100, 0.0, 0.0]
[315, 149, 315, 315, 100, 0.0, 0.0]
[315, 148, 315, 315, 100, 0.0, 0.0]
[315, 148, 315, 315, 100, 0.0, 0.0]
[315, 148, 315, 315, 100, 0.0, 0.0]
[315, 148, 315, 315, 100, 0.0, 0.0]
[315, 148, 315, 315, 100, 0.0, 0.0]
[315, 148, 315, 315, 100, 0.0, 0.0]
[315, 148, 315, 315, 100, 0.0, 0.0]
[315, 149, 315, 315, 100, 0.0, 0.0]
[315, 150, 315, 315, 100, 0.0, 0.0]
[315, 150, 315, 315, 100, 0.0, 0.0]
[315, 151, 315, 315, 100, 0.0, 0.0]
[315, 152, 315, 315, 100, 0.0, 0.0]
[315, 153, 315, 315, 100, 0.0, 0.0]
[315, 155, 315, 315, 100, 0.0, 0.0]
[315, 156, 315, 315, 100, 0.0, 0.0]
[315, 158, 315, 315, 100, 0.0, 0.0]
[315, 160, 315, 315, 100, 0.0, 0.0]
[315, 162, 315, 315, 100, 0.0, 0.0]
[315, 164, 315, 315, 100, 0.0, 0.0]
[315, 165, 315, 315, 100, 0.0, 0.0]
[315, 167, 315, 315, 100, 0.0, 0.0]
[315, 170, 315, 315, 100, 0.0, 0.0]
[315, 172, 315, 315, 100, 0.0, 0.0]
[315, 174, 315, 315, 100, 0.0, 0.0]
[315, 177, 315, 315, 100, 0.0, 0.0]
[315, 180, 315, 315, 100, 0.0, 0.0]
[315, 182, 315, 315, 100, 0.0, 0.0]
[315, 184, 315, 315, 100, 0.0, 0.0]
[315, 188, 315, 315, 100, 0.0, 0.0]
[315, 190, 315, 315, 100, 0.0, 0.0]
[315, 193, 315, 315, 100, 0.0, 0.0]
[315, 196, 315, 315, 100, 0.0, 0.0]
[315, 199, 315, 315, 100, 0.0, 0.0]
[315, 203, 315, 315, 100, 0.0, 0.0]
[315, 207, 315, 315, 100, 0.0, 0.0]
[315, 211, 315, 315, 100, 0.0, 0.0]
[315, 215, 315, 315, 100, 0.0, 0.0]
[315, 219, 315, 315, 100, 0.0, 0.0]
[315, 219, 315, 315, 100, 0.0, 0.0]
[315, 219, 315, 315, 100, 0.0, 0.0]
[315, 219, 315, 315, 100, 0.0, 0.0]
[315, 219, 315, 315, 100, 0.0, 0.0]
[315, 219, 315, 315, 100, 0.0, 0.0]
[315, 219, 315, 315, 100, 0.0, 0.0]
[315, 219, 315, 315, 100, 0.0, 0.0]
[315, 219, 315, 315, 100, 0.0, 0.0]
[315, 223, 315, 315, 100, 0.0, 0.0]
[315, 227, 315, 315, 100, 0.0, 0.0]
[315, 232, 315, 315, 100, 0.0, 0.0]
[315, 236, 315, 315, 100, 0.0, 0.0]
[315, 240, 315, 315, 100, 0.0, 0.0]
[315, 244, 315, 315, 100, 0.0, 0.0]
[315, 249, 315, 315, 100, 0.0, 0.0]
[315, 253, 315, 315, 100, 0.0, 0.0]
[315, 258, 315, 315, 100, 0.0, 0.0]
[315, 262, 315, 315, 100, 0.0, 0.0]
[315, 266, 315, 315, 100, 0.0, 0.0]
[315, 271, 315, 315, 100, 0.0, 0.0]
[315, 275, 315, 315, 100, 0.0, 0.0]
[315, 280, 315, 315, 100, 0.0, 0.0]
[315, 284, 315, 315, 100, 0.0, 0.0]
[315, 289, 315, 315, 100, 0.0, 0.0]
[315, 294, 315, 315, 100, 0.0, 0.0]
[315, 298, 315, 315, 100, 0.0, 0.0]
[315, 303, 315, 315, 100, 0.0, 0.0]
[315, 307, 315, 315, 100, 0.0, 0.0]
[315, 311, 315, 315, 100, 0.0, 0.0]
[315, 315, 315, 315, 100, 0.0, 0.0]
[315, 315, 315, 315, 100, 0.0, 0.0]
[315, 315, 315, 315, 100, 0.0, 0.0]
[315, 315, 315, 315, 100, 0.0, 0.0]
[315, 315, 315, 315, 100, 0.0, 0.0]
[315, 315, 315, 315, 100, 0.0, 0.0]
[315, 315, 315, 315, 100, 0.0, 0.0]
[315, 315, 315, 315, 100, 0.0, 0.0]
[315, 315, 315, 315, 100, 0.0, 0.0]
[315, 315, 315, 315, 100, 0.0, 0.0]
[315, 315, 315, 315, 100, 0.0, 0.0]
[315, 315, 315, 315, 100, 0.0, 0.0]
[315, 315, 315, 315, 100, 0.0, 0.0]
[315, 315, 315, 315, 100, 0.0, 0.0]
[315, 315, 315, 315, 100, 0.0, 0.0]
[315, 315, 315, 315, 100, 0.0, 0.0]
[315, 315, 315, 315, 100, 0.0, 0.0]
[315, 315, 315, 315, 100, 0.0, 0.0]
[315, 315, 315, 315, 100, 0.0, 0.0]
[315, 315, 315, 315, 100, 0.0, 0.0]
[315, 315, 315, 315, 100, 0.0, 0.0]
[315, 315, 315, 315, 100, 0.0, 0.0]
[315, 315, 315, 315, 100, 0.0, 0.0]
[315, 315, 315, 315, 100, 0.0, 0.0]
[315, 315, 315, 315, 100, 0.0, 0.0]
[315, 315, 315, 315, 100, 0.0, 0.0]
[315, 315, 315, 315, 100, 0.0, 0.0]
[315, 315, 315, 315, 100, 0.0, 0.0]
[315, 315, 315, 315, 100, 0.0, 0.0]
[315, 315, 315, 315, 100, 0.0, 0.0]
[315, 315, 315, 315, 100, 0.0, 0.0]
[315, 315, 315, 315, 100, 0.0, 0.0]
[315, 315, 315, 315, 100, 0.0, 0.0]
[315, 315, 315, 315, 100, 0.0, 0.0]
[315, 315, 315, 315, 100, 0.0, 0.0]
[315, 315, 315, 315, 100, 0.0, 0.0]
[315, 315, 315, 315, 100, 0.0, 0.0]
[315, 315, 315, 315, 100, 0.0, 0.0]
[315, 315, 315, 315, 100, 0.0, 0.0]
[315, 315, 315, 315, 100, 0.0, 0.0]
[315, 315, 315, 315, 100, 0.0, 0.0]
[315, 315, 315, 315, 100, 0.0, 0.0]
[315, 315, 315, 315, 100, 0.0, 0.0]
[315, 315, 315, 315, 100, 0.0, 0.0]
[315, 315, 315, 315, 100, 0.0, 0.0]
[315, 315, 315, 315, 100, 0.0, 0.0]
[315, 315, 315, 315, 100, 0.0, 0.0]
[315, 315, 315, 315, 100, 0.0, 0.0]
[315, 315, 315, 315, 100, 0.0, 0.0]
[315, 315, 315, 315, 100, 0.0, 0.0]
[315, 315, 315, 315, 100, 0.0, 0.0]
[315, 315, 315, 315, 100, 0.0, 0.0]
[315, 315, 315, 315, 100, 0.0, 0.0]
[315, 315, 315, 315, 100, 0.0, 0.0]
[315, 315, 315, 315, 100, 0.0, 0.0]
[315, 315, 315, 315, 100, 0.0, 0.0]
[315, 315, 315, 315, 100, 0.0, 0.0]
[315, 315, 315, 315, 100, 0.0, 0.0]
[315, 315, 315, 315, 100, 0.0, 0.0]
[315, 315, 315, 315, 100, 0.0, 0.0]
[315, 315, 315, 315, 100, 0.0, 0.0]
[315, 315, 315, 315, 100, 0.0, 0.0]
[315, 315, 315, 315, 100, 0.0, 0.0]
[315, 315, 315, 315, 100, 0.0, 0.0]
[315, 315, 315, 315, 100, 0.0, 0.0]
[315, 315, 315, 315, 100, 0.0, 0.0]
[315, 315, 315, 315, 100, 0.0, 0.0]
[315, 315, 315, 315, 100, 0.0, 0.0]
[315, 315, 315, 315, 100, 0.0, 0.0]
[315, 315, 315, 315, 100, 0.0, 0.0]
[315, 315, 315, 315, 100, 0.0, 0.0]
[315, 315, 315, 315, 100, 0.0, 0.0]
[315, 315, 315, 315, 100, 0.0, 0.0]
[315, 315, 315, 315, 100, 0.0, 0.0]
[315, 315, 315, 315, 100, 0.0, 0.0]
[315, 315, 315, 315, 100, 0.0, 0.0]
[315, 315, 315, 315, 100, 0.0, 0.0]
[315, 315, 315, 315, 100, 0.0, 0.0]
[315, 315, 315, 315, 100, 0.0, 0.0]
[315, 315, 315, 315, 100, 0.0, 0.0]
[315, 315, 315, 315, 100, 0.0, 0.0]
[315, 315, 315, 315, 100, 0.0, 0.0]
[315, 315, 315, 315, 100, 0.0, 0.0]
[315, 315, 315, 315, 100, 0.0, 0.0]
[315, 315, 315, 315, 100, 0.0, 0.0]
[315, 315, 315, 315, 100, 0.0, 0.0]
[315, 315, 315, 315, 100, 0.0, 0.0]
[315, 315, 315, 315, 100, 0.0, 0.0]
[315, 315, 315, 315, 100, 0.0, 0.0]
[315, 315, 315, 315, 100, 0.0, 0.0]
[315, 315, 315, 315, 100, 0.0, 0.0]
[315, 315, 315, 315, 100, 0.0, 0.0]
[315, 315, 315, 315, 100, 0.0, 0.0]
[315, 315, 315, 315, 100, 0.0, 0.0]
[315, 315, 315, 315, 100, 0.0, 0.0]
[315, 315, 315, 315, 100, 0.0, 0.0]
[315, 315, 315, 315, 100, 0.0, 0.0]
[315, 315, 315, 315, 100, 0.0, 0.0]
[315, 315, 315, 315, 100, 0.0, 0.0]
[315, 315, 315, 315, 100, 0.0, 0.0]
[315, 315, 315, 315, 100, 0.0, 0.0]
[315, 315, 315, 315, 100, 0.0, 0.0]
[315, 315, 315, 315, 100, 0.0, 0.0]
[315, 315, 315, 315, 100, 0.0, 0.0]
[315, 315, 315, 315, 100, 0.0, 0.0]
[315, 315, 315, 315, 100, 0.0, 0.0]
[315, 315, 315, 315, 100, 0.0, 0.0]
[315, 315, 315, 315, 100, 0.0, 0.0]
[315, 315, 315, 315, 100, 0.0, 0.0]
[315, 315, 315, 315, 100, 0.0, 0.0]
[315, 315, 315, 315, 100, 0.0, 0.0]
[315, 315, 315, 315, 100, 0.0, 0.0]
[315, 315, 315, 315, 100, 0.0, 0.0]
[315, 315, 315, 315, 100, 0.0, 0.0]
[315, 315, 315, 315, 100, 0.0, 0.0]
[315, 315, 315, 315, 100, 0.0, 0.0]
[315, 315, 315, 315, 100, 0.0, 0.0]
[315, 315, 315, 315, 100, 0.0, 0.0]
[315, 315, 315, 315, 100, 0.0, 0.0]
[315, 315, 315, 315, 100, 0.0, 0.0]
[315, 315, 315, 315, 100, 0.0, 0.0]
[315, 315, 315, 315, 100, 0.0, 0.0]
[315, 315, 315, 315, 100, 0.0, 0.0]
[315, 315, 315, 315, 100, 0.0, 0.0]
[315, 315, 315, 315, 100, 0.0, 0.0]
[315, 315, 315, 315, 100, 0.0, 0.0]
[315, 315, 315, 315, 100, 0.0, 0.0]
[315, 315, 315, 315, 100, 0.0, 0.0]
[315, 315, 315, 315, 100, 0.0, 0.0]
[315, 315, 315, 315, 100, 0.0, 0.0]
[315, 315, 315, 315, 100, 0.0, 0.0]
[315, 315, 315, 315, 100, 0.0, 0.0]
[315, 315, 315, 315, 100, 0.0, 0.0]
[315, 315, 315, 315, 100, 0.0, 0.0]
[315, 315, 315, 315, 100, 0.0, 0.0]
[315, 315, 315, 315, 100, 0.0, 0.0]
[315, 315, 315, 315, 100, 0.0, 0.0]
[315, 315, 315, 315, 100, 0.0, 0.0]
[315, 315, 315, 315, 100, 0.0, 0.0]
[315, 315, 315, 315, 100, 0.0, 0.0]
[315, 315, 315, 315, 100, 0.0, 0.0]
[315, 315, 315, 315, 100, 0.0, 0.0]
[315, 315, 315, 315, 100, 0.0, 0.0]
[315, 315, 315, 315, 100, 0.0, 0.0]
[315, 315, 315, 315, 100, 0.0, 0.0]
[315, 315, 315, 315, 100, 0.0, 0.0]
[315, 315, 315, 315, 100, 0.0, 0.0]
[315, 315, 315, 315, 100, 0.0, 0.0]
[315, 315, 315, 315, 100, 0.0, 0.0]
[315, 315, 315, 315, 100, 0.0, 0.0]
[315, 315, 315, 315, 100, 0.0, 0.0]
[315, 315, 315, 315, 100, 0.0, 0.0]
[315, 315, 315, 315, 100, 0.0, 0.0]
[315, 315, 315, 315, 100, 0.0, 0.0]
[315, 315, 315, 315, 100, 0.0, 0.0]
[315, 315, 315, 315, 100, 0.0, 0.0]
[315, 315, 315, 315, 100, 0.0, 0.0]
[315, 315, 315, 315, 100, 0.0, 0.0]
[315, 315, 315, 315, 100, 0.0, 0.0]
[315, 315, 315, 315, 100, 0.0, 0.0]
[315, 315, 315, 315, 100, 0.0, 0.0]
[315, 315, 315, 315, 100, 0.0, 0.0]
[315, 315, 315, 315, 100, 0.0, 0.0]
[315, 315, 315, 315, 100, 0.0, 0.0]
[315, 315, 315, 315, 100, 0.0, 0.0]
[315, 315, 315, 315, 100, 0.0, 0.0]
[315, 315, 315, 315, 100, 0.0, 0.0]
[315, 315, 315, 315, 100, 0.0, 0.0]
[315, 315, 315, 315, 100, 0.0, 0.0]
[315, 315, 315, 315, 100, 0.0, 0.0]
[315, 315, 315, 315, 100, 0.0, 0.0]
[315, 315, 315, 315, 100, 0.0, 0.0]
[315, 315, 315, 315, 100, 0.0, 0.0]
[315, 315, 315, 315, 100, 0.0, 0.0]
[315, 315, 315, 315, 100, 0.0, 0.0]
[315, 315, 315, 315, 100, 0.0, 0.0]
[315, 315, 315, 315, 100, 0.0, 0.0]
[315, 315, 315, 315, 100, 0.0, 0.0]
[315, 315, 315, 315, 100, 0.0, 0.0]
[315, 315, 315, 315, 100, 0.0, 0.0]
[315, 315, 315, 315, 100, 0.0, 0.0]
[315, 315, 315, 315, 100, 0.0, 0.0]
[315, 315, 315, 315, 100, 0.0, 0.0]
[315, 315, 315, 315, 100, 0.0, 0.0]
[315, 315, 315, 315, 100, 0.0, 0.0]
[315, 315, 315, 315, 100, 0.0, 0.0]
[315, 315, 315, 315, 100, 0.0, 0.0]
[315, 315, 315, 315, 100, 0.0, 0.0]
[315, 315, 315, 315, 100, 0.0, 0.0]
[315, 315, 315, 315, 100, 0.0, 0.0]
[315, 315, 315, 315, 100, 0.0, 0.0]
[315, 315, 315, 315, 100, 0.0, 0.0]
[315, 315, 315, 315, 100, 0.0, 0.0]
[315, 315, 315, 315, 100, 0.0, 0.0]
[315, 315, 315, 315, 100, 0.0, 0.0]
[315, 315, 315, 315, 100, 0.0, 0.0]
[315, 315, 315, 315, 100, 0.0, 0.0]
[315, 315, 315, 315, 100, 0.0, 0.0]
[315, 315, 315, 315, 100, 0.0, 0.0]
[315, 315, 315, 315, 100, 0.0, 0.0]
[315, 315, 315, 315, 100, 0.0, 0.0]
[315, 315, 315, 315, 100, 0.0, 0.0]
[315, 315, 315, 315, 100, 0.0, 0.0]
[315, 315, 315, 315, 100, 0.0, 0.0]
[315, 315, 315, 315, 100, 0.0, 0.0]
[315, 315, 315, 315, 100, 0.0, 0.0]
[315, 315, 315, 315, 100, 0.0, 0.0]
[315, 315, 315, 315, 100, 0.0, 0.0]
[315, 315, 315, 315, 100, 0.0, 0.0]
[315, 315, 315, 315, 100, 0.0, 0.0]
[315, 315, 315, 315, 100, 0.0, 0.0]
[315, 315, 315, 315, 100, 0.0, 0.0]
[315, 315, 315, 315, 100, 0.0, 0.0]
[315, 315, 315, 315, 100, 0.0, 0.0]
[315, 315, 315, 315, 100, 0.0, 0.0]
[315, 315, 315, 315, 100, 0.0, 0.0]
[315, 315, 315, 315, 100, 0.0, 0.0]
[315, 315, 315, 315, 100, 0.0, 0.0]
[315, 315, 315, 315, 100, 0.0, 0.0]
[315, 315, 315, 315, 100, 0.0, 0.0]
[315, 315, 315, 315, 100, 0.0, 0.0]
[315, 315, 315, 315, 100, 0.0, 0.0]
[315, 315, 315, 315, 100, 0.0, 0.0]
[315, 315, 315, 315, 100, 0.0, 0.0]
[315, 315, 315, 315, 100, 0.0, 0.0]
[315, 315, 315, 315, 100, 0.0, 0.0]
[315, 315, 315, 315, 100, 0.0, 0.0]
[315, 315, 315, 315, 100, 0.0, 0.0]
[315, 315, 315, 315, 100, 0.0, 0.0]
[315, 315, 315, 315, 100, 0.0, 0.0]
[315, 315, 315, 315, 100, 0.0, 0.0]
[315, 315, 315, 315, 100, 0.0, 0.0]
[315, 315, 315, 315, 100, 0.0, 0.0]
[315, 315, 315, 315, 100, 0.0, 0.0]
[315, 315, 315, 315, 100, 0.0, 0.0]
[315, 315, 315, 315, 100, 0.0, 0.0]
[315, 315, 315, 315, 100, 0.0, 0.0]
[315, 315, 315, 315, 100, 0.0, 0.0]
[315, 315, 315, 315, 100, 0.0, 0.0]
[315, 315, 315, 315, 100, 0.0, 0.0]
[315, 315, 315, 315, 100, 0.0, 0.0]
[315, 315, 315, 315, 100, 0.0, 0.0]
[315, 315, 315, 315, 100, 0.0, 0.0]
[315, 315, 315, 315, 100, 0.0, 0.0]
[315, 315, 315, 315, 100, 0.0, 0.0]
[315, 315, 315, 315, 100, 0.0, 0.0]
[315, 315, 315, 315, 100, 0.0, 0.0]
[315, 315, 315, 315, 100, 0.0, 0.0]
[315, 315, 315, 315, 100, 0.0, 0.0]
[315, 315, 315, 315, 100, 0.0, 0.0]
[315, 315, 315, 315, 100, 0.0, 0.0]
[315, 315, 315, 315, 100, 0.0, 0.0]
[315, 315, 315, 315, 100, 0.0, 0.0]
[315, 315, 315, 315, 100, 0.0, 0.0]
[315, 315, 315, 315, 100, 0.0, 0.0]
[315, 315, 315, 315, 100, 0.0, 0.0]
[315, 315, 315, 315, 100, 0.0, 0.0]
[315, 315, 315, 315, 100, 0.0, 0.0]
[315, 315, 315, 315, 100, 0.0, 0.0]
[315, 315, 315, 315, 100, 0.0, 0.0]
[315, 315, 315, 315, 100, 0.0, 0.0]
[315, 315, 315, 315, 100, 0.0, 0.0]
[315, 315, 315, 315, 100, 0.0, 0.0]
[315, 315, 315, 315, 100, 0.0, 0.0]
[315, 315, 315, 315, 100, 0.0, 0.0]
[315, 315, 315, 315, 100, 0.0, 0.0]
[315, 315, 315, 315, 100, 0.0, 0.0]
[315, 315, 315, 315, 100, 0.0, 0.0]
[315, 315, 315, 315, 100, 0.0, 0.0]
[315, 315, 315, 315, 100, 0.0, 0.0]
[315, 315, 315, 315, 100, 0.0, 0.0]
[315, 315, 315, 315, 100, 0.0, 0.0]
[315, 315, 315, 315, 100, 0.0, 0.0]
[315, 315, 315, 315, 100, 0.0, 0.0]
[315, 315, 315, 315, 100, 0.0, 0.0]
[315, 315, 315, 315, 100, 0.0, 0.0]
[315, 315, 315, 315, 100, 0.0, 0.0]
[315, 315, 315, 315, 100, 0.0, 0.0]
[315, 315, 315, 315, 100, 0.0, 0.0]
[315, 315, 315, 315, 100, 0.0, 0.0]
[315, 315, 315, 315, 100, 0.0, 0.0]
[315, 315, 315, 315, 100, 0.0, 0.0]
[315, 315, 315, 315, 100, 0.0, 0.0]
[315, 315, 315, 315, 100, 0.0, 0.0]
[315, 315, 315, 315, 100, 0.0, 0.0]
[315, 315, 315, 315, 100, 0.0, 0.0]
[315, 315, 315, 315, 100, 0.0, 0.0]
[315, 315, 315, 315, 100, 0.0, 0.0]
[315, 315, 315, 315, 100, 0.0, 0.0]
[315, 315, 315, 315, 100, 0.0, 0.0]
[315, 315, 315, 315, 100, 0.0, 0.0]
[315, 315, 315, 315, 100, 0.0, 0.0]
[315, 315, 315, 315, 100, 0.0, 0.0]
[315, 315, 315, 315, 100, 0.0, 0.0]
[315, 315, 315, 315, 100, 0.0, 0.0]
[315, 315, 315, 315, 100, 0.0, 0.0]
[315, 315, 315, 315, 100, 0.0, 0.0]
[315, 315, 315, 315, 100, 0.0, 0.0]
[315, 315, 315, 315, 100, 0.0, 0.0]
[315, 315, 315, 315, 100, 0.0, 0.0]
[315, 315, 315, 315, 100, 0.0, 0.0]
[315, 315, 315, 315, 100, 0.0, 0.0]
[315, 315, 315, 315, 100, 0.0, 0.0]
[315, 315, 315, 315, 100, 0.0, 0.0]
[315, 315, 315, 315, 100, 0.0, 0.0]
[315, 315, 315, 315, 100, 0.0, 0.0]
[315, 315, 315, 315, 100, 0.0, 0.0]
[315, 315, 315, 315, 100, 0.0, 0.0]
[315, 315, 315, 315, 100, 0.0, 0.0]
[315, 315, 315, 315, 100, 0.0, 0.0]
[315, 315, 313, 315, 100, 0.0, 0.0]
[315, 315, 308, 315, 100, 0.0, 0.0]
[315, 315, 308, 315, 100, 0.0, 0.0]
[315, 315, 308, 315, 100, 0.0, 0.0]
[315, 315, 308, 315, 100, 0.0, 0.0]
[315, 315, 313, 315, 100, 0.0, 0.0]
[315, 315, 315, 315, 100, 0.0, 0.0]
[315, 315, 315, 315, 100, 0.0, 0.0]
[315, 315, 315, 315, 100, 0.0, 0.0]
[315, 315, 315, 315, 100, 0.0, 0.0]
[315, 315, 315, 315, 100, 0.0, 0.0]
[315, 315, 315, 315, 100, 0.0, 0.0]
[315, 315, 315, 315, 100, 0.0, 0.0]
[315, 315, 315, 315, 100, 0.0, 0.0]
[315, 315, 315, 315, 100, 0.0, 0.0]
[315, 315, 315, 315, 100, 0.0, 0.0]
[315, 315, 315, 315, 100, 0.0, 0.0]
[315, 315, 315, 315, 100, 0.0, 0.0]
[315, 315, 315, 315, 100, 0.0, 0.0]
[315, 315, 315, 315, 100, 0.0, 0.0]
[315, 315, 315, 315, 100, 0.0, 0.0]
[315, 315, 315, 315, 100, 0.0, 0.0]
[315, 315, 315, 315, 100, 0.0, 0.0]
[315, 315, 315, 315, 100, 0.0, 0.0]
[315, 315, 315, 315, 100, 0.0, 0.0]
[315, 315, 315, 315, 100, 0.0, 0.0]
[315, 315, 315, 315, 100, 0.0, 0.0]
[315, 315, 315, 315, 100, 0.0, 0.0]
[315, 315, 315, 315, 100, 0.0, 0.0]
[315, 315, 315, 315, 100, 0.0, 0.0]
[315, 315, 315, 315, 100, 0.0, 0.0]
[315, 315, 315, 315, 100, 0.0, 0.0]
[315, 315, 315, 315, 100, 0.0, 0.0]
[315, 315, 315, 315, 100, 0.0, 0.0]
[315, 315, 315, 315, 100, 0.0, 0.0]
[315, 315, 315, 315, 100, 0.0, 0.0]
[315, 315, 315, 315, 100, 0.0, 0.0]
[315, 315, 315, 315, 100, 0.0, 0.0]
[315, 315, 315, 315, 100, 0.0, 0.0]
[315, 315, 315, 315, 100, 0.0, 0.0]
[315, 315, 313, 315, 100, 0.0, 0.0]
[315, 315, 308, 315, 100, 0.0, 0.0]
[315, 315, 304, 315, 100, 0.0, 0.0]
[315, 315, 299, 315, 100, 0.0, 0.0]
[315, 315, 294, 315, 100, 0.0, 0.0]
[315, 315, 290, 315, 100, 0.0, 0.0]
[315, 315, 285, 315, 100, 0.0, 0.0]
[315, 315, 280, 315, 100, 0.0, 0.0]
[315, 315, 276, 315, 100, 0.0, 0.0]
[315, 315, 271, 315, 100, 0.0, 0.0]
[315, 315, 266, 315, 100, 0.0, 0.0]
[315, 315, 262, 315, 100, 0.0, 0.0]
[315, 315, 257, 315, 100, 0.0, 0.0]
[315, 315, 253, 315, 100, 0.0, 0.0]
[315, 315, 248, 315, 100, 0.0, 0.0]
[315, 315, 244, 315, 100, 0.0, 0.0]
[315, 315, 239, 315, 100, 0.0, 0.0]
[315, 315, 235, 315, 100, 0.0, 0.0]
[315, 315, 230, 315, 100, 0.0, 0.0]
[315, 315, 226, 315, 100, 0.0, 0.0]
[315, 315, 221, 315, 100, 0.0, 0.0]
[315, 315, 217, 315, 100, 0.0, 0.0]
[315, 315, 213, 315, 100, 0.0, 0.0]
[315, 315, 208, 315, 100, 0.0, 0.0]
[315, 315, 204, 315, 100, 0.0, 0.0]
[315, 315, 200, 315, 100, 0.0, 0.0]
[315, 315, 196, 315, 100, 0.0, 0.0]
[315, 315, 191, 315, 100, 0.0, 0.0]
[315, 315, 187, 315, 100, 0.0, 0.0]
[315, 315, 183, 315, 100, 0.0, 0.0]
[315, 315, 179, 315, 100, 0.0, 0.0]
[315, 315, 175, 315, 100, 0.0, 0.0]
[315, 315, 171, 315, 100, 0.0, 0.0]
[315, 315, 167, 315, 100, 0.0, 0.0]
[315, 315, 163, 315, 100, 0.0, 0.0]
[315, 315, 160, 315, 100, 0.0, 0.0]
[315, 315, 156, 315, 100, 0.0, 0.0]
[315, 315, 152, 315, 100, 0.0, 0.0]
[315, 315, 149, 315, 100, 0.0, 0.0]
[315, 315, 145, 315, 100, 0.0, 0.0]
[315, 315, 142, 315, 100, 0.0, 0.0]
[315, 315, 135, 315, 100, 0.0, 0.0]
[315, 315, 128, 315, 100, 0.0, 0.0]
[315, 315, 121, 315, 100, 0.0, 0.0]
[315, 315, 114, 315, 100, 0.0, 0.0]
[315, 315, 107, 315, 100, 0.0, 0.0]
[315, 315, 100, 315, 100, 0.0, 0.0]
[315, 315, 92, 315, 100, 0.0, 0.0]
[315, 315, 85, 315, 100, 0.0, 0.0]
[315, 315, 78, 315, 100, 0.0, 0.0]
[315, 315, 71, 315, 100, 0.0, 0.0]
[315, 315, 64, 315, 100, 0.0, 0.0]
[315, 315, 61, 315, 100, 0.0, 0.0]
[315, 315, 59, 315, 100, 0.0, 0.0]
[315, 315, 56, 315, 100, 0.0, 0.0]
[315, 315, 54, 315, 100, 0.0, 0.0]
[315, 315, 53, 315, 100, 0.0, 0.0]
[315, 315, 47, 315, 100, 0.0, 0.0]
[315, 315, 41, 315, 100, 0.0, 0.0]
[315, 315, 36, 315, 100, 0.0, 0.0]
[315, 315, 31, 315, 100, 0.0, 0.0]
[315, 315, 27, 315, 100, 0.0, 0.0]
[315, 315, 25, 315, 100, 0.0, 0.0]
[315, 315, 25, 315, 100, 0.0, 0.0]
[315, 315, 315, 315, 100, 0.5, 0.0]
[315, 315, 315, 315, 100, 0.5, 0.0]
[315, 315, 315, 315, 100, 0.5, 0.0]
[315, 315, 315, 315, 100, 0.5, 0.0]
[315, 315, 315, 315, 100, 0.5, 0.0]
[315, 315, 315, 315, 100, 0.5, 0.0]
[315, 315, 315, 315, 100, 0.5, 0.0]
[315, 315, 315, 315, 100, 0.5, 0.0]
[315, 315, 315, 315, 100, 0.5, 0.0]
[315, 315, 315, 315, 100, 0.5, 0.0]
[315, 315, 315, 315, 100, 0.5, 0.0]
[315, 315, 315, 315, 100, 0.5, 0.0]
[315, 315, 315, 315, 100, 0.5, 0.0]
[315, 315, 315, 315, 100, 0.5, 0.0]
[315, 315, 315, 315, 100, 0.5, 0.0]
[315, 315, 315, 315, 100, 0.5, 0.0]
[315, 315, 315, 315, 100, 0.5, 0.0]
[315, 315, 315, 315, 100, 0.5, 0.0]
[315, 315, 315, 315, 100, 0.5, 0.0]
[315, 315, 315, 315, 100, 0.5, 0.0]
[315, 315, 315, 315, 100, 0.5, 0.0]
[315, 315, 315, 315, 100, 0.5, 0.0]
[315, 315, 315, 315, 100, 0.5, 0.0]
[315, 315, 315, 315, 100, 0.5, 0.0]
[315, 315, 315, 315, 100, 0.5, 0.0]
[315, 315, 315, 315, 100, 0.5, 0.0]
[315, 315, 315, 315, 100, 0.5, 0.0]
[315, 315, 315, 315, 100, 0.5, 0.0]
[315, 315, 315, 315, 100, 0.5, 0.0]
[315, 315, 315, 315, 100, 0.5, 0.0]
[315, 315, 315, 315, 100, 0.5, 0.0]
[315, 315, 315, 315, 100, 0.5, 0.0]
[315, 315, 315, 315, 100, 0.5, 0.0]
[315, 315, 315, 315, 100, 0.5, 0.0]
[315, 315, 315, 315, 100, 0.5, 0.0]
[315, 315, 315, 315, 100, 0.5, 0.0]
[315, 315, 315, 315, 100, 0.5, 0.0]
[315, 315, 315, 315, 100, 0.5, 0.0]
[315, 315, 315, 315, 100, 0.5, 0.0]
[315, 315, 315, 315, 100, 0.5, 0.0]
[315, 315, 315, 315, 100, 0.5, 0.0]
[315, 315, 315, 315, 100, 0.5, 0.0]
[315, 315, 315, 315, 100, 0.5, 0.0]
[315, 315, 315, 315, 100, 0.5, 0.0]
[315, 315, 315, 315, 100, 0.5, 0.0]
[315, 315, 315, 315, 100, 0.5, 0.0]
[315, 315, 315, 315, 100, 0.5, 0.0]
[315, 315, 315, 315, 100, 0.5, 0.0]
[315, 315, 315, 315, 100, 0.5, 0.0]
[315, 315, 315, 315, 100, 0.5, 0.0]
[315, 315, 315, 315, 100, 0.5, 0.0]
[315, 315, 315, 315, 100, 0.5, 0.0]
[315, 315, 315, 315, 100, 0.5, 0.0]
[315, 315, 315, 315, 100, 0.5, 0.0]
[315, 315, 315, 315, 100, 0.5, 0.0]
[315, 315, 315, 315, 100, 0.5, 0.0]
[315, 315, 315, 315, 100, 0.5, 0.0]
[315, 315, 315, 315, 100, 0.5, 0.0]
[315, 315, 315, 315, 100, 0.5, 0.0]
[315, 315, 315, 315, 100, 0.5, 0.0]
[315, 315, 315, 315, 100, 0.5, 0.0]
[315, 315, 315, 315, 100, 0.5, 0.0]
[315, 315, 315, 315, 100, 0.5, 0.0]
[315, 315, 315, 315, 100, 0.5, 0.0]
[315, 315, 315, 315, 100, 0.5, 0.0]
[315, 315, 315, 315, 100, 0.5, 0.0]
[315, 315, 315, 315, 100, 0.5, 0.0]
[315, 315, 315, 315, 100, 0.5, 0.0]
[315, 315, 315, 315, 100, 0.5, 0.0]
[315, 315, 315, 315, 100, 0.5, 0.0]
[315, 315, 315, 315, 100, 0.5, 0.0]
[315, 315, 315, 315, 100, 0.5, 0.0]
[315, 315, 315, 315, 100, 0.5, 0.0]
[315, 315, 315, 315, 100, 0.5, 0.0]
[315, 315, 315, 315, 100, 0.5, 0.0]
[315, 315, 315, 315, 100, 0.5, 0.0]
[315, 315, 315, 315, 100, 0.5, 0.0]
[315, 315, 315, 315, 100, 0.5, 0.0]
[315, 315, 315, 315, 100, 0.5, 0.0]
[315, 315, 315, 315, 100, 0.5, 0.0]
[315, 315, 315, 315, 100, 0.5, 0.0]
[315, 315, 315, 315, 100, 0.5, 0.0]
[315, 315, 315, 315, 100, 0.5, 0.0]
[315, 315, 315, 315, 100, 0.5, 0.0]
[315, 315, 315, 315, 100, 0.5, 0.0]
[315, 315, 315, 315, 100, 0.5, 0.0]
[315, 315, 315, 315, 100, 0.5, 0.0]
[315, 315, 315, 315, 100, 0.5, 0.0]
[315, 315, 315, 315, 100, 0.5, 0.0]
[315, 315, 315, 315, 100, 0.5, 0.0]
[315, 315, 315, 315, 100, 0.5, 0.0]
[315, 315, 315, 315, 100, 0.5, 0.0]
[315, 315, 315, 315, 100, 0.5, 0.0]
[315, 315, 315, 315, 100, 0.5, 0.0]
[315, 315, 315, 315, 100, 0.5, 0.0]
[315, 315, 315, 315, 100, 0.5, 0.0]
[315, 315, 315, 315, 100, 0.5, 0.0]
[315, 315, 315, 315, 100, 0.5, 0.0]
[315, 315, 315, 315, 100, 0.5, 0.0]
[315, 315, 315, 315, 100, 0.5, 0.0]
[315, 315, 315, 315, 100, 0.5, 0.0]
[315, 315, 315, 315, 100, 0.5, 0.0]
[315, 315, 315, 315, 100, 0.5, 0.0]
[315, 315, 315, 315, 100, 0.5, 0.0]
[315, 315, 315, 315, 100, 0.5, 0.0]
[315, 315, 315, 315, 100, 0.5, 0.0]
[315, 315, 315, 315, 100, 0.5, 0.0]
[315, 315, 315, 315, 100, 0.5, 0.0]
[315, 315, 315, 315, 100, 0.5, 0.0]
[315, 315, 315, 315, 100, 0.5, 0.0]
[315, 315, 315, 315, 100, 0.5, 0.0]
[315, 315, 315, 315, 100, 0.5, 0.0]
[315, 315, 315, 315, 100, 0.5, 0.0]
[315, 315, 315, 315, 100, 0.5, 0.0]
[315, 315, 315, 315, 100, 0.5, 0.0]
[315, 315, 315, 315, 100, 0.5, 0.0]
[315, 315, 315, 315, 100, 0.5, 0.0]
[315, 315, 315, 315, 100, 0.5, 0.0]
[315, 315, 315, 315, 100, 0.5, 0.0]
[315, 315, 315, 315, 100, 0.5, 0.0]
[315, 315, 315, 315, 100, 0.5, 0.0]
[315, 315, 315, 315, 100, 0.5, 0.0]
[315, 315, 315, 315, 100, 0.5, 0.0]
[315, 315, 315, 315, 100, 0.5, 0.0]
[313, 315, 315, 315, 100, 0.5, 0.0]
[307, 315, 315, 315, 100, 0.5, 0.0]
[300, 315, 315, 315, 100, 0.5, 0.0]
[294, 315, 315, 315, 100, 0.5, 0.0]
[288, 315, 315, 315, 100, 0.5, 0.0]
[282, 315, 315, 315, 100, 0.5, 0.0]
[276, 315, 315, 315, 100, 0.5, 0.0]
[270, 315, 315, 315, 100, 0.5, 0.0]
[264, 315, 315, 315, 100, 0.5, 0.0]
[259, 315, 315, 315, 100, 0.5, 0.0]
[254, 315, 315, 315, 100, 0.5, 0.0]
[250, 315, 315, 315, 100, 0.5, 0.0]
[246, 315, 315, 315, 100, 0.5, 0.0]
[242, 315, 315, 315, 100, 0.5, 0.0]
[239, 315, 315, 315, 100, 0.5, 0.0]
[235, 315, 315, 315, 100, 0.5, 0.0]
[232, 315, 315, 315, 100, 0.5, 0.0]
[229, 315, 315, 315, 100, 0.5, 0.0]
[226, 315, 315, 315, 100, 0.5, 0.0]
[223, 315, 315, 315, 100, 0.5, 0.0]
[221, 315, 315, 315, 100, 0.5, 0.0]
[219, 315, 315, 315, 100, 0.5, 0.0]
[214, 315, 315, 315, 100, 0.5, 0.0]
[210, 315, 315, 315, 100, 0.5, 0.0]
[203, 315, 315, 315, 100, 0.5, 0.0]
[196, 315, 315, 315, 100, 0.5, 0.0]
[190, 315, 315, 315, 100, 0.5, 0.0]
[183, 315, 315, 315, 100, 0.5, 0.0]
[176, 315, 315, 315, 100, 0.5, 0.0]
[170, 315, 315, 315, 100, 0.5, 0.0]
[163, 315, 315, 315, 100, 0.5, 0.0]
[156, 315, 315, 315, 100, 0.5, 0.0]
[150, 315, 315, 315, 100, 0.5, 0.0]
[143, 315, 315, 315, 100, 0.5, 0.0]
[139, 315, 315, 315, 100, 0.5, 0.0]
[134, 315, 315, 315, 100, 0.5, 0.0]
[130, 315, 315, 315, 100, 0.5, 0.0]
[127, 315, 315, 315, 100, 0.5, 0.0]
[125, 315, 315, 315, 100, 0.5, 0.0]
[123, 315, 315, 315, 100, 0.5, 0.0]
[122, 315, 315, 315, 100, 0.5, 0.0]
[121, 315, 315, 315, 100, 0.5, 0.0]
[120, 315, 315, 315, 100, 0.5, 0.0]
[120, 315, 315, 315, 100, 0.5, 0.0]
[120, 315, 315, 315, 100, 0.5, 0.0]
[121, 315, 315, 315, 100, 0.5, 0.0]
[122, 315, 315, 315, 100, 0.5, 0.0]
[119, 315, 315, 315, 100, 0.5, 0.0]
[116, 315, 315, 315, 100, 0.5, 0.0]
[109, 315, 315, 315, 100, 0.5, 0.0]
[102, 315, 315, 315, 100, 0.5, 0.0]
[96, 315, 315, 315, 100, 0.5, 0.0]
[89, 315, 315, 315, 100, 0.5, 0.0]
[82, 315, 315, 315, 100, 0.5, 0.0]
[76, 315, 315, 315, 100, 0.5, 0.0]
[69, 315, 315, 315, 100, 0.5, 0.0]
[63, 315, 315, 315, 100, 0.5, 0.0]
[57, 315, 315, 315, 100, 0.5, 0.0]
[50, 315, 315, 315, 100, 0.5, 0.0]
[45, 315, 315, 315, 100, 0.5, 0.0]
[40, 315, 315, 315, 100, 0.5, 0.0]
[35, 315, 315, 315, 100, 0.5, 0.0]
[31, 315, 315, 315, 100, 0.5, 0.0]
