[330, 330, 330, 330, 100, 0, 0]||[]
[330, 330, 330, 330, 100, 0, 0]||[]
[330, 330, 330, 330, 100, 0, 0]||[]
[330, 330, 330, 330, 100, 0, 0]||[]
[330, 330, 330, 330, 100, 0, 0]||[]
[330, 330, 330, 330, 100, 0, 0]||[]
[330, 330, 330, 330, 100, 0, 0]||[]
[330, 330, 330, 330, 100, 0, 0]||[]
[330, 330, 330, 330, 100, 0, 0]||[]
[330, 330, 330, 330, 100, 0, 0]||[]
[330, 330, 330, 330, 100, 0, 0]||[]
[330, 330, 330, 330, 100, 0, 0]||[]
[330, 330, 330, 330, 100, 0, 0]||[]
[330, 330, 330, 330, 100, 0, 0]||[]
[330, 330, 330, 330, 100, 0, 0]||[]
[330, 330, 330, 330, 100, 0, 0]||[]
[330, 330, 330, 330, 100, 0, 0]||[]
[330, 330, 330, 330, 100, 0, 0]||[]
[330, 330, 330, 330, 100, 0, 0]||[]
[330, 330, 330, 330, 100, 0, 0]||[]
[330, 330, 330, 330, 100, 0, 0]||[]
[330, 330, 330, 330, 100, 0, 0]||[]
[330, 330, 330, 330, 100, 0, 0]||[]
[330, 330, 330, 330, 100, 0, 0]||[]
[330, 330, 330, 330, 100, 0, 0]||[]
[330, 330, 330, 330, 100, 0, 0]||[]
[330, 330, 330, 330, 100, 0, 0]||[]
[330, 330, 330, 330, 100, 0, 0]||[]
[330, 330, 330, 330, 100, 0, 0]||[]
[330, 330, 330, 330, 100, 0, 0]||[]
[330, 330, 330, 330, 100, 0, 0]||[]
[330, 330, 330, 330, 100, 0, 0]||[]
[330, 330, 330, 330, 100, 0, 0]||['d']
[330, 330, 330, 330, 100, 0, 0]||['d']
[330, 330, 330, 330, 100, 0, 0]||['d']
[330, 330, 330, 330, 100, 0, 0]||['d']
[330, 330, 330, 330, 100, 0, 0]||['d']
[330, 330, 330, 330, 100, 0, 0]||['d']
[330, 330, 330, 330, 100, 0, 0]||['d']
[330, 330, 330, 330, 100, 0, 0]||['d']
[330, 330, 330, 330, 100, 0, 0]||['d']
[330, 330, 330, 330, 100, 0, 0]||['d']
[330, 330, 330, 330, 100, 0, 0]||['d']
[330, 330, 330, 330, 100, 0, 0]||['d']
[330, 330, 330, 330, 100, 0, 0]||['d']
[330, 330, 330, 330, 100, 0, 0]||['d']
[330, 330, 330, 330, 100, 0, 0]||['d']
[330, 330, 330, 330, 100, 0, 0]||['d']
[330, 330, 330, 330, 100, 0, 0]||['d']
[330, 330, 330, 330, 100, 0, 0]||['d']
[330, 330, 330, 330, 100, 0, 0]||['d']
[330, 330, 330, 330, 100, 0, 0]||['d']
[330, 330, 330, 330, 100, 0, 0]||['d']
[330, 330, 330, 330, 100, 0, 0]||['d']
[330, 330, 330, 330, 100, 0, 0]||['d']
[330, 330, 330, 330, 100, 0, 0]||['d']
[330, 330, 330, 330, 100, 0, 0]||['d']
[330, 330, 330, 330, 100, 0, 0]||['d']
[330, 330, 330, 330, 100, 0, 0]||['d']
[330, 330, 330, 330, 100, 0, 0]||['d']
[330, 330, 330, 330, 100, 0, 0]||['d']
[330, 330, 330, 330, 100, 0, 0]||['d']
[330, 330, 330, 330, 100, 0, 0]||['d']
[330, 330, 330, 330, 100, 0, 0]||['d']
[330, 330, 330, 330, 100, 0, 0]||['d']
[330, 330, 330, 330, 100, 0, 0]||['d']
[330, 330, 330, 330, 100, 0, 0]||['d']
[330, 330, 330, 330, 100, 0, 0]||['d']
[330, 330, 330, 330, 100, 0, 0]||[]
[330, 330, 330, 330, 100, 0, 0]||[]
[330, 330, 330, 330, 100, 0, 0]||[]
[330, 330, 330, 330, 100, 0, 0]||[]
[330, 330, 330, 330, 100, 0, 0]||[]
[330, 330, 330, 330, 100, 0, 0]||[]
[330, 330, 330, 330, 100, 0, 0]||[]
[330, 330, 330, 330, 100, 0, 0]||['d']
[330, 330, 330, 330, 100, 0, 0]||['d']
[330, 330, 330, 330, 100, 0, 0]||['d']
[330, 330, 330, 330, 100, 0, 0]||['d']
[330, 330, 330, 330, 100, 0, 0]||['d']
[330, 330, 330, 330, 100, 0, 0]||['d']
[330, 330, 330, 330, 100, 0, 0]||['d']
[330, 330, 330, 330, 100, 0, 0]||['d']
[330, 330, 330, 330, 100, 0, 0]||['d']
[330, 330, 330, 330, 100, 0, 0]||[]
[330, 330, 330, 330, 100, 0, 0]||[]
[330, 330, 330, 330, 100, 0, 0]||[]
[330, 330, 330, 330, 100, 0, 0]||[]
[330, 330, 330, 330, 100, 0, 0]||['d']
[330, 330, 330, 330, 100, 0, 0]||['d']
[330, 330, 330, 330, 100, 0, 0]||['d']
[330, 330, 330, 330, 100, 0, 0]||['d']
[330, 330, 330, 330, 100, 0, 0]||['d']
[330, 330, 330, 330, 100, 0, 0]||['d']
[330, 330, 330, 330, 100, 0, 0]||['d']
[330, 330, 330, 330, 100, 0, 0]||['d']
[330, 330, 330, 330, 100, 0, 0]||['d']
[330, 330, 330, 330, 100, 0, 0]||['d']
[330, 330, 330, 330, 100, 0, 0]||['d']
[330, 330, 330, 330, 100, 0, 0]||['d']
[330, 330, 330, 330, 100, 0, 0]||['d']
[330, 330, 330, 330, 100, 0, 0]||['d']
[330, 330, 330, 330, 100, 0, 0]||['d']
[330, 330, 330, 330, 100, 0, 0]||['d']
[330, 330, 330, 330, 100, 0, 0]||['d']
[330, 330, 330, 330, 100, 0, 0]||[]
[330, 330, 330, 330, 100, 0, 0]||[]
[330, 330, 330, 330, 100, 0, 0]||[]
[330, 330, 330, 330, 100, 0, 0]||[]
[330, 330, 330, 330, 100, 0, 0]||[]
[330, 330, 330, 330, 100, 0, 0]||[]
[330, 330, 330, 330, 100, 0, 0]||[]
[330, 330, 330, 330, 100, 0, 0]||[]
[330, 330, 330, 330, 100, 0, 0]||[]
[330, 330, 330, 330, 100, 0, 0]||[]
[330, 330, 330, 330, 100, 0, 0]||[]
[330, 330, 330, 330, 100, 0, 0]||[]
[330, 330, 330, 330, 100, 0, 0]||[]
[330, 330, 330, 330, 100, 0, 0]||[]
[330, 330, 330, 330, 100, 0, 0]||[]
[330, 330, 330, 330, 100, 0, 0]||[]
[330, 330, 330, 330, 100, 0, 0]||[]
[330, 330, 330, 330, 100, 0, 0]||[]
[330, 330, 330, 330, 100, 0, 0]||[]
[330, 330, 330, 330, 100, 0, 0]||[]
[330, 330, 330, 330, 100, 0, 0]||[]
[330, 330, 330, 330, 100, 0, 0]||[]
[330, 330, 330, 330, 100, 0, 0]||[]
[330, 330, 330, 330, 100, 0, 0]||[]
[330, 330, 330, 330, 100, 0, 0]||[]
[330, 330, 330, 330, 100, 0, 0]||[]
[330, 330, 330, 330, 100, 0, 0]||[]
[330, 330, 330, 330, 100, 0, 0]||[]
[330, 330, 330, 330, 100, 0, 0]||[]
[330, 330, 330, 330, 100, 0, 0]||[]
[330, 330, 330, 330, 100, 0, 0]||[]
[330, 330, 330, 330, 100, 0, 0]||[]
[330, 330, 330, 330, 100, 0, 0]||[]
[330, 330, 330, 330, 100, 0, 0]||[]
[330, 330, 330, 330, 100, 0, 0]||[]
[330, 330, 330, 330, 100, 0, 0]||[]
[330, 330, 330, 330, 100, 0, 0]||[]
[330, 330, 330, 330, 100, 0, 0]||['d']
[330, 330, 330, 330, 100, 0, 0]||[]
[330, 330, 330, 330, 100, 0, 0]||[]
[330, 330, 330, 330, 100, 0, 0]||[]
[330, 330, 330, 330, 100, 0, 0]||['d']
[330, 330, 330, 330, 100, 0, 0]||['d']
[330, 330, 330, 330, 100, 0, 0]||[]
[330, 330, 330, 330, 100, 0, 0]||[]
[330, 330, 330, 330, 100, 0, 0]||['d']
[330, 330, 330, 315, 100, 0, 0]||[]
[330, 330, 330, 315, 100, 0, 0]||[]
[330, 330, 330, 315, 100, 0, 0]||[]
[330, 330, 330, 315, 100, 0, 0]||['d']
[330, 330, 330, 310, 100, 0, 0]||[]
[330, 330, 330, 310, 100, 0, 0]||[]
[330, 330, 330, 310, 100, 0, 0]||['d']
[330, 330, 330, 305, 100, 0, 0]||['d']
[330, 330, 330, 300, 100, 0, 0]||[]
[330, 330, 330, 300, 100, 0, 0]||[]
[330, 330, 330, 300, 100, 0, 0]||[]
[330, 330, 330, 300, 100, 0, 0]||['d']
[330, 330, 330, 295, 100, 0, 0]||[]
[330, 330, 330, 295, 100, 0, 0]||[]
[330, 330, 330, 295, 100, 0, 0]||[]
[330, 330, 330, 295, 100, 0, 0]||['d']
[330, 330, 330, 290, 100, 0, 0]||['d']
[330, 330, 330, 285, 100, 0, 0]||[]
[330, 330, 330, 285, 100, 0, 0]||[]
[330, 330, 330, 285, 100, 0, 0]||[]
[330, 330, 330, 285, 100, 0, 0]||[]
[330, 330, 330, 285, 100, 0, 0]||[]
[330, 330, 330, 285, 100, 0, 0]||[]
[330, 330, 330, 285, 100, 0, 0]||['d']
[330, 328, 330, 280, 100, 0, 0]||['d']
[330, 324, 330, 275, 100, 0, 0]||['d']
[330, 320, 330, 270, 100, 0, 0]||['d']
[330, 316, 330, 265, 100, 0, 0]||['d']
[330, 312, 330, 260, 100, 0, 0]||['d']
[330, 308, 330, 255, 100, 0, 0]||['d']
[330, 304, 330, 250, 100, 0, 0]||['d']
[330, 300, 330, 245, 100, 0, 0]||['d']
[330, 296, 330, 240, 100, 0, 0]||['d']
[330, 292, 330, 235, 100, 0, 0]||['d']
[330, 288, 330, 230, 100, 0, 0]||['d']
[330, 284, 330, 225, 100, 0, 0]||['d']
[330, 280, 330, 220, 100, 0, 0]||['d']
[330, 276, 330, 215, 100, 0, 0]||['d']
[330, 272, 330, 210, 100, 0, 0]||['d']
[330, 269, 330, 205, 100, 0, 0]||['d']
[330, 265, 330, 200, 100, 0, 0]||['d']
[330, 261, 330, 195, 100, 0, 0]||['d']
[330, 258, 330, 190, 100, 0, 0]||['d']
[330, 254, 330, 185, 100, 0, 0]||['d']
[330, 251, 330, 180, 100, 0, 0]||['d']
[330, 247, 330, 175, 100, 0, 0]||['d']
[330, 244, 330, 170, 100, 0, 0]||['d']
[330, 240, 330, 165, 100, 0, 0]||['d']
[330, 237, 330, 160, 100, 0, 0]||['d']
[330, 234, 330, 155, 100, 0, 0]||[]
[330, 234, 330, 155, 100, 0, 0]||[]
[330, 234, 330, 155, 100, 0, 0]||[]
[330, 234, 330, 155, 100, 0, 0]||[]
[330, 234, 330, 155, 100, 0, 0]||[]
[330, 234, 330, 155, 100, 0, 0]||['d']
[330, 231, 330, 150, 100, 0, 0]||['d']
[330, 228, 330, 145, 100, 0, 0]||[]
[330, 228, 330, 145, 100, 0, 0]||[]
[330, 228, 330, 145, 100, 0, 0]||['d']
[330, 225, 330, 140, 100, 0, 0]||['d']
[330, 222, 330, 135, 100, 0, 0]||[]
[330, 222, 330, 135, 100, 0, 0]||[]
[330, 222, 330, 135, 100, 0, 0]||['d']
[330, 219, 330, 130, 100, 0, 0]||['d']
[330, 216, 330, 125, 100, 0, 0]||[]
[330, 216, 330, 125, 100, 0, 0]||[]
[330, 216, 330, 125, 100, 0, 0]||[]
[330, 216, 330, 125, 100, 0, 0]||[]
[330, 216, 330, 125, 100, 0, 0]||[]
[330, 216, 330, 125, 100, 0, 0]||[]
[330, 216, 330, 125, 100, 0, 0]||[]
[330, 216, 330, 125, 100, 0, 0]||['d']
[330, 213, 330, 120, 100, 0, 0]||['d']
[330, 210, 330, 115, 100, 0, 0]||[]
[330, 210, 330, 115, 100, 0, 0]||[]
[330, 210, 330, 115, 100, 0, 0]||[]
[330, 210, 330, 115, 100, 0, 0]||['d']
[330, 208, 330, 110, 100, 0, 0]||['d']
[330, 205, 330, 105, 100, 0, 0]||[]
[330, 205, 330, 105, 100, 0, 0]||[]
[330, 205, 330, 105, 100, 0, 0]||[]
[330, 205, 330, 105, 100, 0, 0]||['d']
[330, 203, 330, 100, 100, 0, 0]||['d']
[330, 201, 330, 95, 100, 0, 0]||[]
[330, 201, 330, 95, 100, 0, 0]||[]
[330, 201, 330, 95, 100, 0, 0]||[]
[330, 201, 330, 95, 100, 0, 0]||[]
[330, 201, 330, 95, 100, 0, 0]||['d']
[330, 199, 330, 90, 100, 0, 0]||['d']
[330, 195, 330, 85, 100, 0, 0]||['d']
[330, 192, 330, 80, 100, 0, 0]||['d']
[330, 189, 330, 75, 100, 0, 0]||['d']
[330, 186, 330, 70, 100, 0, 0]||['d']
[330, 184, 330, 65, 100, 0, 0]||['d']
[330, 181, 330, 60, 100, 0, 0]||['d']
[330, 179, 330, 55, 100, 0, 0]||['d']
[330, 177, 330, 50, 100, 0, 0]||['d']
[330, 174, 330, 45, 100, 0, 0]||['d']
[330, 172, 330, 40, 100, 0, 0]||['d']
[330, 170, 330, 35, 100, 0, 0]||['d']
[330, 169, 330, 30, 100, 0, 0]||['d']
[330, 167, 330, 330, 100, 0, 0]||['d']
[330, 166, 330, 330, 100, 0, 0]||['d']
[330, 165, 330, 330, 100, 0, 0]||[]
[330, 164, 330, 330, 100, 0, 0]||[]
[330, 163, 330, 330, 100, 0, 0]||['d']
[330, 162, 330, 330, 100, 0, 0]||['d']
[330, 161, 330, 330, 100, 0, 0]||['d']
[330, 160, 330, 330, 100, 0, 0]||['d']
[330, 159, 330, 330, 100, 0, 0]||['d']
[330, 159, 330, 330, 100, 0, 0]||['d']
[330, 158, 330, 330, 100, 0, 0]||['d']
[330, 158, 330, 330, 100, 0, 0]||['d']
[330, 158, 330, 330, 100, 0, 0]||['d']
[330, 158, 330, 330, 100, 0, 0]||['d']
[330, 158, 330, 330, 100, 0, 0]||['d']
[330, 159, 330, 330, 100, 0, 0]||['d']
[330, 159, 330, 330, 100, 0, 0]||['d']
[330, 160, 330, 330, 100, 0, 0]||['d']
[330, 161, 330, 330, 100, 0, 0]||['d']
[330, 162, 330, 330, 100, 0, 0]||['d']
[330, 163, 330, 330, 100, 0, 0]||['d']
[330, 165, 330, 330, 100, 0, 0]||['d']
[330, 166, 330, 330, 100, 0, 0]||['d']
[330, 167, 330, 330, 100, 0, 0]||['d']
[330, 169, 330, 330, 100, 0, 0]||['d']
[330, 170, 330, 330, 100, 0, 0]||['d']
[330, 171, 330, 330, 100, 0, 0]||['d']
[330, 174, 330, 330, 100, 0, 0]||['d']
[330, 176, 330, 330, 100, 0, 0]||['d']
[330, 178, 330, 330, 100, 0, 0]||['d']
[330, 180, 330, 330, 100, 0, 0]||['d']
[330, 182, 330, 330, 100, 0, 0]||['d']
[330, 184, 330, 330, 100, 0, 0]||['d']
[330, 187, 330, 330, 100, 0, 0]||['d']
[330, 189, 330, 330, 100, 0, 0]||['d']
[330, 192, 330, 330, 100, 0, 0]||['d']
[330, 195, 330, 330, 100, 0, 0]||['d']
[330, 197, 330, 330, 100, 0, 0]||['d']
[330, 199, 330, 330, 100, 0, 0]||['d']
[330, 203, 330, 330, 100, 0, 0]||['d']
[330, 207, 330, 330, 100, 0, 0]||['d']
[330, 211, 330, 330, 100, 0, 0]||['d']
[330, 215, 330, 330, 100, 0, 0]||['d']
[330, 219, 330, 330, 100, 0, 0]||[]
[330, 219, 330, 330, 100, 0, 0]||[]
[330, 219, 330, 330, 100, 0, 0]||[]
[330, 219, 330, 330, 100, 0, 0]||[]
[330, 219, 330, 330, 100, 0, 0]||[]
[330, 219, 330, 330, 100, 0, 0]||[]
[330, 219, 330, 330, 100, 0, 0]||[]
[330, 219, 330, 330, 100, 0, 0]||[]
[330, 219, 330, 330, 100, 0, 0]||[]
[330, 219, 330, 330, 100, 0, 0]||[]
[330, 219, 330, 330, 100, 0, 0]||[]
[330, 219, 330, 330, 100, 0, 0]||[]
[330, 219, 330, 330, 100, 0, 0]||[]
[330, 219, 330, 330, 100, 0, 0]||[]
[330, 219, 330, 330, 100, 0, 0]||[]
[330, 219, 330, 330, 100, 0, 0]||[]
[330, 219, 330, 330, 100, 0, 0]||[]
[330, 219, 330, 330, 100, 0, 0]||[]
[330, 219, 330, 330, 100, 0, 0]||['d']
[330, 223, 330, 330, 100, 0, 0]||['d']
[330, 227, 330, 330, 100, 0, 0]||['d']
[330, 231, 330, 330, 100, 0, 0]||['d']
[330, 235, 330, 330, 100, 0, 0]||['d']
[330, 239, 330, 330, 100, 0, 0]||['d']
[330, 243, 330, 330, 100, 0, 0]||['d']
[330, 247, 330, 330, 100, 0, 0]||['d']
[330, 251, 330, 330, 100, 0, 0]||['d']
[330, 256, 330, 330, 100, 0, 0]||['d']
[330, 260, 330, 330, 100, 0, 0]||['d']
[330, 264, 330, 330, 100, 0, 0]||['d']
[330, 269, 330, 330, 100, 0, 0]||['d']
[330, 273, 330, 330, 100, 0, 0]||['d']
[330, 277, 330, 330, 100, 0, 0]||['d']
[330, 282, 330, 330, 100, 0, 0]||['d']
[330, 286, 330, 330, 100, 0, 0]||['d']
[330, 291, 330, 330, 100, 0, 0]||[]
[330, 291, 330, 330, 100, 0, 0]||[]
[330, 291, 330, 330, 100, 0, 0]||[]
[330, 291, 330, 330, 100, 0, 0]||[]
[330, 291, 330, 330, 100, 0, 0]||['d']
[330, 295, 330, 330, 100, 0, 0]||['d']
[330, 300, 330, 330, 100, 0, 0]||['d']
[330, 304, 330, 330, 100, 0, 0]||['d']
[330, 309, 330, 330, 100, 0, 0]||['d']
[330, 313, 330, 330, 100, 0, 0]||['d']
[330, 317, 330, 330, 100, 0, 0]||['d']
[330, 321, 330, 330, 100, 0, 0]||['d']
[330, 326, 330, 330, 100, 0, 0]||['d']
[330, 330, 330, 330, 100, 0, 0]||['d']
[330, 330, 330, 330, 100, 0, 0]||['d']
[330, 330, 330, 330, 100, 0, 0]||['d']
[330, 330, 330, 330, 100, 0, 0]||['d']
[330, 330, 330, 330, 100, 0, 0]||['d']
[330, 330, 330, 330, 100, 0, 0]||['d']
[330, 330, 330, 330, 100, 0, 0]||['d']
[330, 330, 330, 330, 100, 0, 0]||['d']
[330, 330, 330, 330, 100, 0, 0]||['d']
[330, 330, 330, 330, 100, 0, 0]||['d']
[330, 330, 330, 330, 100, 0, 0]||['d']
[330, 330, 330, 330, 100, 0, 0]||['d']
[330, 330, 330, 330, 100, 0, 0]||['d']
[330, 330, 330, 330, 100, 0, 0]||['d']
[330, 330, 330, 330, 100, 0, 0]||['d']
[330, 330, 330, 330, 100, 0, 0]||[]
[330, 330, 330, 330, 100, 0, 0]||[]
[330, 330, 330, 330, 100, 0, 0]||[]
[330, 330, 330, 330, 100, 0, 0]||[]
[330, 330, 330, 330, 100, 0, 0]||[]
[330, 330, 330, 330, 100, 0, 0]||[]
[330, 330, 330, 330, 100, 0, 0]||['d']
[330, 330, 330, 330, 100, 0, 0]||['d']
[330, 330, 330, 330, 100, 0, 0]||['d']
[330, 330, 330, 330, 100, 0, 0]||['d']
[330, 330, 330, 330, 100, 0, 0]||['d']
[330, 330, 330, 330, 100, 0, 0]||['d']
[330, 330, 330, 330, 100, 0, 0]||['d']
[330, 330, 330, 330, 100, 0, 0]||['d']
[330, 330, 330, 330, 100, 0, 0]||['d']
[330, 330, 330, 330, 100, 0, 0]||['d']
[330, 330, 330, 330, 100, 0, 0]||['d']
[330, 330, 330, 330, 100, 0, 0]||[]
[330, 330, 330, 330, 100, 0, 0]||[]
[330, 330, 330, 330, 100, 0, 0]||[]
[330, 330, 330, 330, 100, 0, 0]||[]
[330, 330, 330, 330, 100, 0, 0]||[]
[330, 330, 330, 330, 100, 0, 0]||[]
[330, 330, 330, 330, 100, 0, 0]||[]
[330, 330, 330, 330, 100, 0, 0]||[]
[330, 330, 330, 330, 100, 0, 0]||[]
[330, 330, 330, 330, 100, 0, 0]||[]
[330, 330, 330, 330, 100, 0, 0]||[]
[330, 330, 330, 330, 100, 0, 0]||[]
[330, 330, 330, 330, 100, 0, 0]||[]
[330, 330, 330, 330, 100, 0, 0]||[]
[330, 330, 330, 330, 100, 0, 0]||[]
[330, 330, 330, 330, 100, 0, 0]||[]
[330, 330, 330, 330, 100, 0, 0]||[]
[330, 330, 330, 330, 100, 0, 0]||[]
[330, 330, 330, 330, 100, 0, 0]||[]
[330, 330, 330, 330, 100, 0, 0]||['s']
[330, 330, 330, 330, 100, 0, 0]||['s']
[330, 330, 330, 330, 100, 0, 0]||['s']
[330, 330, 330, 330, 100, 0, 0]||['s']
[330, 330, 330, 330, 100, 0, 0]||['s']
[330, 330, 330, 330, 100, 0, 0]||['s']
[330, 330, 330, 330, 100, 0, 0]||['s']
[330, 330, 330, 330, 100, 0, 0]||['s']
[330, 330, 330, 330, 100, 0, 0]||['s']
[330, 330, 330, 330, 100, 0, 0]||['s']
[330, 330, 330, 330, 100, 0, 0]||['s']
[330, 330, 330, 330, 100, 0, 0]||['s']
[330, 330, 330, 330, 100, 0, 0]||['s']
[330, 330, 330, 330, 100, 0, 0]||['s']
[330, 330, 330, 330, 100, 0, 0]||[]
[330, 330, 330, 330, 100, 0, 0]||[]
[330, 330, 330, 330, 100, 0, 0]||[]
[330, 330, 330, 330, 100, 0, 0]||[]
[330, 330, 330, 330, 100, 0, 0]||['d']
[330, 330, 330, 330, 100, 0, 0]||['d']
[330, 330, 330, 330, 100, 0, 0]||['d']
[330, 330, 330, 330, 100, 0, 0]||['d']
[330, 330, 330, 330, 100, 0, 0]||['d']
[330, 330, 330, 330, 100, 0, 0]||['d']
[330, 330, 330, 330, 100, 0, 0]||['d']
[330, 330, 330, 330, 100, 0, 0]||[]
[330, 330, 330, 330, 100, 0, 0]||[]
[330, 330, 330, 330, 100, 0, 0]||[]
[330, 330, 330, 330, 100, 0, 0]||[]
[330, 330, 330, 330, 100, 0, 0]||[]
[330, 330, 330, 330, 100, 0, 0]||[]
[330, 330, 330, 330, 100, 0, 0]||['s']
[330, 330, 330, 330, 100, 0, 0]||['s']
[330, 330, 330, 330, 100, 0, 0]||['s']
[330, 330, 330, 330, 100, 0, 0]||['s']
[330, 330, 330, 330, 100, 0, 0]||['s']
[330, 330, 330, 330, 100, 0, 0]||['s']
[330, 330, 330, 330, 100, 0, 0]||['s']
[330, 330, 330, 330, 100, 0, 0]||['s']
[330, 330, 330, 330, 100, 0, 0]||['s']
[330, 330, 330, 330, 100, 0, 0]||['s']
[330, 330, 330, 330, 100, 0, 0]||['s']
[330, 330, 330, 330, 100, 0, 0]||['s']
[330, 330, 330, 330, 100, 0, 0]||['s']
[330, 330, 330, 330, 100, 0, 0]||['s']
[330, 330, 330, 330, 100, 0, 0]||['s']
[330, 330, 330, 330, 100, 0, 0]||['s']
[330, 330, 330, 330, 100, 0, 0]||['s']
[330, 330, 330, 330, 100, 0, 0]||['s']
[330, 330, 330, 330, 100, 0, 0]||['s']
[330, 330, 330, 330, 100, 0, 0]||['s']
[330, 330, 330, 330, 100, 0, 0]||['s']
[330, 330, 330, 330, 100, 0, 0]||['s']
[330, 330, 330, 330, 100, 0, 0]||['s']
[330, 330, 330, 330, 100, 0, 0]||['s']
[330, 330, 330, 330, 100, 0, 0]||['s']
[330, 330, 330, 330, 100, 0, 0]||['s']
[330, 330, 330, 330, 100, 0, 0]||['s']
[330, 330, 330, 330, 100, 0, 0]||['s']
[330, 330, 330, 330, 100, 0, 0]||['s']
[330, 330, 330, 330, 100, 0, 0]||['s']
[330, 330, 330, 330, 100, 0, 0]||['s']
[330, 330, 330, 330, 100, 0, 0]||['s']
[330, 330, 330, 330, 100, 0, 0]||['s']
[330, 330, 330, 330, 100, 0, 0]||['s']
[330, 330, 330, 330, 100, 0, 0]||['s']
[330, 330, 330, 330, 100, 0, 0]||['s']
[330, 330, 330, 330, 100, 0, 0]||['s']
[330, 330, 330, 330, 100, 0, 0]||['s']
[330, 330, 330, 330, 100, 0, 0]||['s']
[330, 330, 330, 330, 100, 0, 0]||['s']
[330, 330, 330, 330, 100, 0, 0]||['s']
[330, 330, 330, 330, 100, 0, 0]||['s']
[330, 330, 330, 330, 100, 0, 0]||['s']
[330, 330, 330, 330, 100, 0, 0]||['s']
[330, 330, 330, 330, 100, 0, 0]||['s']
[330, 330, 330, 330, 100, 0, 0]||['s']
[330, 330, 330, 330, 100, 0, 0]||['s']
[330, 330, 330, 330, 100, 0, 0]||['s']
[330, 330, 330, 330, 100, 0, 0]||['s']
[330, 330, 330, 330, 100, 0, 0]||['s']
[330, 330, 330, 330, 100, 0, 0]||['s']
[330, 330, 330, 330, 100, 0, 0]||['s']
[330, 330, 330, 330, 100, 0, 0]||['s']
[330, 330, 330, 330, 100, 0, 0]||['s']
[330, 330, 330, 330, 100, 0, 0]||['s']
[330, 330, 330, 330, 100, 0, 0]||['s']
[330, 330, 330, 330, 100, 0, 0]||['s']
[330, 330, 330, 330, 100, 0, 0]||['s']
[330, 330, 330, 330, 100, 0, 0]||['s']
[330, 330, 330, 330, 100, 0, 0]||['s']
[330, 330, 330, 330, 100, 0, 0]||['s']
[330, 330, 330, 330, 100, 0, 0]||['s']
[330, 330, 330, 330, 100, 0, 0]||['s']
[330, 330, 330, 330, 100, 0, 0]||['s']
[330, 330, 330, 330, 100, 0, 0]||['s']
[330, 330, 330, 330, 100, 0, 0]||['s']
[330, 330, 330, 330, 100, 0, 0]||['s']
[330, 330, 330, 330, 100, 0, 0]||['s']
[330, 330, 330, 330, 100, 0, 0]||['d']
[330, 330, 330, 330, 100, 0, 0]||['d']
[330, 330, 330, 330, 100, 0, 0]||['d']
[330, 330, 330, 330, 100, 0, 0]||['d']
[330, 330, 330, 330, 100, 0, 0]||['d']
[330, 330, 330, 330, 100, 0, 0]||['d']
[330, 330, 330, 330, 100, 0, 0]||['d']
[330, 330, 330, 330, 100, 0, 0]||['d']
[330, 330, 330, 330, 100, 0, 0]||['d']
[330, 330, 330, 330, 100, 0, 0]||['d']
[330, 330, 330, 330, 100, 0, 0]||['d']
[330, 330, 330, 330, 100, 0, 0]||['d']
[330, 330, 330, 330, 100, 0, 0]||['d']
[330, 330, 330, 330, 100, 0, 0]||['d']
[330, 330, 330, 330, 100, 0, 0]||['d']
[330, 330, 330, 330, 100, 0, 0]||['d']
[330, 330, 330, 330, 100, 0, 0]||['d']
[330, 330, 330, 330, 100, 0, 0]||['d']
[330, 330, 330, 330, 100, 0, 0]||['d']
[330, 330, 330, 330, 100, 0, 0]||['d']
[330, 330, 330, 330, 100, 0, 0]||['d']
[330, 330, 330, 330, 100, 0, 0]||['d']
[330, 330, 330, 330, 100, 0, 0]||['d']
[330, 330, 330, 330, 100, 0, 0]||['d']
[330, 330, 330, 330, 100, 0, 0]||['d']
[330, 330, 330, 330, 100, 0, 0]||['d']
[330, 330, 330, 330, 100, 0, 0]||['d']
[330, 330, 330, 330, 100, 0, 0]||['d']
[330, 330, 330, 330, 100, 0, 0]||['d']
[330, 330, 330, 330, 100, 0, 0]||['d']
[330, 330, 330, 330, 100, 0, 0]||['d']
[330, 330, 330, 330, 100, 0, 0]||['d']
[330, 330, 330, 330, 100, 0, 0]||['d']
[330, 330, 330, 330, 100, 0, 0]||['d']
[330, 330, 330, 330, 100, 0, 0]||['d']
[330, 330, 330, 330, 100, 0, 0]||['d']
[330, 330, 330, 330, 100, 0, 0]||['d']
[330, 330, 330, 330, 100, 0, 0]||['d']
[330, 330, 330, 330, 100, 0, 0]||['d']
[330, 330, 330, 330, 100, 0, 0]||['d']
[330, 330, 330, 330, 100, 0, 0]||['d']
[330, 330, 330, 330, 100, 0, 0]||['d']
[330, 330, 330, 330, 100, 0, 0]||['d']
[330, 330, 330, 330, 100, 0, 0]||['d']
[330, 330, 330, 330, 100, 0, 0]||['d']
[330, 330, 330, 330, 100, 0, 0]||['d']
[330, 330, 330, 330, 100, 0, 0]||['d']
[330, 330, 330, 330, 100, 0, 0]||['d']
[330, 330, 330, 330, 100, 0, 0]||['d']
[330, 330, 330, 330, 100, 0, 0]||['d']
[330, 330, 330, 330, 100, 0, 0]||['d']
[330, 330, 330, 330, 100, 0, 0]||['d']
[330, 330, 330, 330, 100, 0, 0]||['d']
[330, 330, 330, 330, 100, 0, 0]||['d']
[330, 330, 330, 330, 100, 0, 0]||['d']
[330, 330, 330, 330, 100, 0, 0]||['d']
[330, 330, 330, 330, 100, 0, 0]||['d']
[330, 330, 330, 330, 100, 0, 0]||['d']
[330, 330, 330, 330, 100, 0, 0]||['d']
[330, 330, 330, 330, 100, 0, 0]||['d']
[330, 330, 330, 330, 100, 0, 0]||['d']
[330, 330, 330, 330, 100, 0, 0]||['d']
[330, 330, 330, 330, 100, 0, 0]||['d']
[330, 330, 330, 330, 100, 0, 0]||['d']
[330, 330, 330, 330, 100, 0, 0]||['d']
[330, 330, 330, 330, 100, 0, 0]||['d']
[330, 330, 330, 330, 100, 0, 0]||['d']
[330, 330, 330, 330, 100, 0, 0]||['d']
[330, 330, 330, 330, 100, 0, 0]||['d']
[330, 330, 330, 330, 100, 0, 0]||['d']
[330, 330, 330, 330, 100, 0, 0]||['d']
[330, 330, 330, 330, 100, 0, 0]||['d']
[330, 330, 330, 330, 100, 0, 0]||['d']
[330, 330, 330, 330, 100, 0, 0]||['d']
[330, 330, 330, 330, 100, 0, 0]||['d']
[330, 330, 330, 330, 100, 0, 0]||['d']
[330, 330, 330, 330, 100, 0, 0]||['d']
[330, 330, 330, 330, 100, 0, 0]||['d']
[330, 330, 330, 330, 100, 0, 0]||['d']
[330, 330, 330, 330, 100, 0, 0]||['d']
[330, 330, 330, 330, 100, 0, 0]||['d']
[330, 330, 330, 330, 100, 0, 0]||['d']
[330, 330, 330, 330, 100, 0, 0]||['d']
[330, 330, 330, 330, 100, 0, 0]||['d']
[330, 330, 330, 330, 100, 0, 0]||['d']
[330, 330, 330, 330, 100, 0, 0]||['d']
[330, 330, 330, 330, 100, 0, 0]||['d']
[330, 330, 330, 330, 100, 0, 0]||['d']
[330, 330, 330, 330, 100, 0, 0]||['d']
[330, 330, 330, 330, 100, 0, 0]||['d']
[330, 330, 330, 330, 100, 0, 0]||['d']
[330, 330, 330, 330, 100, 0, 0]||['d']
[330, 330, 330, 330, 100, 0, 0]||['d']
[330, 330, 330, 330, 100, 0, 0]||['d']
[330, 330, 330, 330, 100, 0, 0]||['d']
[330, 330, 330, 330, 100, 0, 0]||['d']
[330, 330, 330, 330, 100, 0, 0]||['d']
[330, 330, 330, 330, 100, 0, 0]||['d']
[330, 330, 330, 330, 100, 0, 0]||['d']
[330, 330, 330, 330, 100, 0, 0]||['d']
[330, 330, 330, 330, 100, 0, 0]||['d']
[330, 330, 330, 330, 100, 0, 0]||['d']
[330, 330, 330, 330, 100, 0, 0]||['d']
[330, 330, 330, 330, 100, 0, 0]||['d']
[330, 330, 330, 330, 100, 0, 0]||['d']
[330, 330, 330, 330, 100, 0, 0]||['d']
[330, 330, 330, 330, 100, 0, 0]||['d']
[330, 330, 330, 330, 100, 0, 0]||['d']
[330, 330, 330, 330, 100, 0, 0]||['d']
[330, 330, 330, 330, 100, 0, 0]||['d']
[330, 330, 330, 330, 100, 0, 0]||['d']
[330, 330, 330, 330, 100, 0, 0]||['d']
[330, 330, 330, 330, 100, 0, 0]||['d']
[330, 330, 330, 330, 100, 0, 0]||['d']
[330, 330, 330, 330, 100, 0, 0]||['d']
[330, 330, 330, 330, 100, 0, 0]||['d']
[330, 330, 330, 330, 100, 0, 0]||['d']
[330, 330, 330, 330, 100, 0, 0]||['d']
[330, 330, 330, 330, 100, 0, 0]||['d']
[330, 330, 330, 330, 100, 0, 0]||['d']
[330, 330, 330, 330, 100, 0, 0]||['d']
[330, 330, 330, 330, 100, 0, 0]||['d']
[330, 330, 330, 330, 100, 0, 0]||['d']
[330, 330, 330, 330, 100, 0, 0]||['d']
[330, 330, 330, 330, 100, 0, 0]||['d']
[330, 330, 330, 330, 100, 0, 0]||['d']
[330, 330, 330, 330, 100, 0, 0]||['d']
[330, 330, 330, 330, 100, 0, 0]||['d']
[330, 330, 330, 330, 100, 0, 0]||['d']
[330, 330, 330, 330, 100, 0, 0]||['d']
[330, 330, 330, 330, 100, 0, 0]||['d']
[330, 330, 330, 330, 100, 0, 0]||['d']
[330, 330, 330, 330, 100, 0, 0]||['d']
[330, 330, 330, 330, 100, 0, 0]||['d']
[330, 330, 330, 330, 100, 0, 0]||['d']
[330, 330, 330, 330, 100, 0, 0]||['d']
[330, 330, 330, 330, 100, 0, 0]||['d']
[330, 330, 330, 330, 100, 0, 0]||['d']
[330, 330, 330, 330, 100, 0, 0]||['d']
[330, 330, 330, 330, 100, 0, 0]||['d']
[330, 330, 330, 330, 100, 0, 0]||['d']
[330, 330, 330, 330, 100, 0, 0]||['d']
[330, 330, 330, 330, 100, 0, 0]||['d']
[330, 330, 330, 330, 100, 0, 0]||['d']
[330, 330, 330, 330, 100, 0, 0]||['d']
[330, 330, 330, 330, 100, 0, 0]||['d']
[330, 330, 330, 330, 100, 0, 0]||['d']
[330, 330, 330, 330, 100, 0, 0]||['d']
[330, 330, 330, 330, 100, 0, 0]||['d']
[330, 330, 330, 330, 100, 0, 0]||['d']
[330, 330, 330, 330, 100, 0, 0]||['d']
[330, 330, 330, 330, 100, 0, 0]||['d']
[330, 330, 330, 330, 100, 0, 0]||['d']
[330, 330, 330, 330, 100, 0, 0]||['d']
[330, 330, 330, 330, 100, 0, 0]||['d']
[330, 330, 330, 330, 100, 0, 0]||['d']
[330, 330, 330, 330, 100, 0, 0]||['d']
[330, 330, 330, 330, 100, 0, 0]||['d']
[330, 330, 330, 330, 100, 0, 0]||[]
[330, 330, 330, 330, 100, 0, 0]||[]
[330, 330, 330, 330, 100, 0, 0]||[]
[330, 330, 330, 330, 100, 0, 0]||[]
[330, 330, 330, 330, 100, 0, 0]||[]
[330, 330, 330, 330, 100, 0, 0]||[]
[330, 330, 330, 330, 100, 0, 0]||[]
[330, 330, 330, 330, 100, 0, 0]||[]
[330, 330, 330, 330, 100, 0, 0]||[]
[330, 330, 330, 330, 100, 0, 0]||['w']
[330, 330, 330, 330, 100, 0, 0]||['w']
[330, 330, 330, 330, 100, 0, 0]||['w']
[330, 330, 330, 330, 100, 0, 0]||['w']
[330, 330, 330, 330, 100, 0, 0]||['w']
[330, 330, 330, 330, 100, 0, 0]||['w']
[330, 330, 330, 330, 100, 0, 0]||['w']
[330, 330, 330, 330, 100, 0, 0]||['w']
[330, 330, 330, 330, 100, 0, 0]||['w']
[330, 330, 330, 330, 100, 0, 0]||['w']
[330, 330, 330, 330, 100, 0, 0]||['w']
[330, 330, 330, 330, 100, 0, 0]||[]
[330, 330, 330, 330, 100, 0, 0]||[]
[330, 330, 330, 330, 100, 0, 0]||[]
[330, 330, 330, 330, 100, 0, 0]||[]
[330, 330, 330, 330, 100, 0, 0]||[]
[330, 330, 330, 330, 100, 0, 0]||[]
[330, 330, 330, 330, 100, 0, 0]||[]
[330, 330, 330, 330, 100, 0, 0]||[]
[330, 330, 330, 330, 100, 0, 0]||['d']
[330, 330, 330, 330, 100, 0, 0]||['d']
[330, 330, 330, 330, 100, 0, 0]||['d']
[330, 330, 330, 330, 100, 0, 0]||['d']
[330, 330, 330, 330, 100, 0, 0]||['d']
[330, 330, 330, 330, 100, 0, 0]||['d']
[330, 330, 330, 330, 100, 0, 0]||['d']
[330, 330, 330, 330, 100, 0, 0]||['d']
[330, 330, 330, 330, 100, 0, 0]||['d']
[330, 330, 330, 330, 100, 0, 0]||['d']
[330, 330, 330, 330, 100, 0, 0]||['d']
[330, 330, 330, 330, 100, 0, 0]||['d']
[330, 330, 330, 330, 100, 0, 0]||['d']
[330, 330, 330, 330, 100, 0, 0]||['d']
[330, 330, 330, 330, 100, 0, 0]||['d']
[330, 330, 330, 330, 100, 0, 0]||['d']
[330, 330, 330, 330, 100, 0, 0]||[]
[330, 330, 330, 330, 100, 0, 0]||[]
[330, 330, 330, 330, 100, 0, 0]||[]
[330, 330, 330, 330, 100, 0, 0]||[]
[330, 330, 330, 330, 100, 0, 0]||[]
[330, 330, 330, 330, 100, 0, 0]||[]
[330, 330, 330, 330, 100, 0, 0]||[]
[330, 330, 330, 330, 100, 0, 0]||[]
[330, 330, 330, 330, 100, 0, 0]||[]
[330, 330, 330, 330, 100, 0, 0]||[]
[330, 330, 330, 330, 100, 0, 0]||[]
[330, 330, 330, 330, 100, 0, 0]||['w']
[330, 330, 330, 330, 100, 0, 0]||['w']
[330, 330, 330, 330, 100, 0, 0]||['w']
[330, 330, 330, 330, 100, 0, 0]||['w']
[330, 330, 330, 330, 100, 0, 0]||['w']
[330, 330, 330, 330, 100, 0, 0]||['w']
[330, 330, 330, 330, 100, 0, 0]||['w']
[330, 330, 322, 330, 100, 0, 0]||['w']
[330, 330, 318, 330, 100, 0, 0]||['w']
[330, 330, 313, 330, 100, 0, 0]||['w']
[330, 330, 308, 330, 100, 0, 0]||['w']
[330, 330, 304, 330, 100, 0, 0]||['w']
[330, 330, 299, 330, 100, 0, 0]||['w']
[330, 330, 294, 330, 100, 0, 0]||['w']
[330, 330, 290, 330, 100, 0, 0]||['w']
[330, 330, 285, 330, 100, 0, 0]||['w']
[330, 330, 280, 330, 100, 0, 0]||['w']
[330, 330, 276, 330, 100, 0, 0]||['w']
[330, 330, 271, 330, 100, 0, 0]||['w']
[330, 330, 266, 330, 100, 0, 0]||['w']
[330, 330, 262, 330, 100, 0, 0]||['w']
[330, 330, 257, 330, 100, 0, 0]||['w']
[330, 330, 253, 330, 100, 0, 0]||['w']
[330, 330, 248, 330, 100, 0, 0]||['w']
[330, 330, 244, 330, 100, 0, 0]||['w']
[330, 330, 239, 330, 100, 0, 0]||['w']
[330, 330, 235, 330, 100, 0, 0]||['w']
[330, 330, 230, 330, 100, 0, 0]||['w']
[330, 330, 226, 330, 100, 0, 0]||['w']
[330, 330, 221, 330, 100, 0, 0]||['w']
[330, 330, 217, 330, 100, 0, 0]||[]
[330, 330, 217, 330, 100, 0, 0]||[]
[330, 330, 217, 330, 100, 0, 0]||['w']
[330, 330, 213, 330, 100, 0, 0]||['w']
[330, 330, 208, 330, 100, 0, 0]||['w']
[330, 330, 204, 330, 100, 0, 0]||['w']
[330, 330, 200, 330, 100, 0, 0]||['w']
[330, 330, 196, 330, 100, 0, 0]||['w']
[330, 330, 191, 330, 100, 0, 0]||['w']
[330, 330, 187, 330, 100, 0, 0]||['w']
[330, 330, 183, 330, 100, 0, 0]||['w']
[330, 330, 179, 330, 100, 0, 0]||['w']
[330, 330, 175, 330, 100, 0, 0]||['w']
[330, 330, 171, 330, 100, 0, 0]||['w']
[330, 330, 167, 330, 100, 0, 0]||['w']
[330, 330, 163, 330, 100, 0, 0]||['w']
[330, 330, 160, 330, 100, 0, 0]||['w']
[330, 330, 156, 330, 100, 0, 0]||['w']
[330, 330, 152, 330, 100, 0, 0]||['w']
[330, 330, 149, 330, 100, 0, 0]||['w']
[330, 330, 145, 330, 100, 0, 0]||['w']
[330, 330, 142, 330, 100, 0, 0]||[]
[330, 330, 142, 330, 100, 0, 0]||[]
[330, 330, 142, 330, 100, 0, 0]||[]
[330, 330, 142, 330, 100, 0, 0]||[]
[330, 330, 142, 330, 100, 0, 0]||[]
[330, 330, 142, 330, 100, 0, 0]||[]
[330, 330, 142, 330, 100, 0, 0]||[]
[330, 330, 142, 330, 100, 0, 0]||[]
[330, 330, 142, 330, 100, 0, 0]||[]
[330, 330, 142, 330, 100, 0, 0]||[]
[330, 330, 142, 330, 100, 0, 0]||[]
[330, 330, 142, 330, 100, 0, 0]||[]
[330, 330, 142, 330, 100, 0, 0]||[]
[330, 330, 142, 330, 100, 0, 0]||[]
[330, 330, 142, 330, 100, 0, 0]||[]
[330, 330, 142, 330, 100, 0, 0]||[]
[330, 330, 142, 330, 100, 0, 0]||[]
[330, 330, 142, 330, 100, 0, 0]||[]
[330, 330, 142, 330, 100, 0, 0]||[]
[330, 330, 142, 330, 100, 0, 0]||['a']
[330, 330, 138, 330, 100, 0, 0]||['a']
[330, 330, 135, 330, 100, 0, 0]||['a']
[330, 330, 131, 330, 100, 0, 0]||['a']
[330, 330, 128, 330, 100, 0, 0]||['a']
[330, 330, 124, 330, 100, 0, 0]||['a']
[330, 330, 121, 330, 100, 0, 0]||['a']
[330, 330, 118, 330, 100, 0, 0]||['a']
[330, 330, 115, 330, 100, 0, 0]||['a']
[330, 330, 112, 330, 100, 0, 0]||['a']
[330, 330, 110, 330, 100, 0, 0]||['a']
[330, 330, 107, 330, 100, 0, 0]||['a']
[330, 330, 105, 330, 100, 0, 0]||['a']
[330, 330, 103, 330, 100, 0, 0]||['a']
[330, 330, 101, 330, 100, 0, 0]||['a']
[330, 330, 99, 330, 100, 0, 0]||['a']
[330, 330, 98, 330, 100, 0, 0]||['a']
[330, 330, 97, 330, 100, 0, 0]||['a']
[330, 330, 96, 330, 100, 0, 0]||['a']
[330, 330, 95, 330, 100, 0, 0]||['a']
[330, 330, 95, 330, 100, 0, 0]||['a']
[330, 330, 95, 330, 100, 0, 0]||['a']
[330, 330, 95, 330, 100, 0, 0]||['a']
[330, 330, 95, 330, 100, 0, 0]||['a']
[330, 330, 96, 330, 100, 0, 0]||['a']
[330, 330, 96, 330, 100, 0, 0]||['a']
[330, 330, 97, 330, 100, 0, 0]||['a']
[330, 330, 99, 330, 100, 0, 0]||[]
[330, 330, 99, 330, 100, 0, 0]||[]
[330, 330, 99, 330, 100, 0, 0]||['a']
[330, 330, 100, 330, 100, 0, 0]||['a']
[330, 330, 102, 330, 100, 0, 0]||[]
[330, 330, 102, 330, 100, 0, 0]||['a']
[330, 330, 104, 330, 100, 0, 0]||['a']
[330, 330, 106, 330, 100, 0, 0]||[]
[330, 330, 106, 330, 100, 0, 0]||[]
[330, 330, 106, 330, 100, 0, 0]||[]
[330, 330, 106, 330, 100, 0, 0]||[]
[330, 330, 106, 330, 100, 0, 0]||[]
[330, 330, 106, 330, 100, 0, 0]||[]
[330, 330, 106, 330, 100, 0, 0]||[]
[330, 330, 106, 330, 100, 0, 0]||[]
[330, 330, 106, 330, 100, 0, 0]||[]
[330, 330, 106, 330, 100, 0, 0]||[]
[330, 330, 106, 330, 100, 0, 0]||[]
[330, 330, 106, 330, 100, 0, 0]||['d']
[330, 330, 104, 330, 100, 0, 0]||['d']
[330, 330, 102, 330, 100, 0, 0]||[]
[330, 330, 102, 330, 100, 0, 0]||[]
[330, 330, 102, 330, 100, 0, 0]||['d']
[330, 330, 100, 330, 100, 0, 0]||['d']
[330, 330, 99, 330, 100, 0, 0]||[]
[330, 330, 99, 330, 100, 0, 0]||[]
[330, 330, 99, 330, 100, 0, 0]||[]
[330, 330, 99, 330, 100, 0, 0]||[]
[330, 330, 99, 330, 100, 0, 0]||[]
[330, 330, 99, 330, 100, 0, 0]||[]
[330, 330, 99, 330, 100, 0, 0]||['d']
[330, 330, 97, 330, 100, 0, 0]||['d']
[330, 330, 96, 330, 100, 0, 0]||[]
[330, 330, 96, 330, 100, 0, 0]||[]
[330, 330, 96, 330, 100, 0, 0]||['d']
[330, 330, 96, 330, 100, 0, 0]||['d']
[330, 330, 95, 330, 100, 0, 0]||[]
[330, 330, 95, 330, 100, 0, 0]||[]
[330, 330, 95, 330, 100, 0, 0]||[]
[330, 330, 95, 330, 100, 0, 0]||[]
[330, 330, 95, 330, 100, 0, 0]||[]
[330, 330, 95, 330, 100, 0, 0]||[]
[330, 330, 95, 330, 100, 0, 0]||[]
[330, 330, 95, 330, 100, 0, 0]||[]
[330, 330, 95, 330, 100, 0, 0]||[]
[330, 330, 95, 330, 100, 0, 0]||[]
[330, 330, 95, 330, 100, 0, 0]||[]
[330, 330, 95, 330, 100, 0, 0]||[]
[330, 330, 95, 330, 100, 0, 0]||[]
[330, 330, 95, 330, 100, 0, 0]||[]
[330, 330, 95, 330, 100, 0, 0]||[]
[330, 330, 95, 330, 100, 0, 0]||[]
[330, 330, 95, 330, 100, 0, 0]||['w']
[330, 330, 90, 330, 100, 0, 0]||['w']
[330, 330, 85, 330, 100, 0, 0]||[]
[330, 330, 85, 330, 100, 0, 0]||[]
[330, 330, 85, 330, 100, 0, 0]||['w']
[330, 330, 80, 330, 100, 0, 0]||['w']
[330, 330, 75, 330, 100, 0, 0]||[]
[330, 330, 75, 330, 100, 0, 0]||[]
[330, 330, 75, 330, 100, 0, 0]||['w']
[330, 330, 70, 330, 100, 0, 0]||[]
[330, 330, 70, 330, 100, 0, 0]||[]
[330, 330, 70, 330, 100, 0, 0]||[]
[330, 330, 70, 330, 100, 0, 0]||['w']
[330, 330, 65, 330, 100, 0, 0]||[]
[330, 330, 65, 330, 100, 0, 0]||[]
[330, 330, 65, 330, 100, 0, 0]||['w']
[330, 330, 60, 330, 100, 0, 0]||['w']
[330, 330, 55, 330, 100, 0, 0]||[]
[330, 330, 55, 330, 100, 0, 0]||[]
[330, 330, 55, 330, 100, 0, 0]||[]
[330, 330, 55, 330, 100, 0, 0]||['w']
[330, 330, 50, 330, 100, 0, 0]||[]
[330, 330, 50, 330, 100, 0, 0]||[]
[330, 330, 50, 330, 100, 0, 0]||[]
[330, 330, 50, 330, 100, 0, 0]||['w']
[330, 330, 45, 330, 100, 0, 0]||[]
[330, 330, 45, 330, 100, 0, 0]||[]
[330, 330, 45, 330, 100, 0, 0]||[]
[330, 330, 45, 330, 100, 0, 0]||['w']
[330, 330, 41, 330, 100, 0, 0]||[]
[330, 330, 41, 330, 100, 0, 0]||[]
[330, 330, 41, 330, 100, 0, 0]||[]
[330, 330, 41, 330, 100, 0, 0]||['w']
[330, 330, 36, 330, 100, 0, 0]||[]
[330, 330, 36, 330, 100, 0, 0]||[]
[330, 330, 36, 330, 100, 0, 0]||[]
[330, 330, 36, 330, 100, 0, 0]||['w']
[330, 330, 31, 330, 100, 0, 0]||[]
[330, 330, 31, 330, 100, 0, 0]||[]
[330, 330, 31, 330, 100, 0, 0]||['w']
[330, 330, 26, 330, 100, 0, 0]||['w']
[330, 330, 21, 330, 100, 0, 0]||[]
[330, 330, 21, 330, 100, 0, 0]||[]
[330, 330, 21, 330, 100, 0, 0]||['w']
[330, 330, 330, 330, 100, 5, 0]||['w']
[330, 330, 330, 330, 100, 5, 0]||[]
[330, 330, 330, 330, 100, 5, 0]||[]
[330, 330, 330, 330, 100, 5, 0]||[]
[330, 330, 330, 330, 100, 5, 0]||['w']
[330, 330, 330, 330, 100, 5, 0]||['w']
[330, 330, 330, 330, 100, 5, 0]||[]
[330, 330, 330, 330, 100, 5, 0]||[]
[330, 330, 330, 330, 100, 5, 0]||[]
[330, 330, 330, 330, 100, 5, 0]||[]
[330, 330, 330, 330, 100, 5, 0]||[]
[330, 330, 330, 330, 100, 5, 0]||[]
[330, 330, 330, 330, 100, 5, 0]||[]
[330, 330, 330, 330, 100, 5, 0]||[]
[330, 330, 330, 330, 100, 5, 0]||[]
[330, 330, 330, 330, 100, 5, 0]||[]
[330, 330, 330, 330, 100, 5, 0]||['d']
[330, 330, 330, 330, 100, 5, 0]||['d']
[330, 330, 330, 330, 100, 5, 0]||['d']
[330, 330, 330, 330, 100, 5, 0]||['d']
[330, 330, 330, 330, 100, 5, 0]||['d']
[330, 330, 330, 330, 100, 5, 0]||['d']
[330, 330, 330, 330, 100, 5, 0]||['d']
[330, 330, 330, 330, 100, 5, 0]||['d']
[330, 330, 330, 330, 100, 5, 0]||['d']
[330, 330, 330, 330, 100, 5, 0]||['d']
[330, 330, 330, 330, 100, 5, 0]||['d']
[330, 330, 330, 330, 100, 5, 0]||['d']
[330, 330, 330, 330, 100, 5, 0]||['d']
[330, 330, 330, 330, 100, 5, 0]||['d']
[330, 330, 330, 330, 100, 5, 0]||['d']
[330, 330, 330, 330, 100, 5, 0]||['d']
[330, 330, 330, 330, 100, 5, 0]||['d']
[330, 330, 330, 330, 100, 5, 0]||['d']
[330, 330, 330, 330, 100, 5, 0]||['d']
[330, 330, 330, 330, 100, 5, 0]||[]
[330, 330, 330, 330, 100, 5, 0]||[]
[330, 330, 330, 330, 100, 5, 0]||[]
[330, 330, 330, 330, 100, 5, 0]||[]
[330, 330, 330, 330, 100, 5, 0]||[]
[330, 330, 330, 330, 100, 5, 0]||[]
[330, 330, 330, 330, 100, 5, 0]||['s']
[330, 330, 330, 330, 100, 5, 0]||['s']
[330, 330, 330, 330, 100, 5, 0]||['s']
[330, 330, 330, 330, 100, 5, 0]||['s']
[330, 330, 330, 330, 100, 5, 0]||['s']
[330, 330, 330, 330, 100, 5, 0]||['s']
[330, 330, 330, 330, 100, 5, 0]||['s']
[330, 330, 330, 330, 100, 5, 0]||['s']
[330, 330, 330, 330, 100, 5, 0]||['s']
[330, 330, 330, 330, 100, 5, 0]||['s']
[330, 330, 330, 330, 100, 5, 0]||['s']
[330, 330, 330, 330, 100, 5, 0]||['s']
[330, 330, 330, 330, 100, 5, 0]||['s']
[330, 330, 330, 330, 100, 5, 0]||['s']
[330, 330, 330, 330, 100, 5, 0]||['s']
[330, 330, 330, 330, 100, 5, 0]||['s']
[330, 330, 330, 330, 100, 5, 0]||['s']
[330, 330, 330, 330, 100, 5, 0]||['s']
[330, 330, 330, 330, 100, 5, 0]||['s']
[330, 330, 330, 330, 100, 5, 0]||['s']
[330, 330, 330, 330, 100, 5, 0]||['s']
[330, 330, 330, 330, 100, 5, 0]||['s']
[330, 330, 330, 330, 100, 5, 0]||['s']
[330, 330, 330, 330, 100, 5, 0]||['s']
[330, 330, 330, 330, 100, 5, 0]||['s']
[330, 330, 330, 330, 100, 5, 0]||['s']
[330, 330, 330, 330, 100, 5, 0]||['s']
[330, 330, 330, 330, 100, 5, 0]||['s']
[330, 330, 330, 330, 100, 5, 0]||['s']
[330, 330, 330, 330, 100, 5, 0]||['s']
[330, 330, 330, 330, 100, 5, 0]||['s']
[330, 330, 330, 330, 100, 5, 0]||['s']
[330, 330, 330, 330, 100, 5, 0]||['s']
[330, 330, 330, 330, 100, 5, 0]||['s']
[330, 330, 330, 330, 100, 5, 0]||['s']
[330, 330, 330, 330, 100, 5, 0]||['s']
[330, 330, 330, 330, 100, 5, 0]||['s']
[330, 330, 330, 330, 100, 5, 0]||['s']
[330, 330, 330, 330, 100, 5, 0]||['s']
[330, 330, 330, 330, 100, 5, 0]||['s']
[330, 330, 330, 330, 100, 5, 0]||['s']
[330, 330, 330, 330, 100, 5, 0]||['s']
[330, 330, 330, 330, 100, 5, 0]||['s']
[330, 330, 330, 330, 100, 5, 0]||['s']
[330, 330, 330, 330, 100, 5, 0]||['s']
[330, 330, 330, 330, 100, 5, 0]||['s']
[330, 330, 330, 330, 100, 5, 0]||['s']
[330, 330, 330, 330, 100, 5, 0]||['s']
[330, 330, 330, 330, 100, 5, 0]||['s']
[330, 330, 330, 330, 100, 5, 0]||['s']
[330, 330, 330, 330, 100, 5, 0]||['s']
[330, 330, 330, 330, 100, 5, 0]||['s']
[330, 330, 330, 330, 100, 5, 0]||['s']
[330, 330, 330, 330, 100, 5, 0]||['s']
[330, 330, 330, 330, 100, 5, 0]||['s']
[330, 330, 330, 330, 100, 5, 0]||['s']
[330, 330, 330, 330, 100, 5, 0]||['s']
[330, 330, 330, 330, 100, 5, 0]||['s']
[330, 330, 330, 330, 100, 5, 0]||['s']
[330, 330, 330, 330, 100, 5, 0]||['s']
[330, 330, 330, 330, 100, 5, 0]||['s']
[330, 330, 330, 330, 100, 5, 0]||['s']
[330, 330, 330, 330, 100, 5, 0]||['s']
[330, 330, 330, 330, 100, 5, 0]||['s']
[330, 330, 330, 330, 100, 5, 0]||['s']
[330, 330, 330, 330, 100, 5, 0]||['s']
[330, 330, 330, 330, 100, 5, 0]||['s']
[330, 330, 330, 330, 100, 5, 0]||['s']
[330, 330, 330, 330, 100, 5, 0]||['s']
[330, 330, 330, 330, 100, 5, 0]||['s']
[330, 330, 330, 330, 100, 5, 0]||['s']
[330, 330, 330, 330, 100, 5, 0]||['s']
[330, 330, 330, 330, 100, 5, 0]||['s']
[330, 330, 330, 330, 100, 5, 0]||['s']
[330, 330, 330, 330, 100, 5, 0]||['s']
[330, 330, 330, 330, 100, 5, 0]||['s']
[330, 330, 330, 330, 100, 5, 0]||['s']
[330, 330, 330, 330, 100, 5, 0]||['s']
[330, 330, 330, 330, 100, 5, 0]||['s']
[330, 330, 330, 330, 100, 5, 0]||['s']
[330, 330, 330, 330, 100, 5, 0]||['s']
[330, 330, 330, 330, 100, 5, 0]||['s']
[330, 330, 330, 330, 100, 5, 0]||['s']
[330, 330, 330, 330, 100, 5, 0]||['s']
[330, 330, 330, 330, 100, 5, 0]||['s']
[330, 330, 330, 330, 100, 5, 0]||['s']
[330, 330, 330, 330, 100, 5, 0]||['s']
[330, 330, 330, 330, 100, 5, 0]||['s']
[330, 330, 330, 330, 100, 5, 0]||['s']
[330, 330, 330, 330, 100, 5, 0]||['s']
[330, 330, 330, 330, 100, 5, 0]||['s']
[330, 330, 330, 330, 100, 5, 0]||['s']
[330, 330, 330, 330, 100, 5, 0]||['s']
[330, 330, 330, 330, 100, 5, 0]||['s']
[330, 330, 330, 330, 100, 5, 0]||['s']
[330, 330, 330, 330, 100, 5, 0]||['s']
[330, 330, 330, 330, 100, 5, 0]||['s']
[330, 330, 330, 330, 100, 5, 0]||['s']
[330, 330, 330, 330, 100, 5, 0]||['s']
[330, 330, 330, 330, 100, 5, 0]||['s']
[330, 330, 330, 330, 100, 5, 0]||['s']
[330, 330, 330, 330, 100, 5, 0]||['s']
[330, 330, 330, 330, 100, 5, 0]||['s']
[330, 330, 330, 330, 100, 5, 0]||['s']
[330, 330, 330, 330, 100, 5, 0]||['s']
[330, 330, 330, 330, 100, 5, 0]||['s']
[330, 330, 330, 330, 100, 5, 0]||['s']
[330, 330, 330, 330, 100, 5, 0]||['s']
[330, 330, 330, 330, 100, 5, 0]||['s']
[322, 330, 330, 330, 100, 5, 0]||['s']
[317, 330, 330, 330, 100, 5, 0]||['s']
[312, 330, 330, 330, 100, 5, 0]||['s']
[308, 330, 330, 330, 100, 5, 0]||['s']
[303, 330, 330, 330, 100, 5, 0]||['s']
[298, 330, 330, 330, 100, 5, 0]||['s']
[293, 330, 330, 330, 100, 5, 0]||['s']
[288, 330, 330, 330, 100, 5, 0]||['s']
[283, 330, 330, 330, 100, 5, 0]||['s']
[278, 330, 330, 330, 100, 5, 0]||['s']
[274, 330, 330, 330, 100, 5, 0]||['s']
[269, 330, 330, 330, 100, 5, 0]||['s']
[264, 330, 330, 330, 100, 5, 0]||['s']
[259, 330, 330, 330, 100, 5, 0]||['s']
[254, 330, 330, 330, 100, 5, 0]||['s']
[250, 330, 330, 330, 100, 5, 0]||['s']
[245, 330, 330, 330, 100, 5, 0]||['s']
[240, 330, 330, 330, 100, 5, 0]||['s']
[235, 330, 330, 330, 100, 5, 0]||['s']
[230, 330, 330, 330, 100, 5, 0]||['s']
[226, 330, 330, 330, 100, 5, 0]||['s']
[221, 330, 330, 330, 100, 5, 0]||['s']
[216, 330, 330, 330, 100, 5, 0]||['s']
[211, 330, 330, 330, 100, 5, 0]||['s']
[207, 330, 330, 330, 100, 5, 0]||['s']
[202, 330, 330, 330, 100, 5, 0]||['s']
[197, 330, 330, 330, 100, 5, 0]||['s']
[193, 330, 330, 330, 100, 5, 0]||['s']
[188, 330, 330, 330, 100, 5, 0]||['s']
[183, 330, 330, 330, 100, 5, 0]||['s']
[179, 330, 330, 330, 100, 5, 0]||['s']
[174, 330, 330, 330, 100, 5, 0]||['s']
[170, 330, 330, 330, 100, 5, 0]||['s']
[165, 330, 330, 330, 100, 5, 0]||['s']
[161, 330, 330, 330, 100, 5, 0]||['s']
[156, 330, 330, 330, 100, 5, 0]||['s']
[152, 330, 330, 330, 100, 5, 0]||['s']
[147, 330, 330, 330, 100, 5, 0]||['s']
[143, 330, 330, 330, 100, 5, 0]||['s']
[138, 330, 330, 330, 100, 5, 0]||['s']
[134, 330, 330, 330, 100, 5, 0]||['s']
[130, 330, 330, 330, 100, 5, 0]||['s']
[126, 330, 330, 330, 100, 5, 0]||['s']
[122, 330, 330, 330, 100, 5, 0]||['s']
[118, 330, 330, 330, 100, 5, 0]||['s']
[114, 330, 330, 330, 100, 5, 0]||['s']
[110, 330, 330, 330, 100, 5, 0]||['s']
[106, 330, 330, 330, 100, 5, 0]||['s']
[102, 330, 330, 330, 100, 5, 0]||['s']
[98, 330, 330, 330, 100, 5, 0]||['s']
[95, 330, 330, 330, 100, 5, 0]||['s']
[92, 330, 330, 330, 100, 5, 0]||['s']
[89, 330, 330, 330, 100, 5, 0]||['s']
[86, 330, 330, 330, 100, 5, 0]||['s']
[83, 330, 330, 330, 100, 5, 0]||['s']
[80, 330, 330, 330, 100, 5, 0]||['s']
[78, 330, 330, 330, 100, 5, 0]||['s']
[76, 330, 330, 330, 100, 5, 0]||['s']
[74, 330, 330, 330, 100, 5, 0]||['s']
[72, 330, 330, 330, 100, 5, 0]||['s']
[71, 330, 330, 330, 100, 5, 0]||['s']
[70, 330, 330, 330, 100, 5, 0]||['s']
[70, 330, 330, 330, 100, 5, 0]||['s']
[70, 330, 330, 330, 100, 5, 0]||[]
[70, 330, 330, 330, 100, 5, 0]||[]
[70, 330, 330, 330, 100, 5, 0]||[]
[70, 330, 330, 330, 100, 5, 0]||[]
[70, 330, 330, 330, 100, 5, 0]||[]
[70, 330, 330, 330, 100, 5, 0]||[]
[70, 330, 330, 330, 100, 5, 0]||[]
[70, 330, 330, 330, 100, 5, 0]||[]
[70, 330, 330, 330, 100, 5, 0]||[]
[70, 330, 330, 330, 100, 5, 0]||[]
[70, 330, 330, 330, 100, 5, 0]||[]
[70, 330, 330, 330, 100, 5, 0]||[]
[70, 330, 330, 330, 100, 5, 0]||['d']
[65, 330, 330, 330, 100, 5, 0]||['d']
[60, 330, 330, 330, 100, 5, 0]||['d']
[55, 330, 330, 330, 100, 5, 0]||['d']
[50, 330, 330, 330, 100, 5, 0]||['d']
[45, 330, 330, 330, 100, 5, 0]||['d']
[40, 330, 330, 330, 100, 5, 0]||['d']
[35, 330, 330, 330, 100, 5, 0]||['d']
[30, 330, 330, 330, 100, 5, 0]||['d']
[30, 330, 330, 330, 100, 5, 0]||
