[330, 330, 330, 330, 100, 0, 0]||[]
[330, 330, 330, 330, 100, 0, 0]||[]
[330, 330, 330, 330, 100, 0, 0]||[]
[330, 330, 330, 330, 100, 0, 0]||[]
[330, 330, 330, 330, 100, 0, 0]||[]
[330, 330, 330, 330, 100, 0, 0]||[]
[330, 330, 330, 330, 100, 0, 0]||[]
[330, 330, 330, 330, 100, 0, 0]||[]
[330, 330, 330, 330, 100, 0, 0]||[]
[330, 330, 330, 330, 100, 0, 0]||[]
[330, 330, 330, 330, 100, 0, 0]||[]
[330, 330, 330, 330, 100, 0, 0]||[]
[330, 330, 330, 330, 100, 0, 0]||[]
[330, 330, 330, 330, 100, 0, 0]||[]
[330, 330, 330, 330, 100, 0, 0]||[]
[330, 330, 330, 330, 100, 0, 0]||[]
[330, 330, 330, 330, 100, 0, 0]||[]
[330, 330, 330, 330, 100, 0, 0]||[]
[330, 330, 330, 330, 100, 0, 0]||[]
[330, 330, 330, 330, 100, 0, 0]||[]
[330, 330, 330, 330, 100, 0, 0]||['d']
[330, 330, 330, 330, 100, 0, 0]||['d']
[330, 330, 330, 330, 100, 0, 0]||['d']
[330, 330, 330, 330, 100, 0, 0]||['d']
[330, 330, 330, 330, 100, 0, 0]||['d']
[330, 330, 330, 330, 100, 0, 0]||['d']
[330, 330, 330, 330, 100, 0, 0]||['d']
[330, 330, 330, 330, 100, 0, 0]||['d']
[330, 330, 330, 330, 100, 0, 0]||['d']
[330, 330, 330, 330, 100, 0, 0]||['d']
[330, 330, 330, 330, 100, 0, 0]||['d']
[330, 330, 330, 330, 100, 0, 0]||['d']
[330, 330, 330, 330, 100, 0, 0]||['d']
[330, 330, 330, 330, 100, 0, 0]||['d']
[330, 330, 330, 330, 100, 0, 0]||['d']
[330, 330, 330, 330, 100, 0, 0]||[]
[330, 330, 330, 330, 100, 0, 0]||['d']
[330, 330, 330, 330, 100, 0, 0]||['d']
[330, 330, 330, 330, 100, 0, 0]||['d']
[330, 330, 330, 330, 100, 0, 0]||['d']
[330, 330, 330, 330, 100, 0, 0]||['d']
[330, 330, 330, 330, 100, 0, 0]||['d']
[330, 330, 330, 330, 100, 0, 0]||['d']
[330, 330, 330, 330, 100, 0, 0]||['d']
[330, 330, 330, 330, 100, 0, 0]||[]
[330, 330, 330, 330, 100, 0, 0]||[]
[330, 330, 330, 330, 100, 0, 0]||[]
[330, 330, 330, 330, 100, 0, 0]||[]
[330, 330, 330, 330, 100, 0, 0]||[]
[330, 330, 330, 330, 100, 0, 0]||[]
[330, 330, 330, 330, 100, 0, 0]||['d']
[330, 330, 330, 330, 100, 0, 0]||['d']
[330, 330, 330, 330, 100, 0, 0]||['d']
[330, 330, 330, 330, 100, 0, 0]||['d']
[330, 330, 330, 330, 100, 0, 0]||['d']
[330, 330, 330, 330, 100, 0, 0]||['d']
[330, 330, 330, 330, 100, 0, 0]||['d']
[330, 330, 330, 330, 100, 0, 0]||['d']
[330, 330, 330, 330, 100, 0, 0]||['d']
[330, 330, 330, 330, 100, 0, 0]||['d']
[330, 330, 330, 330, 100, 0, 0]||['d']
[330, 330, 330, 330, 100, 0, 0]||['d']
[330, 330, 330, 330, 100, 0, 0]||['d']
[330, 330, 330, 330, 100, 0, 0]||['d']
[330, 330, 330, 330, 100, 0, 0]||['d']
[330, 330, 330, 330, 100, 0, 0]||['d']
[330, 330, 330, 330, 100, 0, 0]||['d']
[330, 330, 330, 330, 100, 0, 0]||['d']
[330, 330, 330, 330, 100, 0, 0]||['d']
[330, 330, 330, 330, 100, 0, 0]||['d']
[330, 330, 330, 330, 100, 0, 0]||['d']
[330, 330, 330, 330, 100, 0, 0]||['d']
[330, 330, 330, 330, 100, 0, 0]||['d']
[330, 330, 330, 330, 100, 0, 0]||['d']
[330, 330, 330, 330, 100, 0, 0]||['d']
[330, 330, 330, 330, 100, 0, 0]||['d']
[330, 330, 330, 330, 100, 0, 0]||['d']
[330, 330, 330, 330, 100, 0, 0]||['d']
[330, 330, 330, 330, 100, 0, 0]||['d']
[330, 330, 330, 330, 100, 0, 0]||['d']
[330, 330, 330, 330, 100, 0, 0]||['d']
[330, 330, 330, 330, 100, 0, 0]||['d']
[330, 330, 330, 330, 100, 0, 0]||['d']
[330, 330, 330, 330, 100, 0, 0]||['d']
[330, 330, 330, 330, 100, 0, 0]||['d']
[330, 330, 330, 330, 100, 0, 0]||['d']
[330, 330, 330, 330, 100, 0, 0]||['d']
[330, 330, 330, 330, 100, 0, 0]||['d']
[330, 330, 330, 330, 100, 0, 0]||['d']
[330, 330, 330, 330, 100, 0, 0]||['d']
[330, 330, 330, 330, 100, 0, 0]||[]
[330, 330, 330, 330, 100, 0, 0]||[]
[330, 330, 330, 330, 100, 0, 0]||[]
[330, 330, 330, 330, 100, 0, 0]||[]
[330, 330, 330, 330, 100, 0, 0]||[]
[330, 330, 330, 330, 100, 0, 0]||[]
[330, 330, 330, 330, 100, 0, 0]||[]
[330, 330, 330, 330, 100, 0, 0]||[]
[330, 330, 330, 330, 100, 0, 0]||[]
[330, 330, 330, 330, 100, 0, 0]||[]
[330, 330, 330, 330, 100, 0, 0]||[]
[330, 330, 330, 330, 100, 0, 0]||[]
[330, 330, 330, 330, 100, 0, 0]||[]
[330, 330, 330, 330, 100, 0, 0]||[]
[330, 330, 330, 330, 100, 0, 0]||[]
[330, 330, 330, 330, 100, 0, 0]||[]
[330, 330, 330, 330, 100, 0, 0]||[]
[330, 330, 330, 330, 100, 0, 0]||[]
[330, 330, 330, 330, 100, 0, 0]||[]
[330, 330, 330, 330, 100, 0, 0]||[]
[330, 330, 330, 330, 100, 0, 0]||[]
[330, 330, 330, 330, 100, 0, 0]||[]
[330, 330, 330, 330, 100, 0, 0]||[]
[330, 330, 330, 330, 100, 0, 0]||[]
[330, 330, 330, 330, 100, 0, 0]||[]
[330, 330, 330, 330, 100, 0, 0]||[]
[330, 330, 330, 330, 100, 0, 0]||[]
[330, 330, 330, 330, 100, 0, 0]||[]
[330, 330, 330, 330, 100, 0, 0]||[]
[330, 330, 330, 330, 100, 0, 0]||[]
[330, 330, 330, 330, 100, 0, 0]||[]
[330, 330, 330, 330, 100, 0, 0]||[]
[330, 330, 330, 330, 100, 0, 0]||[]
[330, 330, 330, 330, 100, 0, 0]||[]
[330, 330, 330, 330, 100, 0, 0]||[]
[330, 330, 330, 330, 100, 0, 0]||[]
[330, 330, 330, 330, 100, 0, 0]||[]
[330, 330, 330, 330, 100, 0, 0]||['d']
[330, 330, 330, 330, 100, 0, 0]||['d']
[330, 330, 330, 330, 100, 0, 0]||['d']
[330, 330, 330, 315, 100, 0, 0]||[]
[330, 330, 330, 315, 100, 0, 0]||[]
[330, 330, 330, 315, 100, 0, 0]||[]
[330, 330, 330, 315, 100, 0, 0]||[]
[330, 330, 330, 315, 100, 0, 0]||[]
[330, 330, 330, 315, 100, 0, 0]||[]
[330, 330, 330, 315, 100, 0, 0]||[]
[330, 330, 330, 315, 100, 0, 0]||[]
[330, 330, 330, 315, 100, 0, 0]||[]
[330, 330, 330, 315, 100, 0, 0]||[]
[330, 330, 330, 315, 100, 0, 0]||[]
[330, 330, 330, 315, 100, 0, 0]||[]
[330, 330, 330, 315, 100, 0, 0]||['d']
[330, 330, 330, 310, 100, 0, 0]||['d']
[330, 330, 330, 305, 100, 0, 0]||['d']
[330, 330, 330, 300, 100, 0, 0]||[]
[330, 330, 330, 300, 100, 0, 0]||[]
[330, 330, 330, 300, 100, 0, 0]||[]
[330, 330, 330, 300, 100, 0, 0]||[]
[330, 330, 330, 300, 100, 0, 0]||['d']
[330, 330, 330, 295, 100, 0, 0]||['d']
[330, 330, 330, 290, 100, 0, 0]||['d']
[330, 330, 330, 285, 100, 0, 0]||[]
[330, 330, 330, 285, 100, 0, 0]||[]
[330, 330, 330, 285, 100, 0, 0]||[]
[330, 330, 330, 285, 100, 0, 0]||[]
[330, 330, 330, 285, 100, 0, 0]||['d']
[330, 328, 330, 280, 100, 0, 0]||['d']
[330, 324, 330, 275, 100, 0, 0]||['d']
[330, 320, 330, 270, 100, 0, 0]||['d']
[330, 316, 330, 265, 100, 0, 0]||['d']
[330, 312, 330, 260, 100, 0, 0]||['d']
[330, 308, 330, 255, 100, 0, 0]||[]
[330, 308, 330, 255, 100, 0, 0]||[]
[330, 308, 330, 255, 100, 0, 0]||[]
[330, 308, 330, 255, 100, 0, 0]||['d']
[330, 304, 330, 250, 100, 0, 0]||['d']
[330, 300, 330, 245, 100, 0, 0]||[]
[330, 300, 330, 245, 100, 0, 0]||[]
[330, 300, 330, 245, 100, 0, 0]||['d']
[330, 296, 330, 240, 100, 0, 0]||['d']
[330, 292, 330, 235, 100, 0, 0]||['d']
[330, 288, 330, 230, 100, 0, 0]||['d']
[330, 284, 330, 225, 100, 0, 0]||[]
[330, 284, 330, 225, 100, 0, 0]||[]
[330, 284, 330, 225, 100, 0, 0]||[]
[330, 284, 330, 225, 100, 0, 0]||[]
[330, 284, 330, 225, 100, 0, 0]||[]
[330, 284, 330, 225, 100, 0, 0]||[]
[330, 284, 330, 225, 100, 0, 0]||[]
[330, 284, 330, 225, 100, 0, 0]||[]
[330, 284, 330, 225, 100, 0, 0]||[]
[330, 284, 330, 225, 100, 0, 0]||[]
[330, 284, 330, 225, 100, 0, 0]||[]
[330, 284, 330, 225, 100, 0, 0]||[]
[330, 284, 330, 225, 100, 0, 0]||[]
[330, 284, 330, 225, 100, 0, 0]||[]
[330, 284, 330, 225, 100, 0, 0]||[]
[330, 284, 330, 225, 100, 0, 0]||['d']
[330, 280, 330, 220, 100, 0, 0]||['d']
[330, 276, 330, 215, 100, 0, 0]||['d']
[330, 272, 330, 210, 100, 0, 0]||['d']
[330, 269, 330, 205, 100, 0, 0]||['d']
[330, 265, 330, 200, 100, 0, 0]||['d']
[330, 261, 330, 195, 100, 0, 0]||['d']
[330, 258, 330, 190, 100, 0, 0]||['d']
[330, 254, 330, 185, 100, 0, 0]||['d']
[330, 251, 330, 180, 100, 0, 0]||['d']
[330, 247, 330, 175, 100, 0, 0]||['d']
[330, 244, 330, 170, 100, 0, 0]||['d']
[330, 240, 330, 165, 100, 0, 0]||['d']
[330, 237, 330, 160, 100, 0, 0]||['d']
[330, 234, 330, 155, 100, 0, 0]||['d']
[330, 231, 330, 150, 100, 0, 0]||['d']
[330, 228, 330, 145, 100, 0, 0]||['d']
[330, 225, 330, 140, 100, 0, 0]||['d']
[330, 222, 330, 135, 100, 0, 0]||['d']
[330, 219, 330, 130, 100, 0, 0]||['d']
[330, 216, 330, 125, 100, 0, 0]||['d']
[330, 213, 330, 120, 100, 0, 0]||['d']
[330, 210, 330, 115, 100, 0, 0]||['d']
[330, 208, 330, 110, 100, 0, 0]||['d']
[330, 205, 330, 105, 100, 0, 0]||['d']
[330, 203, 330, 100, 100, 0, 0]||['d']
[330, 201, 330, 95, 100, 0, 0]||['d']
[330, 199, 330, 90, 100, 0, 0]||['d']
[330, 195, 330, 85, 100, 0, 0]||['d']
[330, 192, 330, 80, 100, 0, 0]||['d']
[330, 189, 330, 75, 100, 0, 0]||['d']
[330, 186, 330, 70, 100, 0, 0]||['d']
[330, 184, 330, 65, 100, 0, 0]||['d']
[330, 181, 330, 60, 100, 0, 0]||['d']
[330, 179, 330, 55, 100, 0, 0]||['d']
[330, 177, 330, 50, 100, 0, 0]||['d']
[330, 174, 330, 45, 100, 0, 0]||['d']
[330, 172, 330, 40, 100, 0, 0]||['d']
[330, 170, 330, 35, 100, 0, 0]||['d']
[330, 169, 330, 30, 100, 0, 0]||['d']
[330, 167, 330, 330, 100, 0, 0]||['d']
[330, 166, 330, 330, 100, 0, 0]||['d']
[330, 165, 330, 330, 100, 0, 0]||['d']
[330, 164, 330, 330, 100, 0, 0]||['d']
[330, 163, 330, 330, 100, 0, 0]||['d']
[330, 162, 330, 330, 100, 0, 0]||['d']
[330, 161, 330, 330, 100, 0, 0]||['d']
[330, 161, 330, 330, 100, 0, 0]||['d']
[330, 160, 330, 330, 100, 0, 0]||['d']
[330, 160, 330, 330, 100, 0, 0]||['d']
[330, 160, 330, 330, 100, 0, 0]||['d']
[330, 160, 330, 330, 100, 0, 0]||['d']
[330, 160, 330, 330, 100, 0, 0]||['d']
[330, 161, 330, 330, 100, 0, 0]||['d']
[330, 161, 330, 330, 100, 0, 0]||['d']
[330, 162, 330, 330, 100, 0, 0]||['d']
[330, 162, 330, 330, 100, 0, 0]||['d']
[330, 163, 330, 330, 100, 0, 0]||['d']
[330, 165, 330, 330, 100, 0, 0]||['d']
[330, 166, 330, 330, 100, 0, 0]||['d']
[330, 168, 330, 330, 100, 0, 0]||['d']
[330, 169, 330, 330, 100, 0, 0]||['d']
[330, 170, 330, 330, 100, 0, 0]||['d']
[330, 172, 330, 330, 100, 0, 0]||['d']
[330, 173, 330, 330, 100, 0, 0]||['d']
[330, 175, 330, 330, 100, 0, 0]||['d']
[330, 178, 330, 330, 100, 0, 0]||['d']
[330, 180, 330, 330, 100, 0, 0]||['d']
[330, 181, 330, 330, 100, 0, 0]||['d']
[330, 183, 330, 330, 100, 0, 0]||['d']
[330, 186, 330, 330, 100, 0, 0]||['d']
[330, 188, 330, 330, 100, 0, 0]||['d']
[330, 190, 330, 330, 100, 0, 0]||['d']
[330, 193, 330, 330, 100, 0, 0]||['d']
[330, 195, 330, 330, 100, 0, 0]||['d']
[330, 198, 330, 330, 100, 0, 0]||['d']
[330, 201, 330, 330, 100, 0, 0]||['d']
[330, 204, 330, 330, 100, 0, 0]||['d']
[330, 208, 330, 330, 100, 0, 0]||['d']
[330, 212, 330, 330, 100, 0, 0]||['d']
[330, 216, 330, 330, 100, 0, 0]||['d']
[330, 220, 330, 330, 100, 0, 0]||['d']
[330, 224, 330, 330, 100, 0, 0]||['d']
[330, 228, 330, 330, 100, 0, 0]||['d']
[330, 232, 330, 330, 100, 0, 0]||['d']
[330, 236, 330, 330, 100, 0, 0]||['d']
[330, 240, 330, 330, 100, 0, 0]||['d']
[330, 244, 330, 330, 100, 0, 0]||['d']
[330, 248, 330, 330, 100, 0, 0]||['d']
[330, 253, 330, 330, 100, 0, 0]||['d']
[330, 257, 330, 330, 100, 0, 0]||['d']
[330, 261, 330, 330, 100, 0, 0]||['d']
[330, 265, 330, 330, 100, 0, 0]||['d']
[330, 270, 330, 330, 100, 0, 0]||['d']
[330, 274, 330, 330, 100, 0, 0]||['d']
[330, 278, 330, 330, 100, 0, 0]||['d']
[330, 283, 330, 330, 100, 0, 0]||['d']
[330, 287, 330, 330, 100, 0, 0]||['d']
[330, 292, 330, 330, 100, 0, 0]||['d']
[330, 296, 330, 330, 100, 0, 0]||['d']
[330, 300, 330, 330, 100, 0, 0]||['d']
[330, 305, 330, 330, 100, 0, 0]||['d']
[330, 309, 330, 330, 100, 0, 0]||['d']
[330, 314, 330, 330, 100, 0, 0]||['d']
[330, 318, 330, 330, 100, 0, 0]||['d']
[330, 322, 330, 330, 100, 0, 0]||['d']
[330, 327, 330, 330, 100, 0, 0]||['d']
[330, 330, 330, 330, 100, 0, 0]||['d']
[330, 330, 330, 330, 100, 0, 0]||['d']
[330, 330, 330, 330, 100, 0, 0]||['d']
[330, 330, 330, 330, 100, 0, 0]||['d']
[330, 330, 330, 330, 100, 0, 0]||['d']
[330, 330, 330, 330, 100, 0, 0]||['d']
[330, 330, 330, 330, 100, 0, 0]||['d']
[330, 330, 330, 330, 100, 0, 0]||['d']
[330, 330, 330, 330, 100, 0, 0]||['d']
[330, 330, 330, 330, 100, 0, 0]||['d']
[330, 330, 330, 330, 100, 0, 0]||['d']
[330, 330, 330, 330, 100, 0, 0]||['d']
[330, 330, 330, 330, 100, 0, 0]||['d']
[330, 330, 330, 330, 100, 0, 0]||['d']
[330, 330, 330, 330, 100, 0, 0]||['d']
[330, 330, 330, 330, 100, 0, 0]||['d']
[330, 330, 330, 330, 100, 0, 0]||['d']
[330, 330, 330, 330, 100, 0, 0]||['d']
[330, 330, 330, 330, 100, 0, 0]||['d']
[330, 330, 330, 330, 100, 0, 0]||['d']
[330, 330, 330, 330, 100, 0, 0]||[]
[330, 330, 330, 330, 100, 0, 0]||[]
[330, 330, 330, 330, 100, 0, 0]||[]
[330, 330, 330, 330, 100, 0, 0]||[]
[330, 330, 330, 330, 100, 0, 0]||[]
[330, 330, 330, 330, 100, 0, 0]||[]
[330, 330, 330, 330, 100, 0, 0]||[]
[330, 330, 330, 330, 100, 0, 0]||[]
[330, 330, 330, 330, 100, 0, 0]||[]
[330, 330, 330, 330, 100, 0, 0]||[]
[330, 330, 330, 330, 100, 0, 0]||['d']
[330, 330, 330, 330, 100, 0, 0]||['d']
[330, 330, 330, 330, 100, 0, 0]||['d']
[330, 330, 330, 330, 100, 0, 0]||[]
[330, 330, 330, 330, 100, 0, 0]||[]
[330, 330, 330, 330, 100, 0, 0]||[]
[330, 330, 330, 330, 100, 0, 0]||[]
[330, 330, 330, 330, 100, 0, 0]||[]
[330, 330, 330, 330, 100, 0, 0]||['d']
[330, 330, 330, 330, 100, 0, 0]||['d']
[330, 330, 330, 330, 100, 0, 0]||['d']
[330, 330, 330, 330, 100, 0, 0]||['d']
[330, 330, 330, 330, 100, 0, 0]||['d']
[330, 330, 330, 330, 100, 0, 0]||[]
[330, 330, 330, 330, 100, 0, 0]||[]
[330, 330, 330, 330, 100, 0, 0]||[]
[330, 330, 330, 330, 100, 0, 0]||[]
[330, 330, 330, 330, 100, 0, 0]||[]
[330, 330, 330, 330, 100, 0, 0]||[]
[330, 330, 330, 330, 100, 0, 0]||[]
[330, 330, 330, 330, 100, 0, 0]||[]
[330, 330, 330, 330, 100, 0, 0]||[]
[330, 330, 330, 330, 100, 0, 0]||[]
[330, 330, 330, 330, 100, 0, 0]||[]
[330, 330, 330, 330, 100, 0, 0]||[]
[330, 330, 330, 330, 100, 0, 0]||[]
[330, 330, 330, 330, 100, 0, 0]||[]
[330, 330, 330, 330, 100, 0, 0]||[]
[330, 330, 330, 330, 100, 0, 0]||[]
[330, 330, 330, 330, 100, 0, 0]||['d']
[330, 330, 330, 330, 100, 0, 0]||['d']
[330, 330, 330, 330, 100, 0, 0]||['d']
[330, 330, 330, 330, 100, 0, 0]||[]
[330, 330, 330, 330, 100, 0, 0]||[]
[330, 330, 330, 330, 100, 0, 0]||[]
[330, 330, 330, 330, 100, 0, 0]||['s']
[330, 330, 330, 330, 100, 0, 0]||['s']
[330, 330, 330, 330, 100, 0, 0]||['s']
[330, 330, 330, 330, 100, 0, 0]||['s']
[330, 330, 330, 330, 100, 0, 0]||['s']
[330, 330, 330, 330, 100, 0, 0]||['s']
[330, 330, 330, 330, 100, 0, 0]||['s']
[330, 330, 330, 330, 100, 0, 0]||['s']
[330, 330, 330, 330, 100, 0, 0]||['s']
[330, 330, 330, 330, 100, 0, 0]||['s']
[330, 330, 330, 330, 100, 0, 0]||['s']
[330, 330, 330, 330, 100, 0, 0]||['s']
[330, 330, 330, 330, 100, 0, 0]||['s']
[330, 330, 330, 330, 100, 0, 0]||['s']
[330, 330, 330, 330, 100, 0, 0]||['s']
[330, 330, 330, 330, 100, 0, 0]||['s']
[330, 330, 330, 330, 100, 0, 0]||['s']
[330, 330, 330, 330, 100, 0, 0]||['s']
[330, 330, 330, 330, 100, 0, 0]||['s']
[330, 330, 330, 330, 100, 0, 0]||['s']
[330, 330, 330, 330, 100, 0, 0]||['s']
[330, 330, 330, 330, 100, 0, 0]||['s']
[330, 330, 330, 330, 100, 0, 0]||['s']
[330, 330, 330, 330, 100, 0, 0]||['s']
[330, 330, 330, 330, 100, 0, 0]||['s']
[330, 330, 330, 330, 100, 0, 0]||['s']
[330, 330, 330, 330, 100, 0, 0]||['s']
[330, 330, 330, 330, 100, 0, 0]||['s']
[330, 330, 330, 330, 100, 0, 0]||['s']
[330, 330, 330, 330, 100, 0, 0]||['s']
[330, 330, 330, 330, 100, 0, 0]||['s']
[330, 330, 330, 330, 100, 0, 0]||['s']
[330, 330, 330, 330, 100, 0, 0]||['s']
[330, 330, 330, 330, 100, 0, 0]||['s']
[330, 330, 330, 330, 100, 0, 0]||['s']
[330, 330, 330, 330, 100, 0, 0]||['s']
[330, 330, 330, 330, 100, 0, 0]||['s']
[330, 330, 330, 330, 100, 0, 0]||['s']
[330, 330, 330, 330, 100, 0, 0]||['s']
[330, 330, 330, 330, 100, 0, 0]||['s']
[330, 330, 330, 330, 100, 0, 0]||['s']
[330, 330, 330, 330, 100, 0, 0]||['s']
[330, 330, 330, 330, 100, 0, 0]||['s']
[330, 330, 330, 330, 100, 0, 0]||['s']
[330, 330, 330, 330, 100, 0, 0]||['s']
[330, 330, 330, 330, 100, 0, 0]||['s']
[330, 330, 330, 330, 100, 0, 0]||['s']
[330, 330, 330, 330, 100, 0, 0]||['s']
[330, 330, 330, 330, 100, 0, 0]||['s']
[330, 330, 330, 330, 100, 0, 0]||['s']
[330, 330, 330, 330, 100, 0, 0]||['s']
[330, 330, 330, 330, 100, 0, 0]||['s']
[330, 330, 330, 330, 100, 0, 0]||['s']
[330, 330, 330, 330, 100, 0, 0]||['s']
[330, 330, 330, 330, 100, 0, 0]||['s']
[330, 330, 330, 330, 100, 0, 0]||['s']
[330, 330, 330, 330, 100, 0, 0]||['s']
[330, 330, 330, 330, 100, 0, 0]||['s']
[330, 330, 330, 330, 100, 0, 0]||['s']
[330, 330, 330, 330, 100, 0, 0]||['s']
[330, 330, 330, 330, 100, 0, 0]||['s']
[330, 330, 330, 330, 100, 0, 0]||['s']
[330, 330, 330, 330, 100, 0, 0]||['s']
[330, 330, 330, 330, 100, 0, 0]||['s']
[330, 330, 330, 330, 100, 0, 0]||['s']
[330, 330, 330, 330, 100, 0, 0]||['s']
[330, 330, 330, 330, 100, 0, 0]||['s']
[330, 330, 330, 330, 100, 0, 0]||['s']
[330, 330, 330, 330, 100, 0, 0]||[]
[330, 330, 330, 330, 100, 0, 0]||['s']
[330, 330, 330, 330, 100, 0, 0]||[]
[330, 330, 330, 330, 100, 0, 0]||['d']
[330, 330, 330, 330, 100, 0, 0]||['d']
[330, 330, 330, 330, 100, 0, 0]||['d']
[330, 330, 330, 330, 100, 0, 0]||['d']
[330, 330, 330, 330, 100, 0, 0]||['d']
[330, 330, 330, 330, 100, 0, 0]||['d']
[330, 330, 330, 330, 100, 0, 0]||['d']
[330, 330, 330, 330, 100, 0, 0]||['d']
[330, 330, 330, 330, 100, 0, 0]||['d']
[330, 330, 330, 330, 100, 0, 0]||['d']
[330, 330, 330, 330, 100, 0, 0]||['d']
[330, 330, 330, 330, 100, 0, 0]||['d']
[330, 330, 330, 330, 100, 0, 0]||['d']
[330, 330, 330, 330, 100, 0, 0]||['d']
[330, 330, 330, 330, 100, 0, 0]||['d']
[330, 330, 330, 330, 100, 0, 0]||['d']
[330, 330, 330, 330, 100, 0, 0]||['d']
[330, 330, 330, 330, 100, 0, 0]||['d']
[330, 330, 330, 330, 100, 0, 0]||['d']
[330, 330, 330, 330, 100, 0, 0]||['d']
[330, 330, 330, 330, 100, 0, 0]||['d']
[330, 330, 330, 330, 100, 0, 0]||['d']
[330, 330, 330, 330, 100, 0, 0]||['d']
[330, 330, 330, 330, 100, 0, 0]||['d']
[330, 330, 330, 330, 100, 0, 0]||['d']
[330, 330, 330, 330, 100, 0, 0]||['d']
[330, 330, 330, 330, 100, 0, 0]||['d']
[330, 330, 330, 330, 100, 0, 0]||['d']
[330, 330, 330, 330, 100, 0, 0]||['d']
[330, 330, 330, 330, 100, 0, 0]||['d']
[330, 330, 330, 330, 100, 0, 0]||['d']
[330, 330, 330, 330, 100, 0, 0]||['d']
[330, 330, 330, 330, 100, 0, 0]||['d']
[330, 330, 330, 330, 100, 0, 0]||['d']
[330, 330, 330, 330, 100, 0, 0]||['d']
[330, 330, 330, 330, 100, 0, 0]||['d']
[330, 330, 330, 330, 100, 0, 0]||['d']
[330, 330, 330, 330, 100, 0, 0]||['d']
[330, 330, 330, 330, 100, 0, 0]||['d']
[330, 330, 330, 330, 100, 0, 0]||['d']
[330, 330, 330, 330, 100, 0, 0]||['d']
[330, 330, 330, 330, 100, 0, 0]||['d']
[330, 330, 330, 330, 100, 0, 0]||['d']
[330, 330, 330, 330, 100, 0, 0]||['d']
[330, 330, 330, 330, 100, 0, 0]||['d']
[330, 330, 330, 330, 100, 0, 0]||['d']
[330, 330, 330, 330, 100, 0, 0]||['d']
[330, 330, 330, 330, 100, 0, 0]||['d']
[330, 330, 330, 330, 100, 0, 0]||['d']
[330, 330, 330, 330, 100, 0, 0]||['d']
[330, 330, 330, 330, 100, 0, 0]||['d']
[330, 330, 330, 330, 100, 0, 0]||['d']
[330, 330, 330, 330, 100, 0, 0]||['d']
[330, 330, 330, 330, 100, 0, 0]||['d']
[330, 330, 330, 330, 100, 0, 0]||['d']
[330, 330, 330, 330, 100, 0, 0]||['d']
[330, 330, 330, 330, 100, 0, 0]||['d']
[330, 330, 330, 330, 100, 0, 0]||['d']
[330, 330, 330, 330, 100, 0, 0]||['d']
[330, 330, 330, 330, 100, 0, 0]||['d']
[330, 330, 330, 330, 100, 0, 0]||['d']
[330, 330, 330, 330, 100, 0, 0]||['d']
[330, 330, 330, 330, 100, 0, 0]||['d']
[330, 330, 330, 330, 100, 0, 0]||['d']
[330, 330, 330, 330, 100, 0, 0]||['d']
[330, 330, 330, 330, 100, 0, 0]||['d']
[330, 330, 330, 330, 100, 0, 0]||['d']
[330, 330, 330, 330, 100, 0, 0]||['d']
[330, 330, 330, 330, 100, 0, 0]||['d']
[330, 330, 330, 330, 100, 0, 0]||['d']
[330, 330, 330, 330, 100, 0, 0]||['d']
[330, 330, 330, 330, 100, 0, 0]||['d']
[330, 330, 330, 330, 100, 0, 0]||['d']
[330, 330, 330, 330, 100, 0, 0]||['d']
[330, 330, 330, 330, 100, 0, 0]||['d']
[330, 330, 330, 330, 100, 0, 0]||['d']
[330, 330, 330, 330, 100, 0, 0]||['d']
[330, 330, 330, 330, 100, 0, 0]||['d']
[330, 330, 330, 330, 100, 0, 0]||['d']
[330, 330, 330, 330, 100, 0, 0]||['d']
[330, 330, 330, 330, 100, 0, 0]||['d']
[330, 330, 330, 330, 100, 0, 0]||['d']
[330, 330, 330, 330, 100, 0, 0]||['d']
[330, 330, 330, 330, 100, 0, 0]||['d']
[330, 330, 330, 330, 100, 0, 0]||['d']
[330, 330, 330, 330, 100, 0, 0]||['d']
[330, 330, 330, 330, 100, 0, 0]||['d']
[330, 330, 330, 330, 100, 0, 0]||['d']
[330, 330, 330, 330, 100, 0, 0]||['d']
[330, 330, 330, 330, 100, 0, 0]||['d']
[330, 330, 330, 330, 100, 0, 0]||['d']
[330, 330, 330, 330, 100, 0, 0]||['d']
[330, 330, 330, 330, 100, 0, 0]||['d']
[330, 330, 330, 330, 100, 0, 0]||['d']
[330, 330, 330, 330, 100, 0, 0]||['d']
[330, 330, 330, 330, 100, 0, 0]||['d']
[330, 330, 330, 330, 100, 0, 0]||['d']
[330, 330, 330, 330, 100, 0, 0]||['d']
[330, 330, 330, 330, 100, 0, 0]||['d']
[330, 330, 330, 330, 100, 0, 0]||['d']
[330, 330, 330, 330, 100, 0, 0]||['d']
[330, 330, 330, 330, 100, 0, 0]||['d']
[330, 330, 330, 330, 100, 0, 0]||['d']
[330, 330, 330, 330, 100, 0, 0]||['d']
[330, 330, 330, 330, 100, 0, 0]||['d']
[330, 330, 330, 330, 100, 0, 0]||['d']
[330, 330, 330, 330, 100, 0, 0]||['d']
[330, 330, 330, 330, 100, 0, 0]||['d']
[330, 330, 330, 330, 100, 0, 0]||['d']
[330, 330, 330, 330, 100, 0, 0]||['d']
[330, 330, 330, 330, 100, 0, 0]||['d']
[330, 330, 330, 330, 100, 0, 0]||['d']
[330, 330, 330, 330, 100, 0, 0]||['d']
[330, 330, 330, 330, 100, 0, 0]||['d']
[330, 330, 330, 330, 100, 0, 0]||['d']
[330, 330, 330, 330, 100, 0, 0]||['d']
[330, 330, 330, 330, 100, 0, 0]||['d']
[330, 330, 330, 330, 100, 0, 0]||['d']
[330, 330, 330, 330, 100, 0, 0]||['d']
[330, 330, 330, 330, 100, 0, 0]||['d']
[330, 330, 330, 330, 100, 0, 0]||['d']
[330, 330, 330, 330, 100, 0, 0]||['d']
[330, 330, 330, 330, 100, 0, 0]||['d']
[330, 330, 330, 330, 100, 0, 0]||['d']
[330, 330, 330, 330, 100, 0, 0]||['d']
[330, 330, 330, 330, 100, 0, 0]||['d']
[330, 330, 330, 330, 100, 0, 0]||['d']
[330, 330, 330, 330, 100, 0, 0]||['d']
[330, 330, 330, 330, 100, 0, 0]||['d']
[330, 330, 330, 330, 100, 0, 0]||['d']
[330, 330, 330, 330, 100, 0, 0]||['d']
[330, 330, 330, 330, 100, 0, 0]||['d']
[330, 330, 330, 330, 100, 0, 0]||['d']
[330, 330, 330, 330, 100, 0, 0]||['d']
[330, 330, 330, 330, 100, 0, 0]||['d']
[330, 330, 330, 330, 100, 0, 0]||['d']
[330, 330, 330, 330, 100, 0, 0]||['d']
[330, 330, 330, 330, 100, 0, 0]||['d']
[330, 330, 330, 330, 100, 0, 0]||['d']
[330, 330, 330, 330, 100, 0, 0]||['d']
[330, 330, 330, 330, 100, 0, 0]||['d']
[330, 330, 330, 330, 100, 0, 0]||['d']
[330, 330, 330, 330, 100, 0, 0]||['d']
[330, 330, 330, 330, 100, 0, 0]||['d']
[330, 330, 330, 330, 100, 0, 0]||['d']
[330, 330, 330, 330, 100, 0, 0]||['d']
[330, 330, 330, 330, 100, 0, 0]||['d']
[330, 330, 330, 330, 100, 0, 0]||['d']
[330, 330, 330, 330, 100, 0, 0]||['d']
[330, 330, 330, 330, 100, 0, 0]||['d']
[330, 330, 330, 330, 100, 0, 0]||['d']
[330, 330, 330, 330, 100, 0, 0]||['d']
[330, 330, 330, 330, 100, 0, 0]||['d']
[330, 330, 330, 330, 100, 0, 0]||['d']
[330, 330, 330, 330, 100, 0, 0]||['d']
[330, 330, 330, 330, 100, 0, 0]||['d']
[330, 330, 330, 330, 100, 0, 0]||['d']
[330, 330, 330, 330, 100, 0, 0]||['d']
[330, 330, 330, 330, 100, 0, 0]||['d']
[330, 330, 330, 330, 100, 0, 0]||['d']
[330, 330, 330, 330, 100, 0, 0]||['d']
[330, 330, 330, 330, 100, 0, 0]||['d']
[330, 330, 330, 330, 100, 0, 0]||['d']
[330, 330, 330, 330, 100, 0, 0]||['d']
[330, 330, 330, 330, 100, 0, 0]||['d']
[330, 330, 330, 330, 100, 0, 0]||['d']
[330, 330, 330, 330, 100, 0, 0]||['d']
[330, 330, 330, 330, 100, 0, 0]||[]
[330, 330, 330, 330, 100, 0, 0]||[]
[330, 330, 330, 330, 100, 0, 0]||[]
[330, 330, 330, 330, 100, 0, 0]||['w']
[330, 330, 330, 330, 100, 0, 0]||['w']
[330, 330, 330, 330, 100, 0, 0]||['w']
[330, 330, 330, 330, 100, 0, 0]||['w']
[330, 330, 330, 330, 100, 0, 0]||['w']
[330, 330, 330, 330, 100, 0, 0]||['w']
[330, 330, 330, 330, 100, 0, 0]||['w']
[330, 330, 330, 330, 100, 0, 0]||['w']
[330, 330, 311, 330, 100, 0, 0]||['w']
[330, 330, 306, 330, 100, 0, 0]||['w']
[330, 330, 301, 330, 100, 0, 0]||['w']
[330, 330, 296, 330, 100, 0, 0]||['w']
[330, 330, 291, 330, 100, 0, 0]||['w']
[330, 330, 286, 330, 100, 0, 0]||['w']
[330, 330, 281, 330, 100, 0, 0]||['w']
[330, 330, 276, 330, 100, 0, 0]||['w']
[330, 330, 271, 330, 100, 0, 0]||['w']
[330, 330, 267, 330, 100, 0, 0]||['w']
[330, 330, 262, 330, 100, 0, 0]||['w']
[330, 330, 257, 330, 100, 0, 0]||['w']
[330, 330, 252, 330, 100, 0, 0]||['w']
[330, 330, 247, 330, 100, 0, 0]||['w']
[330, 330, 242, 330, 100, 0, 0]||['w']
[330, 330, 237, 330, 100, 0, 0]||['w']
[330, 330, 233, 330, 100, 0, 0]||['w']
[330, 330, 228, 330, 100, 0, 0]||['w']
[330, 330, 223, 330, 100, 0, 0]||['w']
[330, 330, 218, 330, 100, 0, 0]||['w']
[330, 330, 213, 330, 100, 0, 0]||['w']
[330, 330, 209, 330, 100, 0, 0]||['w']
[330, 330, 204, 330, 100, 0, 0]||['w']
[330, 330, 199, 330, 100, 0, 0]||['w']
[330, 330, 194, 330, 100, 0, 0]||['w']
[330, 330, 190, 330, 100, 0, 0]||['w']
[330, 330, 185, 330, 100, 0, 0]||['w']
[330, 330, 180, 330, 100, 0, 0]||['w']
[330, 330, 175, 330, 100, 0, 0]||['w']
[330, 330, 171, 330, 100, 0, 0]||['w']
[330, 330, 166, 330, 100, 0, 0]||['w']
[330, 330, 161, 330, 100, 0, 0]||['w']
[330, 330, 157, 330, 100, 0, 0]||['w']
[330, 330, 152, 330, 100, 0, 0]||['w']
[330, 330, 148, 330, 100, 0, 0]||['w']
[330, 330, 143, 330, 100, 0, 0]||['w']
[330, 330, 139, 330, 100, 0, 0]||['a']
[330, 330, 136, 330, 100, 0, 0]||['a']
[330, 330, 135, 330, 100, 0, 0]||['a']
[330, 330, 133, 330, 100, 0, 0]||['a']
[330, 330, 131, 330, 100, 0, 0]||['a']
[330, 330, 130, 330, 100, 0, 0]||['a']
[330, 330, 128, 330, 100, 0, 0]||['a']
[330, 330, 127, 330, 100, 0, 0]||['a']
[330, 330, 126, 330, 100, 0, 0]||['a']
[330, 330, 126, 330, 100, 0, 0]||['a']
[330, 330, 125, 330, 100, 0, 0]||['a']
[330, 330, 125, 330, 100, 0, 0]||['a']
[330, 330, 125, 330, 100, 0, 0]||['a']
[330, 330, 125, 330, 100, 0, 0]||['a']
[330, 330, 125, 330, 100, 0, 0]||['a']
[330, 330, 125, 330, 100, 0, 0]||['a']
[330, 330, 126, 330, 100, 0, 0]||['w']
[330, 330, 121, 330, 100, 0, 0]||['w']
[330, 330, 116, 330, 100, 0, 0]||['w']
[330, 330, 111, 330, 100, 0, 0]||['w']
[330, 330, 106, 330, 100, 0, 0]||['w']
[330, 330, 101, 330, 100, 0, 0]||['w']
[330, 330, 96, 330, 100, 0, 0]||['w']
[330, 330, 91, 330, 100, 0, 0]||['w']
[330, 330, 87, 330, 100, 0, 0]||['w']
[330, 330, 82, 330, 100, 0, 0]||['w']
[330, 330, 77, 330, 100, 0, 0]||['w']
[330, 330, 72, 330, 100, 0, 0]||['w']
[330, 330, 67, 330, 100, 0, 0]||['w']
[330, 330, 62, 330, 100, 0, 0]||['w']
[330, 330, 58, 330, 100, 0, 0]||['w']
[330, 330, 53, 330, 100, 0, 0]||['w']
[330, 330, 48, 330, 100, 0, 0]||['w']
[330, 330, 44, 330, 100, 0, 0]||['w']
[330, 330, 39, 330, 100, 0, 0]||['w']
[330, 330, 35, 330, 100, 0, 0]||['w']
[330, 330, 31, 330, 100, 0, 0]||['w']
[330, 330, 27, 330, 100, 0, 0]||['w']
[330, 330, 330, 330, 100, 5, 0]||['w']
[330, 330, 330, 330, 100, 5, 0]||['w']
[330, 330, 330, 330, 100, 5, 0]||['w']
[330, 330, 330, 330, 100, 5, 0]||[]
[330, 330, 330, 330, 100, 5, 0]||[]
[330, 330, 330, 330, 100, 5, 0]||[]
[330, 330, 330, 330, 100, 5, 0]||[]
[330, 330, 330, 330, 100, 5, 0]||[]
[330, 330, 330, 330, 100, 5, 0]||[]
[330, 330, 330, 330, 100, 5, 0]||[]
[330, 330, 330, 330, 100, 5, 0]||[]
[330, 330, 330, 330, 100, 5, 0]||[]
[330, 330, 330, 330, 100, 5, 0]||['w']
[330, 330, 330, 330, 100, 5, 0]||['w']
[330, 330, 330, 330, 100, 5, 0]||[]
[330, 330, 330, 330, 100, 5, 0]||[]
[330, 330, 330, 330, 100, 5, 0]||[]
[330, 330, 330, 330, 100, 5, 0]||['s']
[330, 330, 330, 330, 100, 5, 0]||['s']
[330, 330, 330, 330, 100, 5, 0]||['s']
[330, 330, 330, 330, 100, 5, 0]||['s']
[330, 330, 330, 330, 100, 5, 0]||['s']
[330, 330, 330, 330, 100, 5, 0]||['s']
[330, 330, 330, 330, 100, 5, 0]||['s']
[330, 330, 330, 330, 100, 5, 0]||['s']
[330, 330, 330, 330, 100, 5, 0]||['s']
[330, 330, 330, 330, 100, 5, 0]||['s', 'd']
[330, 330, 330, 330, 100, 5, 0]||['s', 'd']
[330, 330, 330, 330, 100, 5, 0]||['s', 'd']
[330, 330, 330, 330, 100, 5, 0]||['d']
[330, 330, 330, 330, 100, 5, 0]||['d']
[330, 330, 330, 330, 100, 5, 0]||['d']
[330, 330, 330, 330, 100, 5, 0]||['d']
[330, 330, 330, 330, 100, 5, 0]||['d']
[330, 330, 330, 330, 100, 5, 0]||['d']
[330, 330, 330, 330, 100, 5, 0]||['d']
[330, 330, 330, 330, 100, 5, 0]||['d']
[330, 330, 330, 330, 100, 5, 0]||['d']
[330, 330, 330, 330, 100, 5, 0]||['d']
[330, 330, 330, 330, 100, 5, 0]||['d']
[330, 330, 330, 330, 100, 5, 0]||['d']
[330, 330, 330, 330, 100, 5, 0]||['d']
[330, 330, 330, 330, 100, 5, 0]||['d', 's']
[330, 330, 330, 330, 100, 5, 0]||['s']
[330, 330, 330, 330, 100, 5, 0]||['s']
[330, 330, 330, 330, 100, 5, 0]||['s']
[330, 330, 330, 330, 100, 5, 0]||['s']
[330, 330, 330, 330, 100, 5, 0]||['s']
[330, 330, 330, 330, 100, 5, 0]||['s']
[330, 330, 330, 330, 100, 5, 0]||['s']
[330, 330, 330, 330, 100, 5, 0]||['s']
[330, 330, 330, 330, 100, 5, 0]||['s']
[330, 330, 330, 330, 100, 5, 0]||['s']
[330, 330, 330, 330, 100, 5, 0]||['s']
[330, 330, 330, 330, 100, 5, 0]||['s']
[330, 330, 330, 330, 100, 5, 0]||['s']
[330, 330, 330, 330, 100, 5, 0]||['s']
[330, 330, 330, 330, 100, 5, 0]||['s']
[330, 330, 330, 330, 100, 5, 0]||['s']
[330, 330, 330, 330, 100, 5, 0]||['s']
[330, 330, 330, 330, 100, 5, 0]||['s']
[330, 330, 330, 330, 100, 5, 0]||['s']
[330, 330, 330, 330, 100, 5, 0]||['s']
[330, 330, 330, 330, 100, 5, 0]||['s']
[330, 330, 330, 330, 100, 5, 0]||['s']
[330, 330, 330, 330, 100, 5, 0]||['s']
[330, 330, 330, 330, 100, 5, 0]||['s']
[330, 330, 330, 330, 100, 5, 0]||['s']
[330, 330, 330, 330, 100, 5, 0]||['s']
[330, 330, 330, 330, 100, 5, 0]||['s']
[330, 330, 330, 330, 100, 5, 0]||['s']
[330, 330, 330, 330, 100, 5, 0]||['s']
[330, 330, 330, 330, 100, 5, 0]||['s']
[330, 330, 330, 330, 100, 5, 0]||['s']
[330, 330, 330, 330, 100, 5, 0]||['s']
[330, 330, 330, 330, 100, 5, 0]||['s']
[330, 330, 330, 330, 100, 5, 0]||['s']
[330, 330, 330, 330, 100, 5, 0]||['s']
[330, 330, 330, 330, 100, 5, 0]||['s']
[330, 330, 330, 330, 100, 5, 0]||['s']
[330, 330, 330, 330, 100, 5, 0]||['s']
[330, 330, 330, 330, 100, 5, 0]||['s']
[330, 330, 330, 330, 100, 5, 0]||['s']
[330, 330, 330, 330, 100, 5, 0]||['s']
[330, 330, 330, 330, 100, 5, 0]||['s']
[330, 330, 330, 330, 100, 5, 0]||['s']
[330, 330, 330, 330, 100, 5, 0]||['s']
[330, 330, 330, 330, 100, 5, 0]||['s']
[330, 330, 330, 330, 100, 5, 0]||['s']
[330, 330, 330, 330, 100, 5, 0]||['s']
[330, 330, 330, 330, 100, 5, 0]||['s']
[330, 330, 330, 330, 100, 5, 0]||['s']
[330, 330, 330, 330, 100, 5, 0]||['s']
[330, 330, 330, 330, 100, 5, 0]||['s']
[330, 330, 330, 330, 100, 5, 0]||['s']
[330, 330, 330, 330, 100, 5, 0]||['s']
[330, 330, 330, 330, 100, 5, 0]||['s']
[330, 330, 330, 330, 100, 5, 0]||['s']
[330, 330, 330, 330, 100, 5, 0]||['s']
[330, 330, 330, 330, 100, 5, 0]||['s']
[330, 330, 330, 330, 100, 5, 0]||['s']
[330, 330, 330, 330, 100, 5, 0]||['s']
[330, 330, 330, 330, 100, 5, 0]||['s']
[330, 330, 330, 330, 100, 5, 0]||['s']
[330, 330, 330, 330, 100, 5, 0]||['s']
[330, 330, 330, 330, 100, 5, 0]||['s']
[330, 330, 330, 330, 100, 5, 0]||['s']
[330, 330, 330, 330, 100, 5, 0]||['s']
[330, 330, 330, 330, 100, 5, 0]||['s']
[330, 330, 330, 330, 100, 5, 0]||['s']
[330, 330, 330, 330, 100, 5, 0]||['s']
[330, 330, 330, 330, 100, 5, 0]||['s']
[330, 330, 330, 330, 100, 5, 0]||['s']
[330, 330, 330, 330, 100, 5, 0]||['s']
[330, 330, 330, 330, 100, 5, 0]||['s']
[330, 330, 330, 330, 100, 5, 0]||['s']
[330, 330, 330, 330, 100, 5, 0]||['s']
[330, 330, 330, 330, 100, 5, 0]||['s']
[330, 330, 330, 330, 100, 5, 0]||['s']
[330, 330, 330, 330, 100, 5, 0]||['s']
[330, 330, 330, 330, 100, 5, 0]||['s']
[330, 330, 330, 330, 100, 5, 0]||['s']
[330, 330, 330, 330, 100, 5, 0]||['s']
[330, 330, 330, 330, 100, 5, 0]||['s']
[330, 330, 330, 330, 100, 5, 0]||['s']
[330, 330, 330, 330, 100, 5, 0]||['s']
[330, 330, 330, 330, 100, 5, 0]||['s']
[330, 330, 330, 330, 100, 5, 0]||['s']
[330, 330, 330, 330, 100, 5, 0]||['s']
[330, 330, 330, 330, 100, 5, 0]||['s']
[330, 330, 330, 330, 100, 5, 0]||['s']
[330, 330, 330, 330, 100, 5, 0]||['s']
[330, 330, 330, 330, 100, 5, 0]||['s']
[330, 330, 330, 330, 100, 5, 0]||['s']
[330, 330, 330, 330, 100, 5, 0]||['s']
[330, 330, 330, 330, 100, 5, 0]||['s']
[330, 330, 330, 330, 100, 5, 0]||['s']
[330, 330, 330, 330, 100, 5, 0]||['s']
[330, 330, 330, 330, 100, 5, 0]||['s']
[330, 330, 330, 330, 100, 5, 0]||['s']
[330, 330, 330, 330, 100, 5, 0]||['s']
[327, 330, 330, 330, 100, 5, 0]||['s']
[322, 330, 330, 330, 100, 5, 0]||['s']
[318, 330, 330, 330, 100, 5, 0]||['s']
[313, 330, 330, 330, 100, 5, 0]||['s']
[308, 330, 330, 330, 100, 5, 0]||['s']
[303, 330, 330, 330, 100, 5, 0]||['s']
[298, 330, 330, 330, 100, 5, 0]||['s']
[294, 330, 330, 330, 100, 5, 0]||['s']
[289, 330, 330, 330, 100, 5, 0]||['s']
[284, 330, 330, 330, 100, 5, 0]||['s']
[279, 330, 330, 330, 100, 5, 0]||['s']
[275, 330, 330, 330, 100, 5, 0]||['s']
[270, 330, 330, 330, 100, 5, 0]||['s']
[265, 330, 330, 330, 100, 5, 0]||['s']
[261, 330, 330, 330, 100, 5, 0]||['s']
[256, 330, 330, 330, 100, 5, 0]||['s']
[251, 330, 330, 330, 100, 5, 0]||['s']
[246, 330, 330, 330, 100, 5, 0]||['s']
[242, 330, 330, 330, 100, 5, 0]||['s']
[237, 330, 330, 330, 100, 5, 0]||['s']
[233, 330, 330, 330, 100, 5, 0]||['s']
[228, 330, 330, 330, 100, 5, 0]||['s']
[223, 330, 330, 330, 100, 5, 0]||['s']
[219, 330, 330, 330, 100, 5, 0]||['s']
[214, 330, 330, 330, 100, 5, 0]||['s']
[210, 330, 330, 330, 100, 5, 0]||['s']
[205, 330, 330, 330, 100, 5, 0]||['s']
[201, 330, 330, 330, 100, 5, 0]||['s']
[196, 330, 330, 330, 100, 5, 0]||['s']
[192, 330, 330, 330, 100, 5, 0]||['s']
[187, 330, 330, 330, 100, 5, 0]||['s']
[183, 330, 330, 330, 100, 5, 0]||['s']
[179, 330, 330, 330, 100, 5, 0]||['s']
[174, 330, 330, 330, 100, 5, 0]||['s']
[170, 330, 330, 330, 100, 5, 0]||['s']
[166, 330, 330, 330, 100, 5, 0]||['s']
[162, 330, 330, 330, 100, 5, 0]||['s']
[158, 330, 330, 330, 100, 5, 0]||['s']
[154, 330, 330, 330, 100, 5, 0]||['s']
[150, 330, 330, 330, 100, 5, 0]||['s']
[146, 330, 330, 330, 100, 5, 0]||['s']
[142, 330, 330, 330, 100, 5, 0]||['s']
[138, 330, 330, 330, 100, 5, 0]||['s']
[134, 330, 330, 330, 100, 5, 0]||['s']
[130, 330, 330, 330, 100, 5, 0]||['s']
[127, 330, 330, 330, 100, 5, 0]||['s']
[123, 330, 330, 330, 100, 5, 0]||['s']
[120, 330, 330, 330, 100, 5, 0]||['s']
[117, 330, 330, 330, 100, 5, 0]||['s']
[114, 330, 330, 330, 100, 5, 0]||['s']
[111, 330, 330, 330, 100, 5, 0]||['s']
[108, 330, 330, 330, 100, 5, 0]||['s']
[105, 330, 330, 330, 100, 5, 0]||['s']
[102, 330, 330, 330, 100, 5, 0]||['s']
[100, 330, 330, 330, 100, 5, 0]||['s']
[98, 330, 330, 330, 100, 5, 0]||['s']
[96, 330, 330, 330, 100, 5, 0]||['s']
[94, 330, 330, 330, 100, 5, 0]||['s']
[93, 330, 330, 330, 100, 5, 0]||['s']
[92, 330, 330, 330, 100, 5, 0]||['s']
[91, 330, 330, 330, 100, 5, 0]||['d']
[86, 330, 330, 330, 100, 5, 0]||['d']
[81, 330, 330, 330, 100, 5, 0]||['d']
[76, 330, 330, 330, 100, 5, 0]||['d']
[71, 330, 330, 330, 100, 5, 0]||['d']
[66, 330, 330, 330, 100, 5, 0]||['d']
[61, 330, 330, 330, 100, 5, 0]||['d']
[57, 330, 330, 330, 100, 5, 0]||['d']
[52, 330, 330, 330, 100, 5, 0]||['d']
[47, 330, 330, 330, 100, 5, 0]||['d']
[42, 330, 330, 330, 100, 5, 0]||['d']
[38, 330, 330, 330, 100, 5, 0]||['d']
[33, 330, 330, 330, 100, 5, 0]||['d']
[33, 330, 330, 330, 100, 5, 0]||
