[315, 315, 315, 315, 100, 0.0, 0.0]
[315, 315, 315, 315, 100, 0.0, 0.0]
[315, 315, 315, 315, 100, 0.0, 0.0]
[315, 315, 315, 315, 100, 0.0, 0.0]
[315, 315, 315, 315, 100, 0.0, 0.0]
[315, 315, 315, 315, 100, 0.0, 0.0]
[315, 315, 315, 315, 100, 0.0, 0.0]
[315, 315, 315, 315, 100, 0.0, 0.0]
[315, 315, 315, 315, 100, 0.0, 0.0]
[315, 315, 315, 315, 100, 0.0, 0.0]
[315, 315, 315, 315, 100, 0.0, 0.0]
[315, 315, 315, 315, 100, 0.0, 0.0]
[315, 315, 315, 315, 100, 0.0, 0.0]
[315, 315, 315, 315, 100, 0.0, 0.0]
[315, 315, 315, 315, 100, 0.0, 0.0]
[315, 315, 315, 315, 100, 0.0, 0.0]
[315, 315, 315, 315, 100, 0.0, 0.0]
[315, 315, 315, 315, 100, 0.0, 0.0]
[315, 315, 315, 315, 100, 0.0, 0.0]
[315, 315, 315, 315, 100, 0.0, 0.0]
[315, 315, 315, 315, 100, 0.0, 0.0]
[315, 315, 315, 315, 100, 0.0, 0.0]
[315, 315, 315, 315, 100, 0.0, 0.0]
[315, 315, 315, 315, 100, 0.0, 0.0]
[315, 315, 315, 315, 100, 0.0, 0.0]
[315, 315, 315, 315, 100, 0.0, 0.0]
[315, 315, 315, 315, 100, 0.0, 0.0]
[315, 315, 315, 315, 100, 0.0, 0.0]
[315, 315, 315, 315, 100, 0.0, 0.0]
[315, 315, 315, 315, 100, 0.0, 0.0]
[315, 315, 315, 315, 100, 0.0, 0.0]
[315, 315, 315, 315, 100, 0.0, 0.0]
[315, 315, 315, 315, 100, 0.0, 0.0]
[315, 315, 315, 315, 100, 0.0, 0.0]
[315, 315, 315, 315, 100, 0.0, 0.0]
[315, 315, 315, 315, 100, 0.0, 0.0]
[315, 315, 315, 315, 100, 0.0, 0.0]
[315, 315, 315, 315, 100, 0.0, 0.0]
[315, 315, 315, 315, 100, 0.0, 0.0]
[315, 315, 315, 315, 100, 0.0, 0.0]
[315, 315, 315, 315, 100, 0.0, 0.0]
[315, 315, 315, 315, 100, 0.0, 0.0]
[315, 315, 315, 315, 100, 0.0, 0.0]
[315, 315, 315, 315, 100, 0.0, 0.0]
[315, 315, 315, 315, 100, 0.0, 0.0]
[315, 315, 315, 315, 100, 0.0, 0.0]
[315, 315, 315, 315, 100, 0.0, 0.0]
[315, 315, 315, 315, 100, 0.0, 0.0]
[315, 315, 315, 315, 100, 0.0, 0.0]
[315, 315, 315, 315, 100, 0.0, 0.0]
[315, 315, 315, 315, 100, 0.0, 0.0]
[315, 315, 315, 315, 100, 0.0, 0.0]
[315, 315, 315, 315, 100, 0.0, 0.0]
[315, 315, 315, 315, 100, 0.0, 0.0]
[315, 315, 315, 315, 100, 0.0, 0.0]
[315, 315, 315, 315, 100, 0.0, 0.0]
[315, 315, 315, 315, 100, 0.0, 0.0]
[315, 315, 315, 315, 100, 0.0, 0.0]
[315, 315, 315, 315, 100, 0.0, 0.0]
[315, 315, 315, 315, 100, 0.0, 0.0]
[315, 315, 315, 315, 100, 0.0, 0.0]
[315, 315, 315, 315, 100, 0.0, 0.0]
[315, 315, 315, 315, 100, 0.0, 0.0]
[315, 315, 315, 315, 100, 0.0, 0.0]
[315, 315, 315, 315, 100, 0.0, 0.0]
[315, 315, 315, 315, 100, 0.0, 0.0]
[315, 315, 315, 315, 100, 0.0, 0.0]
[315, 315, 315, 315, 100, 0.0, 0.0]
[315, 315, 315, 315, 100, 0.0, 0.0]
[315, 315, 315, 315, 100, 0.0, 0.0]
[315, 315, 315, 315, 100, 0.0, 0.0]
[315, 315, 315, 315, 100, 0.0, 0.0]
[315, 315, 315, 315, 100, 0.0, 0.0]
[315, 315, 315, 315, 100, 0.0, 0.0]
[315, 315, 315, 315, 100, 0.0, 0.0]
[315, 315, 315, 315, 100, 0.0, 0.0]
[315, 315, 315, 315, 100, 0.0, 0.0]
[315, 315, 315, 315, 100, 0.0, 0.0]
[315, 315, 315, 315, 100, 0.0, 0.0]
[315, 315, 315, 315, 100, 0.0, 0.0]
[315, 315, 315, 315, 100, 0.0, 0.0]
[315, 315, 315, 315, 100, 0.0, 0.0]
[315, 315, 315, 315, 100, 0.0, 0.0]
[315, 315, 315, 315, 100, 0.0, 0.0]
[315, 315, 315, 315, 100, 0.0, 0.0]
[315, 315, 315, 315, 100, 0.0, 0.0]
[315, 315, 315, 315, 100, 0.0, 0.0]
[315, 315, 315, 315, 100, 0.0, 0.0]
[315, 315, 315, 315, 100, 0.0, 0.0]
[315, 315, 315, 315, 100, 0.0, 0.0]
[315, 315, 315, 315, 100, 0.0, 0.0]
[315, 315, 315, 315, 100, 0.0, 0.0]
[315, 315, 315, 315, 100, 0.0, 0.0]
[315, 315, 315, 315, 100, 0.0, 0.0]
[315, 315, 315, 315, 100, 0.0, 0.0]
[315, 315, 315, 315, 100, 0.0, 0.0]
[315, 315, 315, 315, 100, 0.0, 0.0]
[315, 315, 315, 315, 100, 0.0, 0.0]
[315, 315, 315, 315, 100, 0.0, 0.0]
[315, 315, 315, 315, 100, 0.0, 0.0]
[315, 315, 315, 315, 100, 0.0, 0.0]
[315, 315, 315, 315, 100, 0.0, 0.0]
[315, 315, 315, 315, 100, 0.0, 0.0]
[315, 315, 315, 315, 100, 0.0, 0.0]
[315, 315, 315, 315, 100, 0.0, 0.0]
[315, 315, 315, 315, 100, 0.0, 0.0]
[315, 315, 315, 315, 100, 0.0, 0.0]
[315, 315, 315, 315, 100, 0.0, 0.0]
[315, 315, 315, 315, 100, 0.0, 0.0]
[315, 315, 315, 315, 100, 0.0, 0.0]
[315, 315, 315, 315, 100, 0.0, 0.0]
[315, 315, 315, 315, 100, 0.0, 0.0]
[315, 315, 315, 315, 100, 0.0, 0.0]
[315, 315, 315, 315, 100, 0.0, 0.0]
[315, 315, 315, 315, 100, 0.0, 0.0]
[315, 315, 315, 310, 100, 0.0, 0.0]
[315, 315, 315, 305, 100, 0.0, 0.0]
[315, 315, 315, 300, 100, 0.0, 0.0]
[315, 315, 315, 295, 100, 0.0, 0.0]
[315, 315, 315, 290, 100, 0.0, 0.0]
[315, 315, 315, 285, 100, 0.0, 0.0]
[315, 315, 315, 280, 100, 0.0, 0.0]
[315, 315, 315, 275, 100, 0.0, 0.0]
[315, 315, 315, 270, 100, 0.0, 0.0]
[315, 315, 315, 265, 100, 0.0, 0.0]
[315, 312, 315, 260, 100, 0.0, 0.0]
[315, 308, 315, 255, 100, 0.0, 0.0]
[315, 304, 315, 250, 100, 0.0, 0.0]
[315, 300, 315, 245, 100, 0.0, 0.0]
[315, 296, 315, 240, 100, 0.0, 0.0]
[315, 292, 315, 235, 100, 0.0, 0.0]
[315, 288, 315, 230, 100, 0.0, 0.0]
[315, 284, 315, 225, 100, 0.0, 0.0]
[315, 280, 315, 220, 100, 0.0, 0.0]
[315, 276, 315, 215, 100, 0.0, 0.0]
[315, 272, 315, 210, 100, 0.0, 0.0]
[315, 269, 315, 205, 100, 0.0, 0.0]
[315, 269, 315, 205, 100, 0.0, 0.0]
[315, 269, 315, 205, 100, 0.0, 0.0]
[315, 269, 315, 205, 100, 0.0, 0.0]
[315, 269, 315, 205, 100, 0.0, 0.0]
[315, 269, 315, 205, 100, 0.0, 0.0]
[315, 269, 315, 205, 100, 0.0, 0.0]
[315, 269, 315, 205, 100, 0.0, 0.0]
[315, 269, 315, 205, 100, 0.0, 0.0]
[315, 269, 315, 205, 100, 0.0, 0.0]
[315, 269, 315, 205, 100, 0.0, 0.0]
[315, 269, 315, 205, 100, 0.0, 0.0]
[315, 269, 315, 205, 100, 0.0, 0.0]
[315, 269, 315, 205, 100, 0.0, 0.0]
[315, 269, 315, 205, 100, 0.0, 0.0]
[315, 265, 315, 200, 100, 0.0, 0.0]
[315, 261, 315, 195, 100, 0.0, 0.0]
[315, 258, 315, 190, 100, 0.0, 0.0]
[315, 254, 315, 185, 100, 0.0, 0.0]
[315, 251, 315, 180, 100, 0.0, 0.0]
[315, 247, 315, 175, 100, 0.0, 0.0]
[315, 244, 315, 170, 100, 0.0, 0.0]
[315, 240, 315, 165, 100, 0.0, 0.0]
[315, 237, 315, 160, 100, 0.0, 0.0]
[315, 234, 315, 155, 100, 0.0, 0.0]
[315, 231, 315, 150, 100, 0.0, 0.0]
[315, 231, 315, 150, 100, 0.0, 0.0]
[315, 231, 315, 150, 100, 0.0, 0.0]
[315, 231, 315, 150, 100, 0.0, 0.0]
[315, 231, 315, 150, 100, 0.0, 0.0]
[315, 231, 315, 150, 100, 0.0, 0.0]
[315, 231, 315, 150, 100, 0.0, 0.0]
[315, 231, 315, 150, 100, 0.0, 0.0]
[315, 231, 315, 150, 100, 0.0, 0.0]
[315, 231, 315, 150, 100, 0.0, 0.0]
[315, 231, 315, 150, 100, 0.0, 0.0]
[315, 231, 315, 150, 100, 0.0, 0.0]
[315, 231, 315, 150, 100, 0.0, 0.0]
[315, 231, 315, 150, 100, 0.0, 0.0]
[315, 231, 315, 150, 100, 0.0, 0.0]
[315, 231, 315, 150, 100, 0.0, 0.0]
[315, 231, 315, 150, 100, 0.0, 0.0]
[315, 231, 315, 150, 100, 0.0, 0.0]
[315, 231, 315, 150, 100, 0.0, 0.0]
[315, 231, 315, 150, 100, 0.0, 0.0]
[315, 231, 315, 150, 100, 0.0, 0.0]
[315, 231, 315, 150, 100, 0.0, 0.0]
[315, 231, 315, 150, 100, 0.0, 0.0]
[315, 231, 315, 150, 100, 0.0, 0.0]
[315, 231, 315, 150, 100, 0.0, 0.0]
[315, 231, 315, 150, 100, 0.0, 0.0]
[315, 231, 315, 150, 100, 0.0, 0.0]
[315, 231, 315, 150, 100, 0.0, 0.0]
[315, 228, 315, 145, 100, 0.0, 0.0]
[315, 225, 315, 140, 100, 0.0, 0.0]
[315, 222, 315, 135, 100, 0.0, 0.0]
[315, 219, 315, 130, 100, 0.0, 0.0]
[315, 216, 315, 125, 100, 0.0, 0.0]
[315, 213, 315, 120, 100, 0.0, 0.0]
[315, 210, 315, 115, 100, 0.0, 0.0]
[315, 208, 315, 110, 100, 0.0, 0.0]
[315, 205, 315, 105, 100, 0.0, 0.0]
[315, 205, 315, 105, 100, 0.0, 0.0]
[315, 205, 315, 105, 100, 0.0, 0.0]
[315, 205, 315, 105, 100, 0.0, 0.0]
[315, 203, 315, 100, 100, 0.0, 0.0]
[315, 201, 315, 95, 100, 0.0, 0.0]
[315, 199, 315, 90, 100, 0.0, 0.0]
[315, 195, 315, 85, 100, 0.0, 0.0]
[315, 192, 315, 80, 100, 0.0, 0.0]
[315, 189, 315, 75, 100, 0.0, 0.0]
[315, 186, 315, 70, 100, 0.0, 0.0]
[315, 184, 315, 65, 100, 0.0, 0.0]
[315, 181, 315, 60, 100, 0.0, 0.0]
[315, 179, 315, 55, 100, 0.0, 0.0]
[315, 177, 315, 50, 100, 0.0, 0.0]
[315, 174, 315, 45, 100, 0.0, 0.0]
[315, 172, 315, 40, 100, 0.0, 0.0]
[315, 170, 315, 35, 100, 0.0, 0.0]
[315, 169, 315, 30, 100, 0.0, 0.0]
[315, 167, 315, 315, 100, 0.0, 0.0]
[315, 166, 315, 315, 100, 0.0, 0.0]
[315, 165, 315, 315, 100, 0.0, 0.0]
[315, 164, 315, 315, 100, 0.0, 0.0]
[315, 163, 315, 315, 100, 0.0, 0.0]
[315, 162, 315, 315, 100, 0.0, 0.0]
[315, 161, 315, 315, 100, 0.0, 0.0]
[315, 160, 315, 315, 100, 0.0, 0.0]
[315, 159, 315, 315, 100, 0.0, 0.0]
[315, 158, 315, 315, 100, 0.0, 0.0]
[315, 157, 315, 315, 100, 0.0, 0.0]
[315, 156, 315, 315, 100, 0.0, 0.0]
[315, 155, 315, 315, 100, 0.0, 0.0]
[315, 154, 315, 315, 100, 0.0, 0.0]
[315, 153, 315, 315, 100, 0.0, 0.0]
[315, 152, 315, 315, 100, 0.0, 0.0]
[315, 151, 315, 315, 100, 0.0, 0.0]
[315, 150, 315, 315, 100, 0.0, 0.0]
[315, 149, 315, 315, 100, 0.0, 0.0]
[315, 148, 315, 315, 100, 0.0, 0.0]
[315, 147, 315, 315, 100, 0.0, 0.0]
[315, 146, 315, 315, 100, 0.0, 0.0]
[315, 145, 315, 315, 100, 0.0, 0.0]
[315, 144, 315, 315, 100, 0.0, 0.0]
[315, 143, 315, 315, 100, 0.0, 0.0]
[315, 142, 315, 315, 100, 0.0, 0.0]
[315, 141, 315, 315, 100, 0.0, 0.0]
[315, 135, 315, 315, 100, 0.0, 0.0]
[315, 129, 315, 315, 100, 0.0, 0.0]
[315, 123, 315, 315, 100, 0.0, 0.0]
[315, 117, 315, 315, 100, 0.0, 0.0]
[315, 111, 315, 315, 100, 0.0, 0.0]
[315, 105, 315, 315, 100, 0.0, 0.0]
[315, 99, 315, 315, 100, 0.0, 0.0]
[315, 93, 315, 315, 100, 0.0, 0.0]
[315, 87, 315, 315, 100, 0.0, 0.0]
[315, 81, 315, 315, 100, 0.0, 0.0]
[315, 80, 315, 315, 100, 0.0, 0.0]
[315, 79, 315, 315, 100, 0.0, 0.0]
[315, 78, 315, 315, 100, 0.0, 0.0]
[315, 77, 315, 315, 100, 0.0, 0.0]
[315, 76, 315, 315, 100, 0.0, 0.0]
[315, 75, 315, 315, 100, 0.0, 0.0]
[315, 74, 315, 315, 100, 0.0, 0.0]
[315, 73, 315, 315, 100, 0.0, 0.0]
[315, 72, 315, 315, 100, 0.0, 0.0]
[315, 71, 315, 315, 100, 0.0, 0.0]
[315, 70, 315, 315, 100, 0.0, 0.0]
[315, 69, 315, 315, 100, 0.0, 0.0]
[315, 68, 315, 315, 100, 0.0, 0.0]
[315, 67, 315, 315, 100, 0.0, 0.0]
[315, 66, 315, 315, 100, 0.0, 0.0]
[315, 65, 315, 315, 100, 0.0, 0.0]
[315, 64, 315, 315, 100, 0.0, 0.0]
[315, 63, 315, 315, 100, 0.0, 0.0]
[315, 62, 315, 315, 100, 0.0, 0.0]
[315, 61, 315, 315, 100, 0.0, 0.0]
[315, 60, 315, 315, 100, 0.0, 0.0]
[315, 59, 315, 315, 100, 0.0, 0.0]
[315, 58, 315, 315, 100, 0.0, 0.0]
[315, 57, 315, 315, 100, 0.0, 0.0]
[315, 56, 315, 315, 100, 0.0, 0.0]
[315, 55, 315, 315, 100, 0.0, 0.0]
[315, 54, 315, 315, 100, 0.0, 0.0]
[315, 53, 315, 315, 100, 0.0, 0.0]
[315, 52, 315, 315, 100, 0.0, 0.0]
[315, 51, 315, 315, 100, 0.0, 0.0]
[315, 50, 315, 315, 100, 0.0, 0.0]
[315, 49, 315, 315, 100, 0.0, 0.0]
[315, 48, 315, 315, 100, 0.0, 0.0]
[315, 47, 315, 315, 100, 0.0, 0.0]
[315, 46, 315, 315, 100, 0.0, 0.0]
[315, 45, 315, 315, 100, 0.0, 0.0]
[315, 64, 315, 315, 100, 0.0, 0.0]
[315, 63, 315, 315, 100, 0.0, 0.0]
[315, 62, 315, 315, 100, 0.0, 0.0]
[315, 61, 315, 315, 100, 0.0, 0.0]
[315, 60, 315, 315, 100, 0.0, 0.0]
[315, 59, 315, 315, 100, 0.0, 0.0]
[315, 58, 315, 315, 100, 0.0, 0.0]
[315, 57, 315, 315, 100, 0.0, 0.0]
[315, 56, 315, 315, 100, 0.0, 0.0]
[315, 55, 315, 315, 100, 0.0, 0.0]
[315, 54, 315, 315, 100, 0.0, 0.0]
[315, 53, 315, 315, 100, 0.0, 0.0]
[315, 52, 315, 315, 100, 0.0, 0.0]
[315, 51, 315, 315, 100, 0.0, 0.0]
[315, 50, 315, 315, 100, 0.0, 0.0]
[315, 49, 315, 315, 100, 0.0, 0.0]
[315, 48, 315, 315, 100, 0.0, 0.0]
[315, 47, 315, 315, 100, 0.0, 0.0]
[315, 46, 315, 315, 100, 0.0, 0.0]
[315, 45, 315, 315, 100, 0.0, 0.0]
[315, 63, 315, 315, 100, 0.0, 0.0]
[315, 62, 315, 315, 100, 0.0, 0.0]
[315, 61, 315, 315, 100, 0.0, 0.0]
[315, 60, 315, 315, 100, 0.0, 0.0]
[315, 59, 315, 315, 100, 0.0, 0.0]
[315, 58, 315, 315, 100, 0.0, 0.0]
[315, 57, 315, 315, 100, 0.0, 0.0]
[315, 56, 315, 315, 100, 0.0, 0.0]
[315, 55, 315, 315, 100, 0.0, 0.0]
[315, 54, 315, 315, 100, 0.0, 0.0]
[315, 53, 315, 315, 100, 0.0, 0.0]
[315, 52, 315, 315, 100, 0.0, 0.0]
[315, 51, 315, 315, 100, 0.0, 0.0]
[315, 50, 315, 315, 100, 0.0, 0.0]
[315, 49, 315, 315, 100, 0.0, 0.0]
[315, 48, 315, 315, 100, 0.0, 0.0]
[315, 47, 315, 315, 100, 0.0, 0.0]
[315, 46, 315, 315, 100, 0.0, 0.0]
[315, 45, 315, 315, 100, 0.0, 0.0]
[315, 44, 315, 315, 100, 0.0, 0.0]
[315, 63, 315, 315, 100, 0.0, 0.0]
[315, 62, 315, 315, 100, 0.0, 0.0]
[315, 61, 315, 315, 100, 0.0, 0.0]
[315, 60, 315, 315, 100, 0.0, 0.0]
[315, 59, 315, 315, 100, 0.0, 0.0]
[315, 58, 315, 315, 100, 0.0, 0.0]
[315, 57, 315, 315, 100, 0.0, 0.0]
[315, 56, 315, 315, 100, 0.0, 0.0]
[315, 55, 315, 315, 100, 0.0, 0.0]
[315, 54, 315, 315, 100, 0.0, 0.0]
[315, 53, 315, 315, 100, 0.0, 0.0]
[315, 52, 315, 315, 100, 0.0, 0.0]
[315, 51, 315, 315, 100, 0.0, 0.0]
[315, 50, 315, 315, 100, 0.0, 0.0]
[315, 49, 315, 315, 100, 0.0, 0.0]
[315, 48, 315, 315, 100, 0.0, 0.0]
[315, 47, 315, 315, 100, 0.0, 0.0]
[315, 46, 315, 315, 100, 0.0, 0.0]
[315, 45, 315, 315, 100, 0.0, 0.0]
[315, 63, 315, 315, 100, 0.0, 0.0]
[315, 62, 315, 315, 100, 0.0, 0.0]
[315, 61, 315, 315, 100, 0.0, 0.0]
[315, 60, 315, 315, 100, 0.0, 0.0]
[315, 59, 315, 315, 100, 0.0, 0.0]
[315, 58, 315, 315, 100, 0.0, 0.0]
[315, 57, 315, 315, 100, 0.0, 0.0]
[315, 56, 315, 315, 100, 0.0, 0.0]
[315, 55, 315, 315, 100, 0.0, 0.0]
[315, 54, 315, 315, 100, 0.0, 0.0]
[315, 53, 315, 315, 100, 0.0, 0.0]
[315, 52, 315, 315, 100, 0.0, 0.0]
[315, 51, 315, 315, 100, 0.0, 0.0]
[315, 50, 315, 315, 100, 0.0, 0.0]
[315, 49, 315, 315, 100, 0.0, 0.0]
[315, 48, 315, 315, 100, 0.0, 0.0]
[315, 47, 315, 315, 100, 0.0, 0.0]
[315, 46, 315, 315, 100, 0.0, 0.0]
[315, 45, 315, 315, 100, 0.0, 0.0]
[315, 44, 315, 315, 100, 0.0, 0.0]
[315, 315, 315, 315, 100, 0.0, 1.0]
[315, 315, 315, 315, 100, 0.0, 1.0]
[315, 315, 315, 315, 100, 0.0, 1.0]
[315, 315, 315, 315, 100, 0.0, 1.0]
[315, 315, 315, 315, 100, 0.0, 1.0]
[315, 315, 315, 315, 100, 0.0, 1.0]
[315, 315, 315, 315, 100, 0.0, 1.0]
[315, 315, 315, 315, 100, 0.0, 1.0]
[315, 315, 315, 315, 100, 0.0, 1.0]
[315, 315, 315, 315, 100, 0.0, 1.0]
[315, 315, 315, 315, 100, 0.0, 1.0]
[315, 315, 315, 315, 100, 0.0, 1.0]
[315, 315, 315, 315, 100, 0.0, 1.0]
[315, 315, 315, 315, 100, 0.0, 1.0]
[315, 315, 315, 315, 100, 0.0, 1.0]
[315, 315, 315, 315, 100, 0.0, 1.0]
[315, 315, 315, 315, 100, 0.0, 1.0]
[315, 315, 315, 315, 100, 0.0, 1.0]
[315, 315, 315, 315, 100, 0.0, 1.0]
[315, 315, 315, 315, 100, 0.0, 1.0]
[315, 315, 315, 315, 100, 0.0, 1.0]
[315, 315, 315, 315, 100, 0.0, 1.0]
[315, 315, 315, 315, 100, 0.0, 1.0]
[315, 315, 315, 315, 100, 0.0, 1.0]
[315, 315, 315, 315, 100, 0.0, 1.0]
[315, 315, 315, 315, 100, 0.0, 1.0]
[315, 315, 315, 315, 100, 0.0, 1.0]
[315, 315, 315, 315, 100, 0.0, 1.0]
[315, 315, 315, 315, 100, 0.0, 1.0]
[315, 315, 315, 315, 100, 0.0, 1.0]
[315, 315, 315, 315, 100, 0.0, 1.0]
[315, 315, 315, 315, 100, 0.0, 1.0]
[315, 315, 315, 315, 100, 0.0, 1.0]
[315, 315, 315, 315, 100, 0.0, 1.0]
[315, 315, 315, 315, 100, 0.0, 1.0]
[315, 315, 315, 315, 100, 0.0, 1.0]
[315, 315, 315, 315, 100, 0.0, 1.0]
[315, 315, 315, 315, 100, 0.0, 1.0]
[315, 315, 315, 315, 100, 0.0, 1.0]
[315, 315, 315, 315, 100, 0.0, 1.0]
[315, 315, 315, 315, 100, 0.0, 1.0]
[315, 315, 315, 315, 100, 0.0, 1.0]
[315, 315, 315, 315, 100, 0.0, 1.0]
[315, 315, 315, 315, 100, 0.0, 1.0]
[315, 315, 315, 315, 100, 0.0, 1.0]
[315, 315, 315, 315, 100, 0.0, 1.0]
[315, 315, 315, 315, 100, 0.0, 1.0]
[315, 315, 315, 315, 100, 0.0, 1.0]
[315, 315, 315, 315, 100, 0.0, 1.0]
[315, 315, 315, 315, 100, 0.0, 1.0]
[315, 315, 315, 315, 100, 0.0, 1.0]
[315, 315, 315, 315, 100, 0.0, 1.0]
[315, 315, 315, 315, 100, 0.0, 1.0]
[315, 315, 315, 315, 100, 0.0, 1.0]
[315, 315, 315, 315, 100, 0.0, 1.0]
[315, 315, 315, 315, 100, 0.0, 1.0]
[315, 315, 315, 315, 100, 0.0, 1.0]
[315, 315, 315, 315, 100, 0.0, 1.0]
[315, 315, 315, 315, 100, 0.0, 1.0]
[315, 315, 315, 315, 100, 0.0, 1.0]
[315, 315, 315, 315, 100, 0.0, 1.0]
[315, 315, 315, 315, 100, 0.0, 1.0]
[315, 315, 315, 315, 100, 0.0, 1.0]
[315, 315, 315, 315, 100, 0.0, 1.0]
[315, 315, 315, 315, 100, 0.0, 1.0]
[315, 315, 315, 315, 100, 0.0, 1.0]
[315, 315, 315, 315, 100, 0.0, 1.0]
[315, 315, 315, 315, 100, 0.0, 1.0]
[315, 315, 315, 315, 100, 0.0, 1.0]
[315, 315, 315, 315, 100, 0.0, 1.0]
[315, 315, 315, 315, 100, 0.0, 1.0]
[315, 315, 315, 315, 100, 0.0, 1.0]
[315, 315, 315, 315, 100, 0.0, 1.0]
[315, 315, 315, 315, 100, 0.0, 1.0]
[315, 315, 315, 315, 100, 0.0, 1.0]
[315, 315, 315, 315, 100, 0.0, 1.0]
[315, 315, 315, 315, 100, 0.0, 1.0]
[315, 315, 315, 315, 100, 0.0, 1.0]
[315, 315, 315, 315, 100, 0.0, 1.0]
[315, 315, 315, 315, 100, 0.0, 1.0]
[315, 315, 315, 315, 100, 0.0, 1.0]
[315, 315, 315, 315, 100, 0.0, 1.0]
[315, 315, 315, 315, 100, 0.0, 1.0]
[315, 315, 315, 315, 100, 0.0, 1.0]
[315, 315, 315, 315, 100, 0.0, 1.0]
[315, 315, 315, 315, 100, 0.0, 1.0]
[315, 315, 315, 315, 100, 0.0, 1.0]
[315, 315, 315, 315, 100, 0.0, 1.0]
[315, 315, 315, 315, 100, 0.0, 1.0]
[315, 315, 315, 315, 100, 0.0, 1.0]
[315, 315, 315, 315, 100, 0.0, 1.0]
[315, 315, 315, 315, 100, 0.0, 1.0]
[315, 315, 315, 315, 100, 0.0, 1.0]
[315, 315, 315, 315, 100, 0.0, 1.0]
[315, 315, 315, 315, 100, 0.0, 1.0]
[315, 315, 315, 315, 100, 0.0, 1.0]
[315, 315, 315, 315, 100, 0.0, 1.0]
[315, 315, 315, 315, 100, 0.0, 1.0]
[315, 315, 315, 315, 100, 0.0, 1.0]
[315, 315, 315, 315, 100, 0.0, 1.0]
[315, 315, 315, 315, 100, 0.0, 1.0]
[315, 315, 315, 315, 100, 0.0, 1.0]
[315, 315, 315, 315, 100, 0.0, 1.0]
[315, 315, 315, 315, 100, 0.0, 1.0]
[315, 315, 315, 315, 100, 0.0, 1.0]
[315, 315, 315, 315, 100, 0.0, 1.0]
[315, 315, 315, 315, 100, 0.0, 1.0]
[315, 315, 315, 315, 100, 0.0, 1.0]
[315, 315, 315, 315, 100, 0.0, 1.0]
[315, 315, 315, 315, 100, 0.0, 1.0]
[315, 315, 315, 315, 100, 0.0, 1.0]
[315, 315, 315, 315, 100, 0.0, 1.0]
[315, 315, 315, 315, 100, 0.0, 1.0]
[315, 315, 315, 315, 100, 0.0, 1.0]
[315, 315, 315, 315, 100, 0.0, 1.0]
[315, 315, 315, 315, 100, 0.0, 1.0]
[315, 315, 315, 315, 100, 0.0, 1.0]
[315, 315, 315, 315, 100, 0.0, 1.0]
[315, 315, 315, 315, 100, 0.0, 1.0]
[315, 315, 315, 315, 100, 0.0, 1.0]
[315, 315, 315, 315, 100, 0.0, 1.0]
[315, 315, 315, 315, 100, 0.0, 1.0]
[315, 315, 315, 315, 100, 0.0, 1.0]
[315, 315, 315, 315, 100, 0.0, 1.0]
[315, 315, 315, 315, 100, 0.0, 1.0]
[315, 315, 315, 315, 100, 0.0, 1.0]
[315, 315, 315, 315, 100, 0.0, 1.0]
[315, 315, 315, 315, 100, 0.0, 1.0]
[315, 315, 315, 315, 100, 0.0, 1.0]
[315, 315, 315, 315, 100, 0.0, 1.0]
[315, 315, 315, 315, 100, 0.0, 1.0]
[315, 315, 315, 315, 100, 0.0, 1.0]
[315, 315, 315, 315, 100, 0.0, 1.0]
[315, 315, 315, 315, 100, 0.0, 1.0]
[315, 315, 315, 315, 100, 0.0, 1.0]
[315, 315, 315, 315, 100, 0.0, 1.0]
[315, 315, 315, 315, 100, 0.0, 1.0]
[315, 315, 315, 315, 100, 0.0, 1.0]
[315, 315, 315, 315, 100, 0.0, 1.0]
[315, 315, 315, 315, 100, 0.0, 1.0]
[315, 315, 315, 315, 100, 0.0, 1.0]
[315, 315, 315, 315, 100, 0.0, 1.0]
[315, 315, 315, 315, 100, 0.0, 1.0]
[315, 315, 315, 315, 100, 0.0, 1.0]
[315, 315, 315, 315, 100, 0.0, 1.0]
[315, 315, 315, 315, 100, 0.0, 1.0]
[315, 315, 315, 315, 100, 0.0, 1.0]
[315, 315, 315, 315, 100, 0.0, 1.0]
[315, 315, 315, 315, 100, 0.0, 1.0]
[315, 315, 315, 315, 100, 0.0, 1.0]
[315, 315, 315, 315, 100, 0.0, 1.0]
[315, 315, 315, 315, 100, 0.0, 1.0]
[315, 315, 315, 315, 100, 0.0, 1.0]
[315, 315, 315, 315, 100, 0.0, 1.0]
[315, 315, 315, 315, 100, 0.0, 1.0]
[315, 315, 315, 315, 100, 0.0, 1.0]
[315, 315, 315, 315, 100, 0.0, 1.0]
[315, 315, 315, 315, 100, 0.0, 1.0]
[315, 315, 315, 315, 100, 0.0, 1.0]
[315, 315, 315, 315, 100, 0.0, 1.0]
[315, 315, 315, 315, 100, 0.0, 1.0]
[315, 315, 315, 315, 100, 0.0, 1.0]
[315, 315, 315, 315, 100, 0.0, 1.0]
[315, 315, 315, 315, 100, 0.0, 1.0]
[315, 315, 315, 315, 100, 0.0, 1.0]
[315, 315, 315, 315, 100, 0.0, 1.0]
[315, 315, 315, 315, 100, 0.0, 1.0]
[315, 315, 315, 315, 100, 0.0, 1.0]
[315, 315, 315, 315, 100, 0.0, 1.0]
[315, 315, 315, 315, 100, 0.0, 1.0]
[315, 315, 315, 315, 100, 0.0, 1.0]
[315, 315, 315, 315, 100, 0.0, 1.0]
[315, 315, 315, 315, 100, 0.0, 1.0]
[315, 315, 315, 315, 100, 0.0, 1.0]
[315, 315, 315, 315, 100, 0.0, 1.0]
[315, 315, 315, 315, 100, 0.0, 1.0]
[315, 315, 315, 315, 100, 0.0, 1.0]
[315, 315, 315, 315, 100, 0.0, 1.0]
[315, 315, 315, 315, 100, 0.0, 1.0]
[315, 315, 315, 315, 100, 0.0, 1.0]
[315, 315, 315, 315, 100, 0.0, 1.0]
[315, 315, 315, 315, 100, 0.0, 1.0]
[315, 315, 315, 315, 100, 0.0, 1.0]
[315, 315, 315, 315, 100, 0.0, 1.0]
[315, 315, 315, 315, 100, 0.0, 1.0]
[315, 315, 315, 315, 100, 0.0, 1.0]
[315, 315, 315, 315, 100, 0.0, 1.0]
[315, 315, 315, 315, 100, 0.0, 1.0]
[315, 315, 315, 315, 100, 0.0, 1.0]
[315, 315, 315, 315, 100, 0.0, 1.0]
[315, 315, 315, 315, 100, 0.0, 1.0]
[315, 315, 315, 315, 100, 0.0, 1.0]
[315, 315, 315, 315, 100, 0.0, 1.0]
[315, 315, 315, 315, 100, 0.0, 1.0]
[315, 315, 315, 315, 100, 0.0, 1.0]
[315, 315, 315, 315, 100, 0.0, 1.0]
[315, 315, 315, 315, 100, 0.0, 1.0]
[315, 315, 315, 315, 100, 0.0, 1.0]
[315, 315, 315, 315, 100, 0.0, 1.0]
[315, 315, 315, 315, 100, 0.0, 1.0]
[315, 315, 315, 315, 100, 0.0, 1.0]
[315, 315, 315, 315, 100, 0.0, 1.0]
[315, 315, 315, 315, 100, 0.0, 1.0]
[315, 315, 315, 315, 100, 0.0, 1.0]
[315, 315, 315, 315, 100, 0.0, 1.0]
[315, 315, 315, 315, 100, 0.0, 1.0]
[315, 315, 315, 315, 100, 0.0, 1.0]
[315, 315, 315, 315, 100, 0.0, 1.0]
[315, 315, 315, 315, 100, 0.0, 1.0]
[315, 315, 315, 315, 100, 0.0, 1.0]
[315, 315, 315, 315, 100, 0.0, 1.0]
[315, 315, 315, 315, 100, 0.0, 1.0]
[315, 315, 315, 315, 100, 0.0, 1.0]
[315, 315, 315, 315, 100, 0.0, 1.0]
[315, 315, 315, 315, 100, 0.0, 1.0]
[315, 315, 315, 315, 100, 0.0, 1.0]
[315, 315, 315, 315, 100, 0.0, 1.0]
[315, 315, 315, 315, 100, 0.0, 1.0]
[315, 315, 315, 315, 100, 0.0, 1.0]
[315, 315, 315, 315, 100, 0.0, 1.0]
[315, 315, 315, 315, 100, 0.0, 1.0]
[315, 315, 315, 315, 100, 0.0, 1.0]
[315, 315, 315, 315, 100, 0.0, 1.0]
[315, 315, 315, 315, 100, 0.0, 1.0]
[315, 315, 315, 315, 100, 0.0, 1.0]
[315, 315, 315, 315, 100, 0.0, 1.0]
[315, 315, 315, 315, 100, 0.0, 1.0]
[315, 315, 315, 315, 100, 0.0, 1.0]
[315, 315, 315, 315, 100, 0.0, 1.0]
[315, 315, 315, 315, 100, 0.0, 1.0]
[315, 315, 315, 315, 100, 0.0, 1.0]
[315, 315, 315, 315, 100, 0.0, 1.0]
[315, 315, 315, 315, 100, 0.0, 1.0]
[315, 315, 315, 315, 100, 0.0, 1.0]
[315, 315, 315, 315, 100, 0.0, 1.0]
[315, 315, 315, 315, 100, 0.0, 1.0]
[315, 315, 315, 315, 100, 0.0, 1.0]
[315, 315, 315, 315, 100, 0.0, 1.0]
[315, 315, 315, 315, 100, 0.0, 1.0]
[315, 315, 315, 315, 100, 0.0, 1.0]
[315, 315, 315, 315, 100, 0.0, 1.0]
[315, 315, 315, 315, 100, 0.0, 1.0]
[315, 315, 315, 315, 100, 0.0, 1.0]
[315, 315, 315, 315, 100, 0.0, 1.0]
[315, 315, 315, 315, 100, 0.0, 1.0]
[315, 315, 315, 315, 100, 0.0, 1.0]
[315, 315, 315, 315, 100, 0.0, 1.0]
[315, 315, 315, 315, 100, 0.0, 1.0]
[315, 315, 315, 315, 100, 0.0, 1.0]
[315, 315, 315, 315, 100, 0.0, 1.0]
[315, 315, 315, 315, 100, 0.0, 1.0]
[315, 315, 315, 315, 100, 0.0, 1.0]
[315, 315, 315, 315, 100, 0.0, 1.0]
[315, 315, 315, 315, 100, 0.0, 1.0]
[315, 315, 315, 315, 100, 0.0, 1.0]
[315, 315, 315, 315, 100, 0.0, 1.0]
[315, 315, 315, 315, 100, 0.0, 1.0]
[315, 315, 315, 315, 100, 0.0, 1.0]
[315, 315, 315, 315, 100, 0.0, 1.0]
[315, 315, 315, 315, 100, 0.0, 1.0]
[315, 315, 315, 315, 100, 0.0, 1.0]
[315, 315, 315, 315, 100, 0.0, 1.0]
[315, 315, 315, 315, 100, 0.0, 1.0]
[315, 315, 315, 315, 100, 0.0, 1.0]
[315, 315, 315, 315, 100, 0.0, 1.0]
[315, 315, 315, 315, 100, 0.0, 1.0]
[315, 315, 315, 315, 100, 0.0, 1.0]
[315, 315, 315, 315, 100, 0.0, 1.0]
[315, 315, 315, 315, 100, 0.0, 1.0]
[315, 315, 315, 315, 100, 0.0, 1.0]
[315, 315, 315, 315, 100, 0.0, 1.0]
[315, 315, 315, 315, 100, 0.0, 1.0]
[315, 315, 315, 315, 100, 0.0, 1.0]
[315, 315, 315, 315, 100, 0.0, 1.0]
[315, 315, 315, 315, 100, 0.0, 1.0]
[315, 315, 315, 315, 100, 0.0, 1.0]
[315, 315, 315, 315, 100, 0.0, 1.0]
[315, 315, 315, 315, 100, 0.0, 1.0]
[315, 315, 315, 315, 100, 0.0, 1.0]
[315, 315, 315, 315, 100, 0.0, 1.0]
[315, 315, 315, 315, 100, 0.0, 1.0]
[315, 315, 315, 315, 100, 0.0, 1.0]
[315, 315, 315, 315, 100, 0.0, 1.0]
[315, 315, 315, 315, 100, 0.0, 1.0]
[315, 315, 315, 315, 100, 0.0, 1.0]
[315, 315, 315, 315, 100, 0.0, 1.0]
[315, 315, 315, 315, 100, 0.0, 1.0]
[315, 315, 315, 315, 100, 0.0, 1.0]
[315, 315, 315, 315, 100, 0.0, 1.0]
[315, 315, 315, 315, 100, 0.0, 1.0]
[315, 315, 315, 315, 100, 0.0, 1.0]
[315, 315, 315, 315, 100, 0.0, 1.0]
[315, 315, 315, 315, 100, 0.0, 1.0]
[315, 315, 315, 315, 100, 0.0, 1.0]
[315, 315, 315, 315, 100, 0.0, 1.0]
[315, 315, 315, 315, 100, 0.0, 1.0]
[315, 315, 315, 315, 100, 0.0, 1.0]
[315, 315, 315, 315, 100, 0.0, 1.0]
[315, 315, 315, 315, 100, 0.0, 1.0]
[315, 315, 315, 315, 100, 0.0, 1.0]
[315, 315, 315, 315, 100, 0.0, 1.0]
[315, 315, 315, 315, 100, 0.0, 1.0]
[315, 315, 315, 315, 100, 0.0, 1.0]
[315, 315, 315, 315, 100, 0.0, 1.0]
[315, 315, 315, 315, 100, 0.0, 1.0]
[315, 315, 315, 315, 100, 0.0, 1.0]
[315, 315, 315, 315, 100, 0.0, 1.0]
[315, 315, 315, 315, 100, 0.0, 1.0]
[315, 315, 315, 315, 100, 0.0, 1.0]
[315, 315, 315, 315, 100, 0.0, 1.0]
[315, 315, 315, 315, 100, 0.0, 1.0]
[315, 315, 315, 315, 100, 0.0, 1.0]
[315, 315, 315, 315, 100, 0.0, 1.0]
[315, 315, 315, 315, 100, 0.0, 1.0]
[315, 315, 315, 315, 100, 0.0, 1.0]
[315, 315, 315, 315, 100, 0.0, 1.0]
[315, 315, 315, 315, 100, 0.0, 1.0]
[315, 315, 315, 315, 100, 0.0, 1.0]
[315, 315, 315, 315, 100, 0.0, 1.0]
[315, 315, 315, 315, 100, 0.0, 1.0]
[315, 315, 315, 315, 100, 0.0, 1.0]
[315, 315, 315, 315, 100, 0.0, 1.0]
[315, 315, 315, 315, 100, 0.0, 1.0]
[315, 315, 315, 315, 100, 0.0, 1.0]
[315, 315, 315, 315, 100, 0.0, 1.0]
[315, 315, 315, 315, 100, 0.0, 1.0]
[315, 315, 315, 315, 100, 0.0, 1.0]
[315, 315, 315, 315, 100, 0.0, 1.0]
[315, 315, 315, 315, 100, 0.0, 1.0]
[315, 315, 315, 315, 100, 0.0, 1.0]
[315, 315, 315, 315, 100, 0.0, 1.0]
[315, 315, 315, 315, 100, 0.0, 1.0]
[315, 315, 315, 315, 100, 0.0, 1.0]
[315, 315, 315, 315, 100, 0.0, 1.0]
[315, 315, 315, 315, 100, 0.0, 1.0]
[315, 315, 315, 315, 100, 0.0, 1.0]
[315, 315, 315, 315, 100, 0.0, 1.0]
[315, 315, 315, 315, 100, 0.0, 1.0]
[315, 315, 315, 315, 100, 0.0, 1.0]
[315, 315, 315, 315, 100, 0.0, 1.0]
[315, 315, 315, 315, 100, 0.0, 1.0]
[315, 315, 315, 315, 100, 0.0, 1.0]
[315, 315, 315, 315, 100, 0.0, 1.0]
[315, 315, 315, 315, 100, 0.0, 1.0]
[315, 315, 315, 315, 100, 0.0, 1.0]
[315, 315, 315, 315, 100, 0.0, 1.0]
[315, 315, 315, 315, 100, 0.0, 1.0]
[315, 315, 315, 315, 100, 0.0, 1.0]
[315, 315, 315, 315, 100, 0.0, 1.0]
[315, 315, 315, 315, 100, 0.0, 1.0]
[315, 315, 315, 315, 100, 0.0, 1.0]
[315, 315, 315, 315, 100, 0.0, 1.0]
[315, 315, 315, 315, 100, 0.0, 1.0]
[315, 315, 315, 315, 100, 0.0, 1.0]
[315, 315, 315, 315, 100, 0.0, 1.0]
[315, 315, 315, 315, 100, 0.0, 1.0]
[315, 315, 315, 315, 100, 0.0, 1.0]
[315, 315, 315, 315, 100, 0.0, 1.0]
[315, 315, 315, 315, 100, 0.0, 1.0]
[315, 315, 315, 315, 100, 0.0, 1.0]
[315, 315, 315, 315, 100, 0.0, 1.0]
[315, 315, 315, 315, 100, 0.0, 1.0]
[315, 315, 315, 315, 100, 0.0, 1.0]
[315, 315, 315, 315, 100, 0.0, 1.0]
[315, 315, 315, 315, 100, 0.0, 1.0]
[315, 315, 315, 315, 100, 0.0, 1.0]
[315, 315, 315, 315, 100, 0.0, 1.0]
[315, 315, 315, 315, 100, 0.0, 1.0]
[315, 315, 315, 315, 100, 0.0, 1.0]
[315, 315, 315, 315, 100, 0.0, 1.0]
[315, 315, 315, 315, 100, 0.0, 1.0]
[315, 315, 315, 315, 100, 0.0, 1.0]
[315, 315, 315, 315, 100, 0.0, 1.0]
[315, 315, 315, 315, 100, 0.0, 1.0]
[315, 315, 315, 315, 100, 0.0, 1.0]
[315, 315, 315, 315, 100, 0.0, 1.0]
[315, 315, 315, 315, 100, 0.0, 1.0]
[315, 315, 315, 315, 100, 0.0, 1.0]
[315, 315, 315, 315, 100, 0.0, 1.0]
[315, 315, 315, 315, 100, 0.0, 1.0]
[315, 315, 315, 315, 100, 0.0, 1.0]
[315, 315, 315, 315, 100, 0.0, 1.0]
[315, 315, 315, 315, 100, 0.0, 1.0]
[315, 315, 315, 315, 100, 0.0, 1.0]
[315, 315, 315, 315, 100, 0.0, 1.0]
[315, 315, 315, 315, 100, 0.0, 1.0]
[315, 315, 315, 315, 100, 0.0, 1.0]
[315, 315, 315, 315, 100, 0.0, 1.0]
[315, 315, 315, 315, 100, 0.0, 1.0]
[315, 315, 315, 315, 100, 0.0, 1.0]
[315, 315, 315, 315, 100, 0.0, 1.0]
[315, 315, 315, 315, 100, 0.0, 1.0]
[315, 315, 315, 315, 100, 0.0, 1.0]
[315, 315, 315, 315, 100, 0.0, 1.0]
[315, 315, 315, 315, 100, 0.0, 1.0]
[315, 315, 315, 315, 100, 0.0, 1.0]
[315, 315, 315, 315, 100, 0.0, 1.0]
[315, 315, 315, 315, 100, 0.0, 1.0]
[315, 315, 315, 315, 100, 0.0, 1.0]
[315, 315, 315, 315, 100, 0.0, 1.0]
[315, 315, 315, 315, 100, 0.0, 1.0]
[315, 315, 315, 315, 100, 0.0, 1.0]
[315, 315, 315, 315, 100, 0.0, 1.0]
[315, 315, 315, 315, 100, 0.0, 1.0]
[315, 315, 315, 315, 100, 0.0, 1.0]
[315, 315, 315, 315, 100, 0.0, 1.0]
[315, 315, 315, 315, 100, 0.0, 1.0]
[315, 315, 315, 315, 100, 0.0, 1.0]
[315, 315, 315, 315, 100, 0.0, 1.0]
[315, 315, 315, 315, 100, 0.0, 1.0]
[315, 315, 315, 315, 100, 0.0, 1.0]
[315, 315, 315, 315, 100, 0.0, 1.0]
[315, 315, 315, 315, 100, 0.0, 1.0]
[315, 315, 315, 315, 100, 0.0, 1.0]
[315, 315, 315, 315, 100, 0.0, 1.0]
[315, 315, 315, 315, 100, 0.0, 1.0]
[315, 315, 315, 315, 100, 0.0, 1.0]
[315, 315, 315, 315, 100, 0.0, 1.0]
[315, 315, 315, 315, 100, 0.0, 1.0]
[315, 315, 315, 315, 100, 0.0, 1.0]
[315, 315, 315, 315, 100, 0.0, 1.0]
[315, 315, 315, 315, 100, 0.0, 1.0]
[315, 315, 315, 315, 100, 0.0, 1.0]
[315, 315, 315, 315, 100, 0.0, 1.0]
[315, 315, 315, 315, 100, 0.0, 1.0]
[315, 315, 315, 315, 100, 0.0, 1.0]
[315, 315, 315, 315, 100, 0.0, 1.0]
[315, 315, 315, 315, 100, 0.0, 1.0]
[315, 315, 315, 315, 100, 0.0, 1.0]
[315, 315, 315, 315, 100, 0.0, 1.0]
[315, 315, 315, 315, 100, 0.0, 1.0]
[315, 315, 315, 315, 100, 0.0, 1.0]
[315, 315, 315, 315, 100, 0.0, 1.0]
[315, 315, 315, 315, 100, 0.0, 1.0]
[315, 315, 315, 315, 100, 0.0, 1.0]
[315, 315, 315, 315, 100, 0.0, 1.0]
[315, 315, 315, 315, 100, 0.0, 1.0]
[315, 315, 315, 315, 100, 0.0, 1.0]
[315, 315, 315, 315, 100, 0.0, 1.0]
[315, 315, 315, 315, 100, 0.0, 1.0]
[315, 315, 315, 315, 100, 0.0, 1.0]
[315, 315, 315, 315, 100, 0.0, 1.0]
[315, 315, 315, 315, 100, 0.0, 1.0]
[315, 315, 315, 315, 100, 0.0, 1.0]
[315, 315, 315, 315, 100, 0.0, 1.0]
[315, 315, 315, 315, 100, 0.0, 1.0]
[315, 315, 315, 315, 100, 0.0, 1.0]
[315, 315, 315, 315, 100, 0.0, 1.0]
[315, 315, 315, 315, 100, 0.0, 1.0]
[315, 315, 315, 315, 100, 0.0, 1.0]
[315, 315, 315, 315, 100, 0.0, 1.0]
[315, 315, 315, 315, 100, 0.0, 1.0]
[315, 315, 315, 315, 100, 0.0, 1.0]
[315, 315, 315, 315, 100, 0.0, 1.0]
[315, 315, 315, 315, 100, 0.0, 1.0]
[315, 315, 315, 315, 100, 0.0, 1.0]
[315, 315, 315, 315, 100, 0.0, 1.0]
[315, 315, 315, 315, 100, 0.0, 1.0]
[315, 315, 315, 315, 100, 0.0, 1.0]
[315, 315, 315, 315, 100, 0.0, 1.0]
[315, 315, 315, 315, 100, 0.0, 1.0]
[315, 315, 315, 315, 100, 0.0, 1.0]
[315, 315, 315, 315, 100, 0.0, 1.0]
[315, 315, 315, 315, 100, 0.0, 1.0]
[315, 315, 315, 315, 100, 0.0, 1.0]
[315, 315, 315, 315, 100, 0.0, 1.0]
[315, 315, 315, 315, 100, 0.0, 1.0]
[315, 315, 315, 315, 100, 0.0, 1.0]
[315, 315, 315, 315, 100, 0.0, 1.0]
[315, 315, 315, 315, 100, 0.0, 1.0]
[315, 315, 315, 315, 100, 0.0, 1.0]
[315, 315, 315, 315, 100, 0.0, 1.0]
[315, 315, 315, 315, 100, 0.0, 1.0]
[315, 315, 315, 315, 100, 0.0, 1.0]
[315, 315, 315, 315, 100, 0.0, 1.0]
[315, 315, 315, 315, 100, 0.0, 1.0]
[315, 315, 315, 315, 100, 0.0, 1.0]
[315, 315, 315, 315, 100, 0.0, 1.0]
[315, 315, 315, 315, 100, 0.0, 1.0]
[315, 315, 315, 315, 100, 0.0, 1.0]
[315, 315, 315, 315, 100, 0.0, 1.0]
[315, 315, 315, 315, 100, 0.0, 1.0]
[315, 315, 313, 315, 100, 0.0, 1.0]
[315, 315, 308, 315, 100, 0.0, 1.0]
[315, 315, 303, 315, 100, 0.0, 1.0]
[315, 315, 298, 315, 100, 0.0, 1.0]
[315, 315, 293, 315, 100, 0.0, 1.0]
[315, 315, 288, 315, 100, 0.0, 1.0]
[315, 315, 284, 315, 100, 0.0, 1.0]
[315, 315, 279, 315, 100, 0.0, 1.0]
[315, 315, 274, 315, 100, 0.0, 1.0]
[315, 315, 269, 315, 100, 0.0, 1.0]
[315, 315, 264, 315, 100, 0.0, 1.0]
[315, 315, 259, 315, 100, 0.0, 1.0]
[315, 315, 255, 315, 100, 0.0, 1.0]
[315, 315, 250, 315, 100, 0.0, 1.0]
[315, 315, 245, 315, 100, 0.0, 1.0]
[315, 315, 240, 315, 100, 0.0, 1.0]
[315, 315, 235, 315, 100, 0.0, 1.0]
[315, 315, 231, 315, 100, 0.0, 1.0]
[315, 315, 226, 315, 100, 0.0, 1.0]
[315, 315, 221, 315, 100, 0.0, 1.0]
[315, 315, 216, 315, 100, 0.0, 1.0]
[315, 315, 212, 315, 100, 0.0, 1.0]
[315, 315, 207, 315, 100, 0.0, 1.0]
[315, 315, 202, 315, 100, 0.0, 1.0]
[315, 315, 198, 315, 100, 0.0, 1.0]
[315, 315, 193, 315, 100, 0.0, 1.0]
[315, 315, 188, 315, 100, 0.0, 1.0]
[315, 315, 184, 315, 100, 0.0, 1.0]
[315, 315, 179, 315, 100, 0.0, 1.0]
[315, 315, 175, 315, 100, 0.0, 1.0]
[315, 315, 170, 315, 100, 0.0, 1.0]
[315, 315, 165, 315, 100, 0.0, 1.0]
[315, 315, 161, 315, 100, 0.0, 1.0]
[315, 315, 156, 315, 100, 0.0, 1.0]
[315, 315, 152, 315, 100, 0.0, 1.0]
[315, 315, 148, 315, 100, 0.0, 1.0]
[315, 315, 143, 315, 100, 0.0, 1.0]
[315, 315, 139, 315, 100, 0.0, 1.0]
[315, 315, 135, 315, 100, 0.0, 1.0]
[315, 315, 130, 315, 100, 0.0, 1.0]
[315, 315, 126, 315, 100, 0.0, 1.0]
[315, 315, 122, 315, 100, 0.0, 1.0]
[315, 315, 118, 315, 100, 0.0, 1.0]
[315, 315, 114, 315, 100, 0.0, 1.0]
[315, 315, 110, 315, 100, 0.0, 1.0]
[315, 315, 106, 315, 100, 0.0, 1.0]
[315, 315, 103, 315, 100, 0.0, 1.0]
[315, 315, 99, 315, 100, 0.0, 1.0]
[315, 315, 96, 315, 100, 0.0, 1.0]
[315, 315, 92, 315, 100, 0.0, 1.0]
[315, 315, 89, 315, 100, 0.0, 1.0]
[315, 315, 86, 315, 100, 0.0, 1.0]
[315, 315, 84, 315, 100, 0.0, 1.0]
[315, 315, 81, 315, 100, 0.0, 1.0]
[315, 315, 79, 315, 100, 0.0, 1.0]
[315, 315, 77, 315, 100, 0.0, 1.0]
[315, 315, 75, 315, 100, 0.0, 1.0]
[315, 315, 73, 315, 100, 0.0, 1.0]
[315, 315, 72, 315, 100, 0.0, 1.0]
[315, 315, 71, 315, 100, 0.0, 1.0]
[315, 315, 71, 315, 100, 0.0, 1.0]
[315, 315, 71, 315, 100, 0.0, 1.0]
[315, 315, 71, 315, 100, 0.0, 1.0]
[315, 315, 71, 315, 100, 0.0, 1.0]
[315, 315, 71, 315, 100, 0.0, 1.0]
[315, 315, 71, 315, 100, 0.0, 1.0]
[315, 315, 71, 315, 100, 0.0, 1.0]
[315, 315, 71, 315, 100, 0.0, 1.0]
[315, 315, 71, 315, 100, 0.0, 1.0]
[315, 315, 66, 315, 100, 0.0, 1.0]
[315, 315, 61, 315, 100, 0.0, 1.0]
[315, 315, 56, 315, 100, 0.0, 1.0]
[315, 315, 51, 315, 100, 0.0, 1.0]
[315, 315, 46, 315, 100, 0.0, 1.0]
[315, 315, 41, 315, 100, 0.0, 1.0]
[315, 315, 36, 315, 100, 0.0, 1.0]
[315, 315, 31, 315, 100, 0.0, 1.0]
[315, 315, 26, 315, 100, 0.0, 1.0]
[315, 315, 21, 315, 100, 0.0, 1.0]
[315, 315, 16, 315, 100, 0.0, 1.0]
[315, 315, 315, 315, 100, 0.5, 1.0]
[315, 315, 315, 315, 100, 0.5, 1.0]
[315, 315, 315, 315, 100, 0.5, 1.0]
[315, 315, 315, 315, 100, 0.5, 1.0]
[315, 315, 315, 315, 100, 0.5, 1.0]
[315, 315, 315, 315, 100, 0.5, 1.0]
[315, 315, 315, 315, 100, 0.5, 1.0]
[315, 315, 315, 315, 100, 0.5, 1.0]
[315, 315, 315, 315, 100, 0.5, 1.0]
[315, 315, 315, 315, 100, 0.5, 1.0]
[315, 315, 315, 315, 100, 0.5, 1.0]
[315, 315, 315, 315, 100, 0.5, 1.0]
[315, 315, 315, 315, 100, 0.5, 1.0]
[315, 315, 315, 315, 100, 0.5, 1.0]
[315, 315, 315, 315, 100, 0.5, 1.0]
[315, 315, 315, 315, 100, 0.5, 1.0]
[315, 315, 315, 315, 100, 0.5, 1.0]
[315, 315, 315, 315, 100, 0.5, 1.0]
[315, 315, 315, 315, 100, 0.5, 1.0]
[315, 315, 315, 315, 100, 0.5, 1.0]
[315, 315, 315, 315, 100, 0.5, 1.0]
[315, 315, 315, 315, 100, 0.5, 1.0]
[315, 315, 315, 315, 100, 0.5, 1.0]
[315, 315, 315, 315, 100, 0.5, 1.0]
[315, 315, 315, 315, 100, 0.5, 1.0]
[315, 315, 315, 315, 100, 0.5, 1.0]
[315, 315, 315, 315, 100, 0.5, 1.0]
[315, 315, 315, 315, 100, 0.5, 1.0]
[315, 315, 315, 315, 100, 0.5, 1.0]
[315, 315, 315, 315, 100, 0.5, 1.0]
[315, 315, 315, 315, 100, 0.5, 1.0]
[315, 315, 315, 315, 100, 0.5, 1.0]
[315, 315, 315, 315, 100, 0.5, 1.0]
[315, 315, 315, 315, 100, 0.5, 1.0]
[315, 315, 315, 315, 100, 0.5, 1.0]
[315, 315, 315, 315, 100, 0.5, 1.0]
[315, 315, 315, 315, 100, 0.5, 1.0]
[315, 315, 315, 315, 100, 0.5, 1.0]
[315, 315, 315, 315, 100, 0.5, 1.0]
[315, 315, 315, 315, 100, 0.5, 1.0]
[315, 315, 315, 315, 100, 0.5, 1.0]
[315, 315, 315, 315, 100, 0.5, 1.0]
[315, 315, 315, 315, 100, 0.5, 1.0]
[315, 315, 315, 315, 100, 0.5, 1.0]
[315, 315, 315, 315, 100, 0.5, 1.0]
[315, 315, 315, 315, 100, 0.5, 1.0]
[315, 315, 315, 315, 100, 0.5, 1.0]
[315, 315, 315, 315, 100, 0.5, 1.0]
[315, 315, 315, 315, 100, 0.5, 1.0]
[315, 315, 315, 315, 100, 0.5, 1.0]
[315, 315, 315, 315, 100, 0.5, 1.0]
[315, 315, 315, 315, 100, 0.5, 1.0]
[315, 315, 315, 315, 100, 0.5, 1.0]
[315, 315, 315, 315, 100, 0.5, 1.0]
[315, 315, 315, 315, 100, 0.5, 1.0]
[315, 315, 315, 315, 100, 0.5, 1.0]
[315, 315, 315, 315, 100, 0.5, 1.0]
[315, 315, 315, 315, 100, 0.5, 1.0]
[315, 315, 315, 315, 100, 0.5, 1.0]
[315, 315, 315, 315, 100, 0.5, 1.0]
[315, 315, 315, 315, 100, 0.5, 1.0]
[315, 315, 315, 315, 100, 0.5, 1.0]
[315, 315, 315, 315, 100, 0.5, 1.0]
[315, 315, 315, 315, 100, 0.5, 1.0]
[315, 315, 315, 315, 100, 0.5, 1.0]
[315, 315, 315, 315, 100, 0.5, 1.0]
[315, 315, 315, 315, 100, 0.5, 1.0]
[315, 315, 315, 315, 100, 0.5, 1.0]
[315, 315, 315, 315, 100, 0.5, 1.0]
[315, 315, 315, 315, 100, 0.5, 1.0]
[315, 315, 315, 315, 100, 0.5, 1.0]
[315, 315, 315, 315, 100, 0.5, 1.0]
[315, 315, 315, 315, 100, 0.5, 1.0]
[315, 315, 315, 315, 100, 0.5, 1.0]
[315, 315, 315, 315, 100, 0.5, 1.0]
[315, 315, 315, 315, 100, 0.5, 1.0]
[315, 315, 315, 315, 100, 0.5, 1.0]
[315, 315, 315, 315, 100, 0.5, 1.0]
[315, 315, 315, 315, 100, 0.5, 1.0]
[315, 315, 315, 315, 100, 0.5, 1.0]
[315, 315, 315, 315, 100, 0.5, 1.0]
[315, 315, 315, 315, 100, 0.5, 1.0]
[315, 315, 315, 315, 100, 0.5, 1.0]
[315, 315, 315, 315, 100, 0.5, 1.0]
[315, 315, 315, 315, 100, 0.5, 1.0]
[315, 315, 315, 315, 100, 0.5, 1.0]
[315, 315, 315, 315, 100, 0.5, 1.0]
[315, 315, 315, 315, 100, 0.5, 1.0]
[315, 315, 315, 315, 100, 0.5, 1.0]
[315, 315, 315, 315, 100, 0.5, 1.0]
[315, 315, 315, 315, 100, 0.5, 1.0]
[315, 315, 315, 315, 100, 0.5, 1.0]
[315, 315, 315, 315, 100, 0.5, 1.0]
[315, 315, 315, 315, 100, 0.5, 1.0]
[315, 315, 315, 315, 100, 0.5, 1.0]
[315, 315, 315, 315, 100, 0.5, 1.0]
[315, 315, 315, 315, 100, 0.5, 1.0]
[315, 315, 315, 315, 100, 0.5, 1.0]
[315, 315, 315, 315, 100, 0.5, 1.0]
[315, 315, 315, 315, 100, 0.5, 1.0]
[315, 315, 315, 315, 100, 0.5, 1.0]
[315, 315, 315, 315, 100, 0.5, 1.0]
[315, 315, 315, 315, 100, 0.5, 1.0]
[315, 315, 315, 315, 100, 0.5, 1.0]
[315, 315, 315, 315, 100, 0.5, 1.0]
[315, 315, 315, 315, 100, 0.5, 1.0]
[315, 315, 315, 315, 100, 0.5, 1.0]
[315, 315, 315, 315, 100, 0.5, 1.0]
[315, 315, 315, 315, 100, 0.5, 1.0]
[315, 315, 315, 315, 100, 0.5, 1.0]
[315, 315, 315, 315, 100, 0.5, 1.0]
[315, 315, 315, 315, 100, 0.5, 1.0]
[315, 315, 315, 315, 100, 0.5, 1.0]
[315, 315, 315, 315, 100, 0.5, 1.0]
[315, 315, 315, 315, 100, 0.5, 1.0]
[315, 315, 315, 315, 100, 0.5, 1.0]
[315, 315, 315, 315, 100, 0.5, 1.0]
[315, 315, 315, 315, 100, 0.5, 1.0]
[315, 315, 315, 315, 100, 0.5, 1.0]
[315, 315, 315, 315, 100, 0.5, 1.0]
[315, 315, 315, 315, 100, 0.5, 1.0]
[315, 315, 315, 315, 100, 0.5, 1.0]
[315, 315, 315, 315, 100, 0.5, 1.0]
[315, 315, 315, 315, 100, 0.5, 1.0]
[315, 315, 315, 315, 100, 0.5, 1.0]
[315, 315, 315, 315, 100, 0.5, 1.0]
[315, 315, 315, 315, 100, 0.5, 1.0]
[315, 315, 315, 315, 100, 0.5, 1.0]
[315, 315, 315, 315, 100, 0.5, 1.0]
[315, 315, 315, 315, 100, 0.5, 1.0]
[315, 315, 315, 315, 100, 0.5, 1.0]
[315, 315, 315, 315, 100, 0.5, 1.0]
[315, 315, 315, 315, 100, 0.5, 1.0]
[315, 315, 315, 315, 100, 0.5, 1.0]
[315, 315, 315, 315, 100, 0.5, 1.0]
[315, 315, 315, 315, 100, 0.5, 1.0]
[315, 315, 315, 315, 100, 0.5, 1.0]
[315, 315, 315, 315, 100, 0.5, 1.0]
[315, 315, 315, 315, 100, 0.5, 1.0]
[315, 315, 315, 315, 100, 0.5, 1.0]
[315, 315, 315, 315, 100, 0.5, 1.0]
[315, 315, 315, 315, 100, 0.5, 1.0]
[315, 315, 315, 315, 100, 0.5, 1.0]
[315, 315, 315, 315, 100, 0.5, 1.0]
[315, 315, 315, 315, 100, 0.5, 1.0]
[315, 315, 315, 315, 100, 0.5, 1.0]
[315, 315, 315, 315, 100, 0.5, 1.0]
[315, 315, 315, 315, 100, 0.5, 1.0]
[315, 315, 315, 315, 100, 0.5, 1.0]
[315, 315, 315, 315, 100, 0.5, 1.0]
[315, 315, 315, 315, 100, 0.5, 1.0]
[315, 315, 315, 315, 100, 0.5, 1.0]
[315, 315, 315, 315, 100, 0.5, 1.0]
[315, 315, 315, 315, 100, 0.5, 1.0]
[315, 315, 315, 315, 100, 0.5, 1.0]
[315, 315, 315, 315, 100, 0.5, 1.0]
[315, 315, 315, 315, 100, 0.5, 1.0]
[315, 315, 315, 315, 100, 0.5, 1.0]
[315, 315, 315, 315, 100, 0.5, 1.0]
[315, 315, 315, 315, 100, 0.5, 1.0]
[315, 315, 315, 315, 100, 0.5, 1.0]
[315, 315, 315, 315, 100, 0.5, 1.0]
[315, 315, 315, 315, 100, 0.5, 1.0]
[315, 315, 315, 315, 100, 0.5, 1.0]
[315, 315, 315, 315, 100, 0.5, 1.0]
[315, 315, 315, 315, 100, 0.5, 1.0]
[315, 315, 315, 315, 100, 0.5, 1.0]
[315, 315, 315, 315, 100, 0.5, 1.0]
[315, 315, 315, 315, 100, 0.5, 1.0]
[315, 315, 315, 315, 100, 0.5, 1.0]
[315, 315, 315, 315, 100, 0.5, 1.0]
[315, 315, 315, 315, 100, 0.5, 1.0]
[315, 315, 315, 315, 100, 0.5, 1.0]
[315, 315, 315, 315, 100, 0.5, 1.0]
[310, 315, 315, 315, 100, 0.5, 1.0]
[305, 315, 315, 315, 100, 0.5, 1.0]
[300, 315, 315, 315, 100, 0.5, 1.0]
[296, 315, 315, 315, 100, 0.5, 1.0]
[291, 315, 315, 315, 100, 0.5, 1.0]
[286, 315, 315, 315, 100, 0.5, 1.0]
[281, 315, 315, 315, 100, 0.5, 1.0]
[276, 315, 315, 315, 100, 0.5, 1.0]
[272, 315, 315, 315, 100, 0.5, 1.0]
[267, 315, 315, 315, 100, 0.5, 1.0]
[262, 315, 315, 315, 100, 0.5, 1.0]
[257, 315, 315, 315, 100, 0.5, 1.0]
[252, 315, 315, 315, 100, 0.5, 1.0]
[248, 315, 315, 315, 100, 0.5, 1.0]
[243, 315, 315, 315, 100, 0.5, 1.0]
[238, 315, 315, 315, 100, 0.5, 1.0]
[234, 315, 315, 315, 100, 0.5, 1.0]
[229, 315, 315, 315, 100, 0.5, 1.0]
[224, 315, 315, 315, 100, 0.5, 1.0]
[220, 315, 315, 315, 100, 0.5, 1.0]
[215, 315, 315, 315, 100, 0.5, 1.0]
[210, 315, 315, 315, 100, 0.5, 1.0]
[206, 315, 315, 315, 100, 0.5, 1.0]
[201, 315, 315, 315, 100, 0.5, 1.0]
[196, 315, 315, 315, 100, 0.5, 1.0]
[192, 315, 315, 315, 100, 0.5, 1.0]
[187, 315, 315, 315, 100, 0.5, 1.0]
[183, 315, 315, 315, 100, 0.5, 1.0]
[178, 315, 315, 315, 100, 0.5, 1.0]
[174, 315, 315, 315, 100, 0.5, 1.0]
[170, 315, 315, 315, 100, 0.5, 1.0]
[165, 315, 315, 315, 100, 0.5, 1.0]
[161, 315, 315, 315, 100, 0.5, 1.0]
[156, 315, 315, 315, 100, 0.5, 1.0]
[152, 315, 315, 315, 100, 0.5, 1.0]
[148, 315, 315, 315, 100, 0.5, 1.0]
[144, 315, 315, 315, 100, 0.5, 1.0]
[140, 315, 315, 315, 100, 0.5, 1.0]
[136, 315, 315, 315, 100, 0.5, 1.0]
[132, 315, 315, 315, 100, 0.5, 1.0]
[128, 315, 315, 315, 100, 0.5, 1.0]
[124, 315, 315, 315, 100, 0.5, 1.0]
[120, 315, 315, 315, 100, 0.5, 1.0]
[116, 315, 315, 315, 100, 0.5, 1.0]
[113, 315, 315, 315, 100, 0.5, 1.0]
[109, 315, 315, 315, 100, 0.5, 1.0]
[106, 315, 315, 315, 100, 0.5, 1.0]
[103, 315, 315, 315, 100, 0.5, 1.0]
[100, 315, 315, 315, 100, 0.5, 1.0]
[97, 315, 315, 315, 100, 0.5, 1.0]
[94, 315, 315, 315, 100, 0.5, 1.0]
[91, 315, 315, 315, 100, 0.5, 1.0]
[89, 315, 315, 315, 100, 0.5, 1.0]
[87, 315, 315, 315, 100, 0.5, 1.0]
[85, 315, 315, 315, 100, 0.5, 1.0]
[83, 315, 315, 315, 100, 0.5, 1.0]
[82, 315, 315, 315, 100, 0.5, 1.0]
[81, 315, 315, 315, 100, 0.5, 1.0]
[80, 315, 315, 315, 100, 0.5, 1.0]
[80, 315, 315, 315, 100, 0.5, 1.0]
[75, 315, 315, 315, 100, 0.5, 1.0]
[70, 315, 315, 315, 100, 0.5, 1.0]
[65, 315, 315, 315, 100, 0.5, 1.0]
[60, 315, 315, 315, 100, 0.5, 1.0]
[55, 315, 315, 315, 100, 0.5, 1.0]
[50, 315, 315, 315, 100, 0.5, 1.0]
[45, 315, 315, 315, 100, 0.5, 1.0]
[40, 315, 315, 315, 100, 0.5, 1.0]
[35, 315, 315, 315, 100, 0.5, 1.0]
[30, 315, 315, 315, 100, 0.5, 1.0]
