[315, 315, 315, 315, 100, 0.0, 0.0]
[315, 315, 315, 315, 100, 0.0, 0.0]
[315, 315, 315, 315, 100, 0.0, 0.0]
[315, 315, 315, 315, 100, 0.0, 0.0]
[315, 315, 315, 315, 100, 0.0, 0.0]
[315, 315, 315, 315, 100, 0.0, 0.0]
[315, 315, 315, 315, 100, 0.0, 0.0]
[315, 315, 315, 315, 100, 0.0, 0.0]
[315, 315, 315, 315, 100, 0.0, 0.0]
[315, 315, 315, 315, 100, 0.0, 0.0]
[315, 315, 315, 315, 100, 0.0, 0.0]
[315, 315, 315, 315, 100, 0.0, 0.0]
[315, 315, 315, 315, 100, 0.0, 0.0]
[315, 315, 315, 315, 100, 0.0, 0.0]
[315, 315, 315, 315, 100, 0.0, 0.0]
[315, 315, 315, 315, 100, 0.0, 0.0]
[315, 315, 315, 315, 100, 0.0, 0.0]
[315, 315, 315, 315, 100, 0.0, 0.0]
[315, 315, 315, 315, 100, 0.0, 0.0]
[315, 315, 315, 315, 100, 0.0, 0.0]
[315, 315, 315, 315, 100, 0.0, 0.0]
[315, 315, 315, 315, 100, 0.0, 0.0]
[315, 315, 315, 315, 100, 0.0, 0.0]
[315, 315, 315, 315, 100, 0.0, 0.0]
[315, 315, 315, 315, 100, 0.0, 0.0]
[315, 315, 315, 315, 100, 0.0, 0.0]
[315, 315, 315, 315, 100, 0.0, 0.0]
[315, 315, 315, 315, 100, 0.0, 0.0]
[315, 315, 315, 315, 100, 0.0, 0.0]
[315, 315, 315, 315, 100, 0.0, 0.0]
[315, 315, 315, 315, 100, 0.0, 0.0]
[315, 315, 315, 315, 100, 0.0, 0.0]
[315, 315, 315, 315, 100, 0.0, 0.0]
[315, 315, 315, 315, 100, 0.0, 0.0]
[315, 315, 315, 315, 100, 0.0, 0.0]
[315, 315, 315, 315, 100, 0.0, 0.0]
[315, 315, 315, 315, 100, 0.0, 0.0]
[315, 315, 315, 315, 100, 0.0, 0.0]
[315, 315, 315, 315, 100, 0.0, 0.0]
[315, 315, 315, 315, 100, 0.0, 0.0]
[315, 315, 315, 315, 100, 0.0, 0.0]
[315, 315, 315, 315, 100, 0.0, 0.0]
[315, 315, 315, 315, 100, 0.0, 0.0]
[315, 315, 315, 315, 100, 0.0, 0.0]
[315, 315, 315, 315, 100, 0.0, 0.0]
[315, 315, 315, 315, 100, 0.0, 0.0]
[315, 315, 315, 315, 100, 0.0, 0.0]
[315, 315, 315, 315, 100, 0.0, 0.0]
[315, 315, 315, 315, 100, 0.0, 0.0]
[315, 315, 315, 315, 100, 0.0, 0.0]
[315, 315, 315, 315, 100, 0.0, 0.0]
[315, 315, 315, 315, 100, 0.0, 0.0]
[315, 315, 315, 315, 100, 0.0, 0.0]
[315, 315, 315, 315, 100, 0.0, 0.0]
[315, 315, 315, 315, 100, 0.0, 0.0]
[315, 315, 315, 315, 100, 0.0, 0.0]
[315, 315, 315, 315, 100, 0.0, 0.0]
[315, 315, 315, 315, 100, 0.0, 0.0]
[315, 315, 315, 315, 100, 0.0, 0.0]
[315, 315, 315, 315, 100, 0.0, 0.0]
[315, 315, 315, 315, 100, 0.0, 0.0]
[315, 315, 315, 315, 100, 0.0, 0.0]
[315, 315, 315, 315, 100, 0.0, 0.0]
[315, 315, 315, 315, 100, 0.0, 0.0]
[315, 315, 315, 315, 100, 0.0, 0.0]
[315, 315, 315, 315, 100, 0.0, 0.0]
[315, 315, 315, 315, 100, 0.0, 0.0]
[315, 315, 315, 315, 100, 0.0, 0.0]
[315, 315, 315, 315, 100, 0.0, 0.0]
[315, 315, 315, 315, 100, 0.0, 0.0]
[315, 315, 315, 315, 100, 0.0, 0.0]
[315, 315, 315, 315, 100, 0.0, 0.0]
[315, 315, 315, 315, 100, 0.0, 0.0]
[315, 315, 315, 315, 100, 0.0, 0.0]
[315, 315, 315, 315, 100, 0.0, 0.0]
[315, 315, 315, 315, 100, 0.0, 0.0]
[315, 315, 315, 315, 100, 0.0, 0.0]
[315, 315, 315, 315, 100, 0.0, 0.0]
[315, 315, 315, 315, 100, 0.0, 0.0]
[315, 315, 315, 315, 100, 0.0, 0.0]
[315, 315, 315, 315, 100, 0.0, 0.0]
[315, 315, 315, 315, 100, 0.0, 0.0]
[315, 315, 315, 315, 100, 0.0, 0.0]
[315, 315, 315, 315, 100, 0.0, 0.0]
[315, 315, 315, 315, 100, 0.0, 0.0]
[315, 315, 315, 315, 100, 0.0, 0.0]
[315, 315, 315, 315, 100, 0.0, 0.0]
[315, 315, 315, 315, 100, 0.0, 0.0]
[315, 315, 315, 315, 100, 0.0, 0.0]
[315, 315, 315, 315, 100, 0.0, 0.0]
[315, 315, 315, 315, 100, 0.0, 0.0]
[315, 315, 315, 315, 100, 0.0, 0.0]
[315, 315, 315, 315, 100, 0.0, 0.0]
[315, 315, 315, 315, 100, 0.0, 0.0]
[315, 315, 315, 315, 100, 0.0, 0.0]
[315, 315, 315, 315, 100, 0.0, 0.0]
[315, 315, 315, 315, 100, 0.0, 0.0]
[315, 315, 315, 315, 100, 0.0, 0.0]
[315, 315, 315, 315, 100, 0.0, 0.0]
[315, 315, 315, 315, 100, 0.0, 0.0]
[315, 315, 315, 310, 100, 0.0, 0.0]
[315, 315, 315, 305, 100, 0.0, 0.0]
[315, 315, 315, 300, 100, 0.0, 0.0]
[315, 315, 315, 295, 100, 0.0, 0.0]
[315, 315, 315, 290, 100, 0.0, 0.0]
[315, 315, 315, 285, 100, 0.0, 0.0]
[315, 315, 315, 280, 100, 0.0, 0.0]
[315, 315, 315, 275, 100, 0.0, 0.0]
[315, 315, 315, 270, 100, 0.0, 0.0]
[315, 315, 315, 265, 100, 0.0, 0.0]
[315, 312, 315, 260, 100, 0.0, 0.0]
[315, 308, 315, 255, 100, 0.0, 0.0]
[315, 304, 315, 250, 100, 0.0, 0.0]
[315, 300, 315, 245, 100, 0.0, 0.0]
[315, 296, 315, 240, 100, 0.0, 0.0]
[315, 292, 315, 235, 100, 0.0, 0.0]
[315, 288, 315, 230, 100, 0.0, 0.0]
[315, 284, 315, 225, 100, 0.0, 0.0]
[315, 280, 315, 220, 100, 0.0, 0.0]
[315, 276, 315, 215, 100, 0.0, 0.0]
[315, 272, 315, 210, 100, 0.0, 0.0]
[315, 269, 315, 205, 100, 0.0, 0.0]
[315, 265, 315, 200, 100, 0.0, 0.0]
[315, 261, 315, 195, 100, 0.0, 0.0]
[315, 258, 315, 190, 100, 0.0, 0.0]
[315, 254, 315, 185, 100, 0.0, 0.0]
[315, 251, 315, 180, 100, 0.0, 0.0]
[315, 247, 315, 175, 100, 0.0, 0.0]
[315, 244, 315, 170, 100, 0.0, 0.0]
[315, 240, 315, 165, 100, 0.0, 0.0]
[315, 237, 315, 160, 100, 0.0, 0.0]
[315, 234, 315, 155, 100, 0.0, 0.0]
[315, 231, 315, 150, 100, 0.0, 0.0]
[315, 228, 315, 145, 100, 0.0, 0.0]
[315, 225, 315, 140, 100, 0.0, 0.0]
[315, 222, 315, 135, 100, 0.0, 0.0]
[315, 219, 315, 130, 100, 0.0, 0.0]
[315, 216, 315, 125, 100, 0.0, 0.0]
[315, 213, 315, 120, 100, 0.0, 0.0]
[315, 210, 315, 115, 100, 0.0, 0.0]
[315, 208, 315, 110, 100, 0.0, 0.0]
[315, 205, 315, 105, 100, 0.0, 0.0]
[315, 203, 315, 100, 100, 0.0, 0.0]
[315, 201, 315, 95, 100, 0.0, 0.0]
[315, 199, 315, 90, 100, 0.0, 0.0]
[315, 195, 315, 85, 100, 0.0, 0.0]
[315, 192, 315, 80, 100, 0.0, 0.0]
[315, 189, 315, 75, 100, 0.0, 0.0]
[315, 186, 315, 70, 100, 0.0, 0.0]
[315, 184, 315, 65, 100, 0.0, 0.0]
[315, 181, 315, 60, 100, 0.0, 0.0]
[315, 179, 315, 55, 100, 0.0, 0.0]
[315, 177, 315, 50, 100, 0.0, 0.0]
[315, 174, 315, 45, 100, 0.0, 0.0]
[315, 172, 315, 40, 100, 0.0, 0.0]
[315, 170, 315, 35, 100, 0.0, 0.0]
[315, 169, 315, 30, 100, 0.0, 0.0]
[315, 167, 315, 315, 100, 0.0, 0.0]
[315, 166, 315, 315, 100, 0.0, 0.0]
[315, 165, 315, 315, 100, 0.0, 0.0]
[315, 164, 315, 315, 100, 0.0, 0.0]
[315, 163, 315, 315, 100, 0.0, 0.0]
[315, 162, 315, 315, 100, 0.0, 0.0]
[315, 161, 315, 315, 100, 0.0, 0.0]
[315, 161, 315, 315, 100, 0.0, 0.0]
[315, 160, 315, 315, 100, 0.0, 0.0]
[315, 159, 315, 315, 100, 0.0, 0.0]
[315, 153, 315, 315, 100, 0.0, 0.0]
[315, 147, 315, 315, 100, 0.0, 0.0]
[315, 141, 315, 315, 100, 0.0, 0.0]
[315, 135, 315, 315, 100, 0.0, 0.0]
[315, 129, 315, 315, 100, 0.0, 0.0]
[315, 123, 315, 315, 100, 0.0, 0.0]
[315, 117, 315, 315, 100, 0.0, 0.0]
[315, 111, 315, 315, 100, 0.0, 0.0]
[315, 105, 315, 315, 100, 0.0, 0.0]
[315, 99, 315, 315, 100, 0.0, 0.0]
[315, 94, 315, 315, 100, 0.0, 0.0]
[315, 88, 315, 315, 100, 0.0, 0.0]
[315, 82, 315, 315, 100, 0.0, 0.0]
[315, 76, 315, 315, 100, 0.0, 0.0]
[315, 70, 315, 315, 100, 0.0, 0.0]
[315, 65, 315, 315, 100, 0.0, 0.0]
[315, 59, 315, 315, 100, 0.0, 0.0]
[315, 53, 315, 315, 100, 0.0, 0.0]
[315, 47, 315, 315, 100, 0.0, 0.0]
[315, 41, 315, 315, 100, 0.0, 0.0]
[315, 37, 315, 315, 100, 0.0, 0.0]
[315, 35, 315, 315, 100, 0.0, 0.0]
[315, 34, 315, 315, 100, 0.0, 0.0]
[315, 33, 315, 315, 100, 0.0, 0.0]
[315, 32, 315, 315, 100, 0.0, 0.0]
[315, 39, 315, 315, 95, 0.0, 0.0]
[315, 38, 315, 315, 95, 0.0, 0.0]
[315, 37, 315, 315, 95, 0.0, 0.0]
[315, 35, 315, 315, 95, 0.0, 0.0]
[315, 34, 315, 315, 95, 0.0, 0.0]
[315, 34, 315, 315, 95, 0.0, 0.0]
[315, 53, 315, 315, 95, 0.0, 0.0]
[315, 52, 315, 315, 95, 0.0, 0.0]
[315, 51, 315, 315, 95, 0.0, 0.0]
[315, 50, 315, 315, 95, 0.0, 0.0]
[315, 48, 315, 315, 95, 0.0, 0.0]
[315, 47, 315, 315, 95, 0.0, 0.0]
[315, 47, 315, 315, 95, 0.0, 0.0]
[315, 45, 315, 315, 95, 0.0, 0.0]
[315, 44, 315, 315, 95, 0.0, 0.0]
[315, 43, 315, 315, 95, 0.0, 0.0]
[315, 42, 315, 315, 95, 0.0, 0.0]
[315, 42, 315, 315, 95, 0.0, 0.0]
[315, 41, 315, 315, 95, 0.0, 0.0]
[315, 40, 315, 315, 95, 0.0, 0.0]
[315, 39, 315, 315, 95, 0.0, 0.0]
[315, 38, 315, 315, 95, 0.0, 0.0]
[315, 37, 315, 315, 95, 0.0, 0.0]
[315, 35, 315, 315, 95, 0.0, 0.0]
[315, 34, 315, 315, 95, 0.0, 0.0]
[315, 34, 315, 315, 95, 0.0, 0.0]
[315, 32, 315, 315, 95, 0.0, 0.0]
[315, 40, 315, 315, 90, 0.0, 0.0]
[315, 39, 315, 315, 90, 0.0, 0.0]
[315, 38, 315, 315, 90, 0.0, 0.0]
[315, 37, 315, 315, 90, 0.0, 0.0]
[315, 35, 315, 315, 90, 0.0, 0.0]
[315, 34, 315, 315, 90, 0.0, 0.0]
[315, 33, 315, 315, 90, 0.0, 0.0]
[315, 52, 315, 315, 90, 0.0, 0.0]
[315, 51, 315, 315, 90, 0.0, 0.0]
[315, 50, 315, 315, 90, 0.0, 0.0]
[315, 48, 315, 315, 90, 0.0, 0.0]
[315, 47, 315, 315, 90, 0.0, 0.0]
[315, 47, 315, 315, 90, 0.0, 0.0]
[315, 46, 315, 315, 90, 0.0, 0.0]
[315, 45, 315, 315, 90, 0.0, 0.0]
[315, 44, 315, 315, 90, 0.0, 0.0]
[315, 43, 315, 315, 90, 0.0, 0.0]
[315, 42, 315, 315, 90, 0.0, 0.0]
[315, 41, 315, 315, 90, 0.0, 0.0]
[315, 40, 315, 315, 90, 0.0, 0.0]
[315, 39, 315, 315, 90, 0.0, 0.0]
[315, 38, 315, 315, 90, 0.0, 0.0]
[315, 37, 315, 315, 90, 0.0, 0.0]
[315, 35, 315, 315, 90, 0.0, 0.0]
[315, 34, 315, 315, 90, 0.0, 0.0]
[315, 34, 315, 315, 90, 0.0, 0.0]
[315, 53, 315, 315, 90, 0.0, 0.0]
[315, 52, 315, 315, 90, 0.0, 0.0]
[315, 51, 315, 315, 90, 0.0, 0.0]
[315, 50, 315, 315, 90, 0.0, 0.0]
[315, 48, 315, 315, 90, 0.0, 0.0]
[315, 47, 315, 315, 90, 0.0, 0.0]
[315, 47, 315, 315, 90, 0.0, 0.0]
[315, 45, 315, 315, 90, 0.0, 0.0]
[315, 44, 315, 315, 90, 0.0, 0.0]
[315, 43, 315, 315, 90, 0.0, 0.0]
[315, 42, 315, 315, 90, 0.0, 0.0]
[315, 41, 315, 315, 90, 0.0, 0.0]
[315, 41, 315, 315, 90, 0.0, 0.0]
[315, 40, 315, 315, 90, 0.0, 0.0]
[315, 39, 315, 315, 90, 0.0, 0.0]
[315, 38, 315, 315, 90, 0.0, 0.0]
[315, 37, 315, 315, 90, 0.0, 0.0]
[315, 35, 315, 315, 90, 0.0, 0.0]
[315, 34, 315, 315, 90, 0.0, 0.0]
[315, 34, 315, 315, 90, 0.0, 0.0]
[315, 52, 315, 315, 90, 0.0, 0.0]
[315, 51, 315, 315, 90, 0.0, 0.0]
[315, 50, 315, 315, 90, 0.0, 0.0]
[315, 48, 315, 315, 90, 0.0, 0.0]
[315, 47, 315, 315, 90, 0.0, 0.0]
[315, 47, 315, 315, 90, 0.0, 0.0]
[315, 46, 315, 315, 90, 0.0, 0.0]
[315, 45, 315, 315, 90, 0.0, 0.0]
[315, 44, 315, 315, 90, 0.0, 0.0]
[315, 43, 315, 315, 90, 0.0, 0.0]
[315, 42, 315, 315, 90, 0.0, 0.0]
[315, 41, 315, 315, 90, 0.0, 0.0]
[315, 40, 315, 315, 90, 0.0, 0.0]
[315, 39, 315, 315, 90, 0.0, 0.0]
[315, 38, 315, 315, 90, 0.0, 0.0]
[315, 37, 315, 315, 90, 0.0, 0.0]
[315, 35, 315, 315, 90, 0.0, 0.0]
[315, 34, 315, 315, 90, 0.0, 0.0]
[315, 34, 315, 315, 90, 0.0, 0.0]
[315, 315, 315, 315, 90, 0.0, 1.0]
[315, 315, 315, 315, 90, 0.0, 1.0]
[315, 315, 315, 315, 90, 0.0, 1.0]
[315, 315, 315, 315, 90, 0.0, 1.0]
[315, 315, 315, 315, 90, 0.0, 1.0]
[315, 315, 315, 315, 90, 0.0, 1.0]
[315, 315, 315, 315, 90, 0.0, 1.0]
[315, 315, 315, 315, 90, 0.0, 1.0]
[315, 315, 315, 315, 90, 0.0, 1.0]
[315, 315, 315, 315, 90, 0.0, 1.0]
[315, 315, 315, 315, 90, 0.0, 1.0]
[315, 315, 315, 315, 90, 0.0, 1.0]
[315, 315, 315, 315, 90, 0.0, 1.0]
[315, 315, 315, 315, 90, 0.0, 1.0]
[315, 315, 315, 315, 90, 0.0, 1.0]
[315, 315, 315, 315, 90, 0.0, 1.0]
[315, 315, 315, 315, 90, 0.0, 1.0]
[315, 315, 315, 315, 90, 0.0, 1.0]
[315, 315, 315, 315, 90, 0.0, 1.0]
[315, 315, 315, 315, 90, 0.0, 1.0]
[315, 315, 315, 315, 90, 0.0, 1.0]
[315, 315, 315, 315, 90, 0.0, 1.0]
[315, 315, 315, 315, 90, 0.0, 1.0]
[315, 315, 315, 315, 90, 0.0, 1.0]
[315, 315, 315, 315, 90, 0.0, 1.0]
[315, 315, 315, 315, 90, 0.0, 1.0]
[315, 315, 315, 315, 90, 0.0, 1.0]
[315, 315, 315, 315, 90, 0.0, 1.0]
[315, 315, 315, 315, 90, 0.0, 1.0]
[315, 315, 315, 315, 90, 0.0, 1.0]
[315, 315, 315, 315, 90, 0.0, 1.0]
[315, 315, 315, 315, 90, 0.0, 1.0]
[315, 315, 315, 315, 90, 0.0, 1.0]
[315, 315, 315, 315, 90, 0.0, 1.0]
[315, 315, 315, 315, 90, 0.0, 1.0]
[315, 315, 315, 315, 90, 0.0, 1.0]
[315, 315, 315, 315, 90, 0.0, 1.0]
[315, 315, 315, 315, 90, 0.0, 1.0]
[315, 315, 315, 315, 90, 0.0, 1.0]
[315, 315, 315, 315, 90, 0.0, 1.0]
[315, 315, 315, 315, 90, 0.0, 1.0]
[315, 315, 315, 315, 90, 0.0, 1.0]
[315, 315, 315, 315, 90, 0.0, 1.0]
[315, 315, 315, 315, 90, 0.0, 1.0]
[315, 315, 315, 315, 90, 0.0, 1.0]
[315, 315, 315, 315, 90, 0.0, 1.0]
[315, 315, 315, 315, 90, 0.0, 1.0]
[315, 315, 315, 315, 90, 0.0, 1.0]
[315, 315, 315, 315, 90, 0.0, 1.0]
[315, 315, 315, 315, 90, 0.0, 1.0]
[315, 315, 315, 315, 90, 0.0, 1.0]
[315, 315, 315, 315, 90, 0.0, 1.0]
[315, 315, 315, 315, 90, 0.0, 1.0]
[315, 315, 315, 315, 90, 0.0, 1.0]
[315, 315, 315, 315, 90, 0.0, 1.0]
[315, 315, 315, 315, 90, 0.0, 1.0]
[315, 315, 315, 315, 90, 0.0, 1.0]
[315, 315, 315, 315, 90, 0.0, 1.0]
[315, 315, 315, 315, 90, 0.0, 1.0]
[315, 315, 315, 315, 90, 0.0, 1.0]
[315, 315, 315, 315, 90, 0.0, 1.0]
[315, 315, 315, 315, 90, 0.0, 1.0]
[315, 315, 315, 315, 90, 0.0, 1.0]
[315, 315, 315, 315, 90, 0.0, 1.0]
[315, 315, 315, 315, 90, 0.0, 1.0]
[315, 315, 311, 315, 90, 0.0, 1.0]
[315, 315, 306, 315, 90, 0.0, 1.0]
[315, 315, 301, 315, 90, 0.0, 1.0]
[315, 315, 296, 315, 90, 0.0, 1.0]
[315, 315, 296, 315, 90, 0.0, 1.0]
[315, 315, 296, 315, 90, 0.0, 1.0]
[315, 315, 296, 315, 90, 0.0, 1.0]
[315, 315, 296, 315, 90, 0.0, 1.0]
[315, 315, 296, 315, 90, 0.0, 1.0]
[315, 315, 296, 315, 90, 0.0, 1.0]
[315, 315, 296, 315, 90, 0.0, 1.0]
[315, 315, 296, 315, 90, 0.0, 1.0]
[315, 315, 296, 315, 90, 0.0, 1.0]
[315, 315, 296, 315, 90, 0.0, 1.0]
[315, 315, 296, 315, 90, 0.0, 1.0]
[315, 315, 296, 315, 90, 0.0, 1.0]
[315, 315, 296, 315, 90, 0.0, 1.0]
[315, 315, 296, 315, 90, 0.0, 1.0]
[315, 315, 296, 315, 90, 0.0, 1.0]
[315, 315, 295, 315, 90, 0.0, 1.0]
[315, 315, 295, 315, 90, 0.0, 1.0]
[315, 315, 295, 315, 90, 0.0, 1.0]
[315, 315, 295, 315, 90, 0.0, 1.0]
[315, 315, 290, 315, 90, 0.0, 1.0]
[315, 315, 286, 315, 90, 0.0, 1.0]
[315, 315, 281, 315, 90, 0.0, 1.0]
[315, 315, 276, 315, 90, 0.0, 1.0]
[315, 315, 271, 315, 90, 0.0, 1.0]
[315, 315, 266, 315, 90, 0.0, 1.0]
[315, 315, 261, 315, 90, 0.0, 1.0]
[315, 315, 256, 315, 90, 0.0, 1.0]
[315, 315, 251, 315, 90, 0.0, 1.0]
[315, 315, 246, 315, 90, 0.0, 1.0]
[315, 315, 241, 315, 90, 0.0, 1.0]
[315, 315, 236, 315, 90, 0.0, 1.0]
[315, 315, 231, 315, 90, 0.0, 1.0]
[315, 315, 226, 315, 90, 0.0, 1.0]
[315, 315, 221, 315, 90, 0.0, 1.0]
[315, 315, 216, 315, 90, 0.0, 1.0]
[315, 315, 211, 315, 90, 0.0, 1.0]
[315, 315, 206, 315, 90, 0.0, 1.0]
[315, 315, 201, 315, 90, 0.0, 1.0]
[315, 315, 196, 315, 90, 0.0, 1.0]
[315, 315, 191, 315, 90, 0.0, 1.0]
[315, 315, 186, 315, 90, 0.0, 1.0]
[315, 315, 181, 315, 90, 0.0, 1.0]
[315, 315, 176, 315, 90, 0.0, 1.0]
[315, 315, 171, 315, 90, 0.0, 1.0]
[315, 315, 166, 315, 90, 0.0, 1.0]
[315, 315, 161, 315, 90, 0.0, 1.0]
[315, 315, 156, 315, 90, 0.0, 1.0]
[315, 315, 151, 315, 90, 0.0, 1.0]
[315, 315, 146, 315, 90, 0.0, 1.0]
[315, 315, 142, 315, 90, 0.0, 1.0]
[315, 315, 137, 315, 90, 0.0, 1.0]
[315, 315, 132, 315, 90, 0.0, 1.0]
[315, 315, 127, 315, 90, 0.0, 1.0]
[315, 315, 122, 315, 90, 0.0, 1.0]
[315, 315, 117, 315, 90, 0.0, 1.0]
[315, 315, 112, 315, 90, 0.0, 1.0]
[315, 315, 107, 315, 90, 0.0, 1.0]
[315, 315, 102, 315, 90, 0.0, 1.0]
[315, 315, 97, 315, 90, 0.0, 1.0]
[315, 315, 93, 315, 90, 0.0, 1.0]
[315, 315, 88, 315, 90, 0.0, 1.0]
[315, 315, 83, 315, 90, 0.0, 1.0]
[315, 315, 78, 315, 90, 0.0, 1.0]
[315, 315, 74, 315, 90, 0.0, 1.0]
[315, 315, 69, 315, 90, 0.0, 1.0]
[315, 315, 64, 315, 90, 0.0, 1.0]
[315, 315, 60, 315, 90, 0.0, 1.0]
[315, 315, 55, 315, 90, 0.0, 1.0]
[315, 315, 51, 315, 90, 0.0, 1.0]
[315, 315, 46, 315, 90, 0.0, 1.0]
[315, 315, 42, 315, 90, 0.0, 1.0]
[315, 315, 38, 315, 90, 0.0, 1.0]
[315, 315, 315, 315, 90, 0.5, 1.0]
[315, 315, 315, 315, 90, 0.5, 1.0]
[315, 315, 315, 315, 90, 0.5, 1.0]
[315, 315, 315, 315, 90, 0.5, 1.0]
[315, 315, 315, 315, 90, 0.5, 1.0]
[315, 315, 315, 315, 90, 0.5, 1.0]
[315, 315, 315, 315, 90, 0.5, 1.0]
[315, 315, 315, 315, 90, 0.5, 1.0]
[315, 315, 315, 315, 90, 0.5, 1.0]
[315, 315, 315, 315, 90, 0.5, 1.0]
[315, 315, 315, 315, 90, 0.5, 1.0]
[315, 315, 315, 315, 90, 0.5, 1.0]
[315, 315, 315, 315, 90, 0.5, 1.0]
[315, 315, 315, 315, 90, 0.5, 1.0]
[315, 315, 315, 315, 90, 0.5, 1.0]
[315, 315, 315, 315, 90, 0.5, 1.0]
[315, 315, 315, 315, 90, 0.5, 1.0]
[315, 315, 315, 315, 90, 0.5, 1.0]
[315, 315, 315, 315, 90, 0.5, 1.0]
[315, 315, 315, 315, 90, 0.5, 1.0]
[315, 315, 315, 315, 90, 0.5, 1.0]
[315, 315, 315, 315, 90, 0.5, 1.0]
[315, 315, 315, 315, 90, 0.5, 1.0]
[315, 315, 315, 315, 90, 0.5, 1.0]
[315, 315, 315, 315, 90, 0.5, 1.0]
[315, 315, 315, 315, 90, 0.5, 1.0]
[315, 315, 315, 315, 90, 0.5, 1.0]
[315, 315, 315, 315, 90, 0.5, 1.0]
[315, 315, 315, 315, 90, 0.5, 1.0]
[315, 315, 315, 315, 90, 0.5, 1.0]
[315, 315, 315, 315, 90, 0.5, 1.0]
[315, 315, 315, 315, 90, 0.5, 1.0]
[315, 315, 315, 315, 90, 0.5, 1.0]
[315, 315, 315, 315, 90, 0.5, 1.0]
[315, 315, 315, 315, 90, 0.5, 1.0]
[315, 315, 315, 315, 90, 0.5, 1.0]
[315, 315, 315, 315, 90, 0.5, 1.0]
[315, 315, 315, 315, 90, 0.5, 1.0]
[315, 315, 315, 315, 90, 0.5, 1.0]
[315, 315, 315, 315, 90, 0.5, 1.0]
[315, 315, 315, 315, 90, 0.5, 1.0]
[315, 315, 315, 315, 90, 0.5, 1.0]
[315, 315, 315, 315, 90, 0.5, 1.0]
[315, 315, 315, 315, 90, 0.5, 1.0]
[315, 315, 315, 315, 90, 0.5, 1.0]
[315, 315, 315, 315, 90, 0.5, 1.0]
[315, 315, 315, 315, 90, 0.5, 1.0]
[315, 315, 315, 315, 90, 0.5, 1.0]
[315, 315, 315, 315, 90, 0.5, 1.0]
[315, 315, 315, 315, 90, 0.5, 1.0]
[315, 315, 315, 315, 90, 0.5, 1.0]
[315, 315, 315, 315, 90, 0.5, 1.0]
[315, 315, 315, 315, 90, 0.5, 1.0]
[315, 315, 315, 315, 90, 0.5, 1.0]
[315, 315, 315, 315, 90, 0.5, 1.0]
[315, 315, 315, 315, 90, 0.5, 1.0]
[315, 315, 315, 315, 90, 0.5, 1.0]
[315, 315, 315, 315, 90, 0.5, 1.0]
[315, 315, 315, 315, 90, 0.5, 1.0]
[315, 315, 315, 315, 90, 0.5, 1.0]
[315, 315, 315, 315, 90, 0.5, 1.0]
[315, 315, 315, 315, 90, 0.5, 1.0]
[315, 315, 315, 315, 90, 0.5, 1.0]
[315, 315, 315, 315, 90, 0.5, 1.0]
[315, 315, 315, 315, 90, 0.5, 1.0]
[315, 315, 315, 315, 90, 0.5, 1.0]
[315, 315, 315, 315, 90, 0.5, 1.0]
[315, 315, 315, 315, 90, 0.5, 1.0]
[315, 315, 315, 315, 90, 0.5, 1.0]
[315, 315, 315, 315, 90, 0.5, 1.0]
[315, 315, 315, 315, 90, 0.5, 1.0]
[315, 315, 315, 315, 90, 0.5, 1.0]
[315, 315, 315, 315, 90, 0.5, 1.0]
[315, 315, 315, 315, 90, 0.5, 1.0]
[315, 315, 315, 315, 90, 0.5, 1.0]
[315, 315, 315, 315, 90, 0.5, 1.0]
[315, 315, 315, 315, 90, 0.5, 1.0]
[315, 315, 315, 315, 90, 0.5, 1.0]
[315, 315, 315, 315, 90, 0.5, 1.0]
[315, 315, 315, 315, 90, 0.5, 1.0]
[315, 315, 315, 315, 90, 0.5, 1.0]
[315, 315, 315, 315, 90, 0.5, 1.0]
[315, 315, 315, 315, 90, 0.5, 1.0]
[315, 315, 315, 315, 90, 0.5, 1.0]
[315, 315, 315, 315, 90, 0.5, 1.0]
[315, 315, 315, 315, 90, 0.5, 1.0]
[315, 315, 315, 315, 90, 0.5, 1.0]
[315, 315, 315, 315, 90, 0.5, 1.0]
[315, 315, 315, 315, 90, 0.5, 1.0]
[315, 315, 315, 315, 90, 0.5, 1.0]
[315, 315, 315, 315, 90, 0.5, 1.0]
[315, 315, 315, 315, 90, 0.5, 1.0]
[315, 315, 315, 315, 90, 0.5, 1.0]
[315, 315, 315, 315, 90, 0.5, 1.0]
[315, 315, 315, 315, 90, 0.5, 1.0]
[315, 315, 315, 315, 90, 0.5, 1.0]
[315, 315, 315, 315, 90, 0.5, 1.0]
[315, 315, 315, 315, 90, 0.5, 1.0]
[315, 315, 315, 315, 90, 0.5, 1.0]
[315, 315, 315, 315, 90, 0.5, 1.0]
[315, 315, 315, 315, 90, 0.5, 1.0]
[315, 315, 315, 315, 90, 0.5, 1.0]
[315, 315, 315, 315, 90, 0.5, 1.0]
[315, 315, 315, 315, 90, 0.5, 1.0]
[315, 315, 315, 315, 90, 0.5, 1.0]
[315, 315, 315, 315, 90, 0.5, 1.0]
[315, 315, 315, 315, 90, 0.5, 1.0]
[315, 315, 315, 315, 90, 0.5, 1.0]
[315, 315, 315, 315, 90, 0.5, 1.0]
[315, 315, 315, 315, 90, 0.5, 1.0]
[315, 315, 315, 315, 90, 0.5, 1.0]
[315, 315, 315, 315, 90, 0.5, 1.0]
[315, 315, 315, 315, 90, 0.5, 1.0]
[315, 315, 315, 315, 90, 0.5, 1.0]
[315, 315, 315, 315, 90, 0.5, 1.0]
[315, 315, 315, 315, 90, 0.5, 1.0]
[315, 315, 315, 315, 90, 0.5, 1.0]
[315, 315, 315, 315, 90, 0.5, 1.0]
[315, 315, 315, 315, 90, 0.5, 1.0]
[315, 315, 315, 315, 90, 0.5, 1.0]
[315, 315, 315, 315, 90, 0.5, 1.0]
[315, 315, 315, 315, 90, 0.5, 1.0]
[315, 315, 315, 315, 90, 0.5, 1.0]
[315, 315, 315, 315, 90, 0.5, 1.0]
[315, 315, 315, 315, 90, 0.5, 1.0]
[315, 315, 315, 315, 90, 0.5, 1.0]
[315, 315, 315, 315, 90, 0.5, 1.0]
[315, 315, 315, 315, 90, 0.5, 1.0]
[315, 315, 315, 315, 90, 0.5, 1.0]
[315, 315, 315, 315, 90, 0.5, 1.0]
[315, 315, 315, 315, 90, 0.5, 1.0]
[315, 315, 315, 315, 90, 0.5, 1.0]
[315, 315, 315, 315, 90, 0.5, 1.0]
[315, 315, 315, 315, 90, 0.5, 1.0]
[315, 315, 315, 315, 90, 0.5, 1.0]
[315, 315, 315, 315, 90, 0.5, 1.0]
[315, 315, 315, 315, 90, 0.5, 1.0]
[315, 315, 315, 315, 90, 0.5, 1.0]
[315, 315, 315, 315, 90, 0.5, 1.0]
[315, 315, 315, 315, 90, 0.5, 1.0]
[315, 315, 315, 315, 90, 0.5, 1.0]
[315, 315, 315, 315, 90, 0.5, 1.0]
[315, 315, 315, 315, 90, 0.5, 1.0]
[315, 315, 315, 315, 90, 0.5, 1.0]
[315, 315, 315, 315, 90, 0.5, 1.0]
[315, 315, 315, 315, 90, 0.5, 1.0]
[315, 315, 315, 315, 90, 0.5, 1.0]
[315, 315, 315, 315, 90, 0.5, 1.0]
[315, 315, 315, 315, 90, 0.5, 1.0]
[315, 315, 315, 315, 90, 0.5, 1.0]
[315, 315, 315, 315, 90, 0.5, 1.0]
[315, 315, 315, 315, 90, 0.5, 1.0]
[315, 315, 315, 315, 90, 0.5, 1.0]
[315, 315, 315, 315, 90, 0.5, 1.0]
[315, 315, 315, 315, 90, 0.5, 1.0]
[315, 315, 315, 315, 90, 0.5, 1.0]
[315, 315, 315, 315, 90, 0.5, 1.0]
[315, 315, 315, 315, 90, 0.5, 1.0]
[315, 315, 315, 315, 90, 0.5, 1.0]
[315, 315, 315, 315, 90, 0.5, 1.0]
[315, 315, 315, 315, 90, 0.5, 1.0]
[315, 315, 315, 315, 90, 0.5, 1.0]
[315, 315, 315, 315, 90, 0.5, 1.0]
[315, 315, 315, 315, 90, 0.5, 1.0]
[315, 315, 315, 315, 90, 0.5, 1.0]
[315, 315, 315, 315, 90, 0.5, 1.0]
[315, 315, 315, 315, 90, 0.5, 1.0]
[315, 315, 315, 315, 90, 0.5, 1.0]
[315, 315, 315, 315, 90, 0.5, 1.0]
[315, 315, 315, 315, 90, 0.5, 1.0]
[315, 315, 315, 315, 90, 0.5, 1.0]
[315, 315, 315, 315, 90, 0.5, 1.0]
[315, 315, 315, 315, 90, 0.5, 1.0]
[315, 315, 315, 315, 90, 0.5, 1.0]
[315, 315, 315, 315, 90, 0.5, 1.0]
[315, 315, 315, 315, 90, 0.5, 1.0]
[315, 315, 315, 315, 90, 0.5, 1.0]
[315, 315, 315, 315, 90, 0.5, 1.0]
[315, 315, 315, 315, 90, 0.5, 1.0]
[315, 315, 315, 315, 90, 0.5, 1.0]
[315, 315, 315, 315, 90, 0.5, 1.0]
[315, 315, 315, 315, 90, 0.5, 1.0]
[315, 315, 315, 315, 90, 0.5, 1.0]
[315, 315, 315, 315, 90, 0.5, 1.0]
[315, 315, 315, 315, 90, 0.5, 1.0]
[315, 315, 315, 315, 90, 0.5, 1.0]
[315, 315, 315, 315, 90, 0.5, 1.0]
[315, 315, 315, 315, 90, 0.5, 1.0]
[315, 315, 315, 315, 90, 0.5, 1.0]
[315, 315, 315, 315, 90, 0.5, 1.0]
[315, 315, 315, 315, 90, 0.5, 1.0]
[315, 315, 315, 315, 90, 0.5, 1.0]
[315, 315, 315, 315, 90, 0.5, 1.0]
[315, 315, 315, 315, 90, 0.5, 1.0]
[315, 315, 315, 315, 90, 0.5, 1.0]
[315, 315, 315, 315, 90, 0.5, 1.0]
[315, 315, 315, 315, 90, 0.5, 1.0]
[315, 315, 315, 315, 90, 0.5, 1.0]
[315, 315, 315, 315, 90, 0.5, 1.0]
[315, 315, 315, 315, 90, 0.5, 1.0]
[315, 315, 315, 315, 90, 0.5, 1.0]
[315, 315, 315, 315, 90, 0.5, 1.0]
[315, 315, 315, 315, 90, 0.5, 1.0]
[315, 315, 315, 315, 90, 0.5, 1.0]
[315, 315, 315, 315, 90, 0.5, 1.0]
[315, 315, 315, 315, 90, 0.5, 1.0]
[315, 315, 315, 315, 90, 0.5, 1.0]
[315, 315, 315, 315, 90, 0.5, 1.0]
[315, 315, 315, 315, 90, 0.5, 1.0]
[315, 315, 315, 315, 90, 0.5, 1.0]
[315, 315, 315, 315, 90, 0.5, 1.0]
[315, 315, 315, 315, 90, 0.5, 1.0]
[315, 315, 315, 315, 90, 0.5, 1.0]
[315, 315, 315, 315, 90, 0.5, 1.0]
[315, 315, 315, 315, 90, 0.5, 1.0]
[315, 315, 315, 315, 90, 0.5, 1.0]
[315, 315, 315, 315, 90, 0.5, 1.0]
[315, 315, 315, 315, 90, 0.5, 1.0]
[315, 315, 315, 315, 90, 0.5, 1.0]
[315, 315, 315, 315, 90, 0.5, 1.0]
[315, 315, 315, 315, 90, 0.5, 1.0]
[315, 315, 315, 315, 90, 0.5, 1.0]
[315, 315, 315, 315, 90, 0.5, 1.0]
[315, 315, 315, 315, 90, 0.5, 1.0]
[315, 315, 315, 315, 90, 0.5, 1.0]
[315, 315, 315, 315, 90, 0.5, 1.0]
[315, 315, 315, 315, 90, 0.5, 1.0]
[315, 315, 315, 315, 90, 0.5, 1.0]
[315, 315, 315, 315, 90, 0.5, 1.0]
[315, 315, 315, 315, 90, 0.5, 1.0]
[315, 315, 315, 315, 90, 0.5, 1.0]
[315, 315, 315, 315, 90, 0.5, 1.0]
[315, 315, 315, 315, 90, 0.5, 1.0]
[315, 315, 315, 315, 90, 0.5, 1.0]
[315, 315, 315, 315, 90, 0.5, 1.0]
[315, 315, 315, 315, 90, 0.5, 1.0]
[315, 315, 315, 315, 90, 0.5, 1.0]
[315, 315, 315, 315, 90, 0.5, 1.0]
[315, 315, 315, 315, 90, 0.5, 1.0]
[315, 315, 315, 315, 90, 0.5, 1.0]
[315, 315, 315, 315, 90, 0.5, 1.0]
[315, 315, 315, 315, 90, 0.5, 1.0]
[315, 315, 315, 315, 90, 0.5, 1.0]
[315, 315, 315, 315, 90, 0.5, 1.0]
[315, 315, 315, 315, 90, 0.5, 1.0]
[315, 315, 315, 315, 90, 0.5, 1.0]
[315, 315, 315, 315, 90, 0.5, 1.0]
[315, 315, 315, 315, 90, 0.5, 1.0]
[315, 315, 315, 315, 90, 0.5, 1.0]
[315, 315, 315, 315, 90, 0.5, 1.0]
[315, 315, 315, 315, 90, 0.5, 1.0]
[315, 315, 315, 315, 90, 0.5, 1.0]
[315, 315, 315, 315, 90, 0.5, 1.0]
[315, 315, 315, 315, 90, 0.5, 1.0]
[315, 315, 315, 315, 90, 0.5, 1.0]
[315, 315, 315, 315, 90, 0.5, 1.0]
[315, 315, 315, 315, 90, 0.5, 1.0]
[315, 315, 315, 315, 90, 0.5, 1.0]
[315, 315, 315, 315, 90, 0.5, 1.0]
[315, 315, 315, 315, 90, 0.5, 1.0]
[315, 315, 315, 315, 90, 0.5, 1.0]
[315, 315, 315, 315, 90, 0.5, 1.0]
[315, 315, 315, 315, 90, 0.5, 1.0]
[315, 315, 315, 315, 90, 0.5, 1.0]
[315, 315, 315, 315, 90, 0.5, 1.0]
[315, 315, 315, 315, 90, 0.5, 1.0]
[315, 315, 315, 315, 90, 0.5, 1.0]
[315, 315, 315, 315, 90, 0.5, 1.0]
[315, 315, 315, 315, 90, 0.5, 1.0]
[315, 315, 315, 315, 90, 0.5, 1.0]
[315, 315, 315, 315, 90, 0.5, 1.0]
[315, 315, 315, 315, 90, 0.5, 1.0]
[315, 315, 315, 315, 90, 0.5, 1.0]
[315, 315, 315, 315, 90, 0.5, 1.0]
[315, 315, 315, 315, 90, 0.5, 1.0]
[315, 315, 315, 315, 90, 0.5, 1.0]
[315, 315, 315, 315, 90, 0.5, 1.0]
[315, 315, 315, 315, 90, 0.5, 1.0]
[315, 315, 315, 315, 90, 0.5, 1.0]
[315, 315, 315, 315, 90, 0.5, 1.0]
[315, 315, 315, 315, 90, 0.5, 1.0]
[315, 315, 315, 315, 90, 0.5, 1.0]
[315, 315, 315, 315, 90, 0.5, 1.0]
[315, 315, 315, 315, 90, 0.5, 1.0]
[315, 315, 315, 315, 90, 0.5, 1.0]
[315, 315, 315, 315, 90, 0.5, 1.0]
[315, 315, 315, 315, 90, 0.5, 1.0]
[315, 315, 315, 315, 90, 0.5, 1.0]
[315, 315, 315, 315, 90, 0.5, 1.0]
[315, 315, 315, 315, 90, 0.5, 1.0]
[315, 315, 315, 315, 90, 0.5, 1.0]
[315, 315, 315, 315, 90, 0.5, 1.0]
[315, 315, 315, 315, 90, 0.5, 1.0]
[315, 315, 315, 315, 90, 0.5, 1.0]
[315, 315, 315, 315, 90, 0.5, 1.0]
[315, 315, 315, 315, 90, 0.5, 1.0]
[315, 315, 315, 315, 90, 0.5, 1.0]
[315, 315, 315, 315, 90, 0.5, 1.0]
[315, 315, 315, 315, 90, 0.5, 1.0]
[315, 315, 315, 315, 90, 0.5, 1.0]
[315, 315, 315, 315, 90, 0.5, 1.0]
[315, 315, 315, 315, 90, 0.5, 1.0]
[315, 315, 315, 315, 90, 0.5, 1.0]
[315, 315, 315, 315, 90, 0.5, 1.0]
[315, 315, 315, 315, 90, 0.5, 1.0]
[315, 315, 315, 315, 90, 0.5, 1.0]
[315, 315, 315, 315, 90, 0.5, 1.0]
[315, 315, 315, 315, 90, 0.5, 1.0]
[315, 315, 315, 315, 90, 0.5, 1.0]
[315, 315, 315, 315, 90, 0.5, 1.0]
[315, 315, 315, 315, 90, 0.5, 1.0]
[315, 315, 315, 315, 90, 0.5, 1.0]
[315, 315, 315, 315, 90, 0.5, 1.0]
[315, 315, 315, 315, 90, 0.5, 1.0]
[315, 315, 315, 315, 90, 0.5, 1.0]
[315, 315, 315, 315, 90, 0.5, 1.0]
[315, 315, 315, 315, 90, 0.5, 1.0]
[315, 315, 315, 315, 90, 0.5, 1.0]
[315, 315, 315, 315, 90, 0.5, 1.0]
[315, 315, 315, 315, 90, 0.5, 1.0]
[315, 315, 315, 315, 90, 0.5, 1.0]
[315, 315, 315, 315, 90, 0.5, 1.0]
[315, 315, 315, 315, 90, 0.5, 1.0]
[315, 315, 315, 315, 90, 0.5, 1.0]
[315, 315, 315, 315, 90, 0.5, 1.0]
[315, 315, 315, 315, 90, 0.5, 1.0]
[315, 315, 315, 315, 90, 0.5, 1.0]
[315, 315, 315, 315, 90, 0.5, 1.0]
[315, 315, 315, 315, 90, 0.5, 1.0]
[315, 315, 315, 315, 90, 0.5, 1.0]
[315, 315, 315, 315, 90, 0.5, 1.0]
[315, 315, 315, 315, 90, 0.5, 1.0]
[315, 315, 315, 315, 90, 0.5, 1.0]
[315, 315, 315, 315, 90, 0.5, 1.0]
[315, 315, 315, 315, 90, 0.5, 1.0]
[315, 315, 315, 315, 90, 0.5, 1.0]
[315, 315, 315, 315, 90, 0.5, 1.0]
[315, 315, 315, 315, 90, 0.5, 1.0]
[315, 315, 315, 315, 90, 0.5, 1.0]
[315, 315, 315, 315, 90, 0.5, 1.0]
[315, 315, 315, 315, 90, 0.5, 1.0]
[315, 315, 315, 315, 90, 0.5, 1.0]
[315, 315, 315, 315, 90, 0.5, 1.0]
[315, 315, 315, 315, 90, 0.5, 1.0]
[315, 315, 315, 315, 90, 0.5, 1.0]
[315, 315, 315, 315, 90, 0.5, 1.0]
[315, 315, 315, 315, 90, 0.5, 1.0]
[315, 315, 315, 315, 90, 0.5, 1.0]
[315, 315, 315, 315, 90, 0.5, 1.0]
[315, 315, 315, 315, 90, 0.5, 1.0]
[315, 315, 315, 315, 90, 0.5, 1.0]
[315, 315, 315, 315, 90, 0.5, 1.0]
[315, 315, 315, 315, 90, 0.5, 1.0]
[315, 315, 315, 315, 90, 0.5, 1.0]
[315, 315, 315, 315, 90, 0.5, 1.0]
[315, 315, 315, 315, 90, 0.5, 1.0]
[315, 315, 315, 315, 90, 0.5, 1.0]
[315, 315, 315, 315, 90, 0.5, 1.0]
[315, 315, 315, 315, 90, 0.5, 1.0]
[315, 315, 315, 315, 90, 0.5, 1.0]
[315, 315, 315, 315, 90, 0.5, 1.0]
[315, 315, 315, 315, 90, 0.5, 1.0]
[315, 315, 315, 315, 90, 0.5, 1.0]
[315, 315, 315, 315, 90, 0.5, 1.0]
[315, 315, 315, 315, 90, 0.5, 1.0]
[315, 315, 315, 315, 90, 0.5, 1.0]
[315, 315, 315, 315, 90, 0.5, 1.0]
[315, 315, 315, 315, 90, 0.5, 1.0]
[315, 315, 315, 315, 90, 0.5, 1.0]
[315, 315, 315, 315, 90, 0.5, 1.0]
[315, 315, 315, 315, 90, 0.5, 1.0]
[315, 315, 315, 315, 90, 0.5, 1.0]
[315, 315, 315, 315, 90, 0.5, 1.0]
[315, 315, 315, 315, 90, 0.5, 1.0]
[315, 315, 315, 315, 90, 0.5, 1.0]
[315, 315, 315, 315, 90, 0.5, 1.0]
[315, 315, 315, 315, 90, 0.5, 1.0]
[315, 315, 315, 315, 90, 0.5, 1.0]
[315, 315, 315, 315, 90, 0.5, 1.0]
[315, 315, 315, 315, 90, 0.5, 1.0]
[315, 315, 315, 315, 90, 0.5, 1.0]
[315, 315, 315, 315, 90, 0.5, 1.0]
[315, 315, 315, 315, 90, 0.5, 1.0]
[315, 315, 315, 315, 90, 0.5, 1.0]
[315, 315, 315, 315, 90, 0.5, 1.0]
[315, 315, 315, 315, 90, 0.5, 1.0]
[315, 315, 315, 315, 90, 0.5, 1.0]
[315, 315, 315, 315, 90, 0.5, 1.0]
[315, 315, 315, 315, 90, 0.5, 1.0]
[315, 315, 315, 315, 90, 0.5, 1.0]
[315, 315, 315, 315, 90, 0.5, 1.0]
[315, 315, 315, 315, 90, 0.5, 1.0]
[315, 315, 315, 315, 90, 0.5, 1.0]
[315, 315, 315, 315, 90, 0.5, 1.0]
[315, 315, 315, 315, 90, 0.5, 1.0]
[315, 315, 315, 315, 90, 0.5, 1.0]
[315, 315, 315, 315, 90, 0.5, 1.0]
[315, 315, 315, 315, 90, 0.5, 1.0]
[315, 315, 315, 315, 90, 0.5, 1.0]
[315, 315, 315, 315, 90, 0.5, 1.0]
[315, 315, 315, 315, 90, 0.5, 1.0]
[315, 315, 315, 315, 90, 0.5, 1.0]
[315, 315, 315, 315, 90, 0.5, 1.0]
[315, 315, 315, 315, 90, 0.5, 1.0]
[315, 315, 315, 315, 90, 0.5, 1.0]
[315, 315, 315, 315, 90, 0.5, 1.0]
[315, 315, 315, 315, 90, 0.5, 1.0]
[315, 315, 315, 315, 90, 0.5, 1.0]
[315, 315, 315, 315, 90, 0.5, 1.0]
[315, 315, 315, 315, 90, 0.5, 1.0]
[315, 315, 315, 315, 90, 0.5, 1.0]
[315, 315, 315, 315, 90, 0.5, 1.0]
[315, 315, 315, 315, 90, 0.5, 1.0]
[315, 315, 315, 315, 90, 0.5, 1.0]
[315, 315, 315, 315, 90, 0.5, 1.0]
[315, 315, 315, 315, 90, 0.5, 1.0]
[315, 315, 315, 315, 90, 0.5, 1.0]
[315, 315, 315, 315, 90, 0.5, 1.0]
[315, 315, 315, 315, 90, 0.5, 1.0]
[315, 315, 315, 315, 90, 0.5, 1.0]
[315, 315, 315, 315, 90, 0.5, 1.0]
[315, 315, 315, 315, 90, 0.5, 1.0]
[315, 315, 315, 315, 90, 0.5, 1.0]
[315, 315, 315, 315, 90, 0.5, 1.0]
[315, 315, 315, 315, 90, 0.5, 1.0]
[315, 315, 315, 315, 90, 0.5, 1.0]
[315, 315, 315, 315, 90, 0.5, 1.0]
[315, 315, 315, 315, 90, 0.5, 1.0]
[315, 315, 315, 315, 90, 0.5, 1.0]
[315, 315, 315, 315, 90, 0.5, 1.0]
[315, 315, 315, 315, 90, 0.5, 1.0]
[315, 315, 315, 315, 90, 0.5, 1.0]
[315, 315, 315, 315, 90, 0.5, 1.0]
[315, 315, 315, 315, 90, 0.5, 1.0]
[315, 315, 315, 315, 90, 0.5, 1.0]
[315, 315, 315, 315, 90, 0.5, 1.0]
[315, 315, 315, 315, 90, 0.5, 1.0]
[315, 315, 315, 315, 90, 0.5, 1.0]
[315, 315, 315, 315, 90, 0.5, 1.0]
[315, 315, 315, 315, 90, 0.5, 1.0]
[315, 315, 315, 315, 90, 0.5, 1.0]
[315, 315, 315, 315, 90, 0.5, 1.0]
[315, 315, 315, 315, 90, 0.5, 1.0]
[315, 315, 315, 315, 90, 0.5, 1.0]
[315, 315, 315, 315, 90, 0.5, 1.0]
[315, 315, 315, 315, 90, 0.5, 1.0]
[315, 315, 315, 315, 90, 0.5, 1.0]
[315, 315, 315, 315, 90, 0.5, 1.0]
[315, 315, 315, 315, 90, 0.5, 1.0]
[315, 315, 315, 315, 90, 0.5, 1.0]
[315, 315, 315, 315, 90, 0.5, 1.0]
[315, 315, 315, 315, 90, 0.5, 1.0]
[315, 315, 315, 315, 90, 0.5, 1.0]
[315, 315, 315, 315, 90, 0.5, 1.0]
[315, 315, 315, 315, 90, 0.5, 1.0]
[315, 315, 315, 315, 90, 0.5, 1.0]
[315, 315, 315, 315, 90, 0.5, 1.0]
[315, 315, 315, 315, 90, 0.5, 1.0]
[315, 315, 315, 315, 90, 0.5, 1.0]
[315, 315, 315, 315, 90, 0.5, 1.0]
[315, 315, 315, 315, 90, 0.5, 1.0]
[315, 315, 315, 315, 90, 0.5, 1.0]
[315, 315, 315, 315, 90, 0.5, 1.0]
[315, 315, 315, 315, 90, 0.5, 1.0]
[315, 315, 315, 315, 90, 0.5, 1.0]
[315, 315, 315, 315, 90, 0.5, 1.0]
[315, 315, 315, 315, 90, 0.5, 1.0]
[315, 315, 315, 315, 90, 0.5, 1.0]
[315, 315, 315, 315, 90, 0.5, 1.0]
[315, 315, 315, 315, 90, 0.5, 1.0]
[315, 315, 315, 315, 90, 0.5, 1.0]
[315, 315, 315, 315, 90, 0.5, 1.0]
[315, 315, 315, 315, 90, 0.5, 1.0]
[315, 315, 315, 315, 90, 0.5, 1.0]
[315, 315, 315, 315, 90, 0.5, 1.0]
[315, 315, 315, 315, 90, 0.5, 1.0]
[315, 315, 315, 315, 90, 0.5, 1.0]
[315, 315, 315, 315, 90, 0.5, 1.0]
[315, 315, 315, 315, 90, 0.5, 1.0]
[315, 315, 315, 315, 90, 0.5, 1.0]
[315, 315, 315, 315, 90, 0.5, 1.0]
[315, 315, 315, 315, 90, 0.5, 1.0]
[315, 315, 315, 315, 90, 0.5, 1.0]
[315, 315, 315, 315, 90, 0.5, 1.0]
[315, 315, 315, 315, 90, 0.5, 1.0]
[315, 315, 315, 315, 90, 0.5, 1.0]
[315, 315, 315, 315, 90, 0.5, 1.0]
[315, 315, 315, 315, 90, 0.5, 1.0]
[315, 315, 310, 315, 90, 0.5, 1.0]
[315, 315, 305, 315, 90, 0.5, 1.0]
[315, 315, 301, 315, 90, 0.5, 1.0]
[315, 315, 296, 315, 90, 0.5, 1.0]
[315, 315, 291, 315, 90, 0.5, 1.0]
[315, 315, 286, 315, 90, 0.5, 1.0]
[315, 315, 281, 315, 90, 0.5, 1.0]
[315, 315, 277, 315, 90, 0.5, 1.0]
[315, 315, 272, 315, 90, 0.5, 1.0]
[315, 315, 267, 315, 90, 0.5, 1.0]
[315, 315, 262, 315, 90, 0.5, 1.0]
[315, 315, 258, 315, 90, 0.5, 1.0]
[315, 315, 253, 315, 90, 0.5, 1.0]
[315, 315, 248, 315, 90, 0.5, 1.0]
[315, 315, 243, 315, 90, 0.5, 1.0]
[315, 315, 239, 315, 90, 0.5, 1.0]
[315, 315, 234, 315, 90, 0.5, 1.0]
[315, 315, 229, 315, 90, 0.5, 1.0]
[315, 315, 225, 315, 90, 0.5, 1.0]
[315, 315, 220, 315, 90, 0.5, 1.0]
[315, 315, 215, 315, 90, 0.5, 1.0]
[315, 315, 211, 315, 90, 0.5, 1.0]
[315, 315, 206, 315, 90, 0.5, 1.0]
[315, 315, 201, 315, 90, 0.5, 1.0]
[315, 315, 197, 315, 90, 0.5, 1.0]
[315, 315, 192, 315, 90, 0.5, 1.0]
[315, 315, 188, 315, 90, 0.5, 1.0]
[315, 315, 183, 315, 90, 0.5, 1.0]
[315, 315, 179, 315, 90, 0.5, 1.0]
[315, 315, 174, 315, 90, 0.5, 1.0]
[315, 315, 170, 315, 90, 0.5, 1.0]
[315, 315, 166, 315, 90, 0.5, 1.0]
[315, 315, 161, 315, 90, 0.5, 1.0]
[315, 315, 157, 315, 90, 0.5, 1.0]
[315, 315, 153, 315, 90, 0.5, 1.0]
[315, 315, 148, 315, 90, 0.5, 1.0]
[315, 315, 144, 315, 90, 0.5, 1.0]
[315, 315, 140, 315, 90, 0.5, 1.0]
[315, 315, 136, 315, 90, 0.5, 1.0]
[315, 315, 132, 315, 90, 0.5, 1.0]
[315, 315, 128, 315, 90, 0.5, 1.0]
[315, 315, 124, 315, 90, 0.5, 1.0]
[315, 315, 121, 315, 90, 0.5, 1.0]
[315, 315, 114, 315, 90, 0.5, 1.0]
[315, 315, 106, 315, 90, 0.5, 1.0]
[315, 315, 103, 315, 90, 0.5, 1.0]
[315, 315, 100, 315, 90, 0.5, 1.0]
[315, 315, 97, 315, 90, 0.5, 1.0]
[315, 315, 94, 315, 90, 0.5, 1.0]
[315, 315, 92, 315, 90, 0.5, 1.0]
[315, 315, 89, 315, 90, 0.5, 1.0]
[315, 315, 87, 315, 90, 0.5, 1.0]
[315, 315, 85, 315, 90, 0.5, 1.0]
[315, 315, 84, 315, 90, 0.5, 1.0]
[315, 315, 82, 315, 90, 0.5, 1.0]
[315, 315, 81, 315, 90, 0.5, 1.0]
[315, 315, 80, 315, 90, 0.5, 1.0]
[315, 315, 80, 315, 90, 0.5, 1.0]
[315, 315, 75, 315, 90, 0.5, 1.0]
[315, 315, 70, 315, 90, 0.5, 1.0]
[315, 315, 65, 315, 90, 0.5, 1.0]
[315, 315, 60, 315, 90, 0.5, 1.0]
[315, 315, 55, 315, 90, 0.5, 1.0]
[315, 315, 50, 315, 90, 0.5, 1.0]
[315, 315, 45, 315, 90, 0.5, 1.0]
[315, 315, 41, 315, 90, 0.5, 1.0]
[315, 315, 36, 315, 90, 0.5, 1.0]
[315, 315, 31, 315, 90, 0.5, 1.0]
[315, 315, 26, 315, 90, 0.5, 1.0]
[315, 315, 21, 315, 90, 0.5, 1.0]
[315, 315, 315, 315, 90, 1.0, 1.0]
[315, 315, 315, 315, 90, 1.0, 1.0]
[315, 315, 315, 315, 90, 1.0, 1.0]
[315, 315, 315, 315, 90, 1.0, 1.0]
[315, 315, 315, 315, 90, 1.0, 1.0]
[315, 315, 315, 315, 90, 1.0, 1.0]
[315, 315, 315, 315, 90, 1.0, 1.0]
[315, 315, 315, 315, 90, 1.0, 1.0]
[315, 315, 315, 315, 90, 1.0, 1.0]
[315, 315, 315, 315, 90, 1.0, 1.0]
[315, 315, 315, 315, 90, 1.0, 1.0]
[315, 315, 315, 315, 90, 1.0, 1.0]
[315, 315, 315, 315, 90, 1.0, 1.0]
[315, 315, 315, 315, 90, 1.0, 1.0]
[315, 315, 315, 315, 90, 1.0, 1.0]
[315, 315, 315, 315, 90, 1.0, 1.0]
[315, 315, 315, 315, 90, 1.0, 1.0]
[315, 315, 315, 315, 90, 1.0, 1.0]
[315, 315, 315, 315, 90, 1.0, 1.0]
[315, 315, 315, 315, 90, 1.0, 1.0]
[315, 315, 315, 315, 90, 1.0, 1.0]
[315, 315, 315, 315, 90, 1.0, 1.0]
[315, 315, 315, 315, 90, 1.0, 1.0]
[315, 315, 315, 315, 90, 1.0, 1.0]
[315, 315, 315, 315, 90, 1.0, 1.0]
[315, 315, 315, 315, 90, 1.0, 1.0]
[315, 315, 315, 315, 90, 1.0, 1.0]
[315, 315, 315, 315, 90, 1.0, 1.0]
[315, 315, 315, 315, 90, 1.0, 1.0]
[315, 315, 315, 315, 90, 1.0, 1.0]
[315, 315, 315, 315, 90, 1.0, 1.0]
[315, 315, 315, 315, 90, 1.0, 1.0]
[315, 315, 315, 315, 90, 1.0, 1.0]
[315, 315, 315, 315, 90, 1.0, 1.0]
[315, 315, 315, 315, 90, 1.0, 1.0]
[315, 315, 315, 315, 90, 1.0, 1.0]
[315, 315, 315, 315, 90, 1.0, 1.0]
[315, 315, 315, 315, 90, 1.0, 1.0]
[315, 315, 315, 315, 90, 1.0, 1.0]
[315, 315, 315, 315, 90, 1.0, 1.0]
[315, 315, 315, 315, 90, 1.0, 1.0]
[315, 315, 315, 315, 90, 1.0, 1.0]
[315, 315, 315, 315, 90, 1.0, 1.0]
[315, 315, 315, 315, 90, 1.0, 1.0]
[315, 315, 315, 315, 90, 1.0, 1.0]
[315, 315, 315, 315, 90, 1.0, 1.0]
[315, 315, 315, 315, 90, 1.0, 1.0]
[315, 315, 315, 315, 90, 1.0, 1.0]
[315, 315, 315, 315, 90, 1.0, 1.0]
[315, 315, 315, 315, 90, 1.0, 1.0]
[315, 315, 315, 315, 90, 1.0, 1.0]
[315, 315, 315, 315, 90, 1.0, 1.0]
[315, 315, 315, 315, 90, 1.0, 1.0]
[315, 315, 315, 315, 90, 1.0, 1.0]
[315, 315, 315, 315, 90, 1.0, 1.0]
[315, 315, 315, 315, 90, 1.0, 1.0]
[315, 315, 315, 315, 90, 1.0, 1.0]
[315, 315, 315, 315, 90, 1.0, 1.0]
[315, 315, 315, 315, 90, 1.0, 1.0]
[315, 315, 315, 315, 90, 1.0, 1.0]
[315, 315, 315, 315, 90, 1.0, 1.0]
[315, 315, 315, 315, 90, 1.0, 1.0]
[315, 315, 315, 315, 90, 1.0, 1.0]
[315, 315, 315, 315, 90, 1.0, 1.0]
[315, 315, 315, 315, 90, 1.0, 1.0]
[315, 315, 315, 315, 90, 1.0, 1.0]
[315, 315, 315, 315, 90, 1.0, 1.0]
[315, 315, 315, 315, 90, 1.0, 1.0]
[315, 315, 315, 315, 90, 1.0, 1.0]
[315, 315, 315, 315, 90, 1.0, 1.0]
[315, 315, 315, 315, 90, 1.0, 1.0]
[315, 315, 315, 315, 90, 1.0, 1.0]
[315, 315, 315, 315, 90, 1.0, 1.0]
[315, 315, 315, 315, 90, 1.0, 1.0]
[315, 315, 315, 315, 90, 1.0, 1.0]
[315, 315, 315, 315, 90, 1.0, 1.0]
[315, 315, 315, 315, 90, 1.0, 1.0]
[315, 315, 315, 315, 90, 1.0, 1.0]
[315, 315, 315, 315, 90, 1.0, 1.0]
[315, 315, 315, 315, 90, 1.0, 1.0]
[315, 315, 315, 315, 90, 1.0, 1.0]
[315, 315, 315, 315, 90, 1.0, 1.0]
[315, 315, 315, 315, 90, 1.0, 1.0]
[315, 315, 315, 315, 90, 1.0, 1.0]
[315, 315, 315, 315, 90, 1.0, 1.0]
[315, 315, 315, 315, 90, 1.0, 1.0]
[315, 315, 315, 315, 90, 1.0, 1.0]
[315, 315, 315, 315, 90, 1.0, 1.0]
[315, 315, 315, 315, 90, 1.0, 1.0]
[315, 315, 315, 315, 90, 1.0, 1.0]
[315, 315, 315, 315, 90, 1.0, 1.0]
[315, 315, 315, 315, 90, 1.0, 1.0]
[315, 315, 315, 315, 90, 1.0, 1.0]
[315, 315, 315, 315, 90, 1.0, 1.0]
[315, 315, 315, 315, 90, 1.0, 1.0]
[315, 315, 315, 315, 90, 1.0, 1.0]
[315, 315, 315, 315, 90, 1.0, 1.0]
[315, 315, 315, 315, 90, 1.0, 1.0]
[315, 315, 315, 315, 90, 1.0, 1.0]
[315, 315, 315, 315, 90, 1.0, 1.0]
[315, 315, 315, 315, 90, 1.0, 1.0]
[315, 315, 315, 315, 90, 1.0, 1.0]
[315, 315, 315, 315, 90, 1.0, 1.0]
[315, 315, 315, 315, 90, 1.0, 1.0]
[315, 315, 315, 315, 90, 1.0, 1.0]
[315, 315, 315, 315, 90, 1.0, 1.0]
[315, 315, 315, 315, 90, 1.0, 1.0]
[315, 315, 315, 315, 90, 1.0, 1.0]
[315, 315, 315, 315, 90, 1.0, 1.0]
[315, 315, 315, 315, 90, 1.0, 1.0]
[315, 315, 315, 315, 90, 1.0, 1.0]
[315, 315, 315, 315, 90, 1.0, 1.0]
[315, 315, 315, 315, 90, 1.0, 1.0]
[315, 315, 315, 315, 90, 1.0, 1.0]
[315, 315, 315, 315, 90, 1.0, 1.0]
[315, 315, 315, 315, 90, 1.0, 1.0]
[315, 315, 315, 315, 90, 1.0, 1.0]
[315, 315, 315, 315, 90, 1.0, 1.0]
[315, 315, 315, 315, 90, 1.0, 1.0]
[315, 315, 315, 315, 90, 1.0, 1.0]
[315, 315, 315, 315, 90, 1.0, 1.0]
[315, 315, 315, 315, 90, 1.0, 1.0]
[315, 315, 315, 315, 90, 1.0, 1.0]
[315, 315, 315, 315, 90, 1.0, 1.0]
[315, 315, 315, 315, 90, 1.0, 1.0]
[315, 315, 315, 315, 90, 1.0, 1.0]
[315, 315, 315, 315, 90, 1.0, 1.0]
[315, 315, 315, 315, 90, 1.0, 1.0]
[315, 315, 315, 315, 90, 1.0, 1.0]
[315, 315, 315, 315, 90, 1.0, 1.0]
[315, 315, 315, 315, 90, 1.0, 1.0]
[315, 315, 315, 315, 90, 1.0, 1.0]
[315, 315, 315, 315, 90, 1.0, 1.0]
[315, 315, 315, 315, 90, 1.0, 1.0]
[315, 315, 315, 315, 90, 1.0, 1.0]
[315, 315, 315, 315, 90, 1.0, 1.0]
[315, 315, 315, 315, 90, 1.0, 1.0]
[315, 315, 315, 315, 90, 1.0, 1.0]
[315, 315, 315, 315, 90, 1.0, 1.0]
[315, 315, 315, 315, 90, 1.0, 1.0]
[315, 315, 315, 315, 90, 1.0, 1.0]
[315, 315, 315, 315, 90, 1.0, 1.0]
[312, 315, 315, 315, 90, 1.0, 1.0]
[308, 315, 315, 315, 90, 1.0, 1.0]
[303, 315, 315, 315, 90, 1.0, 1.0]
[298, 315, 315, 315, 90, 1.0, 1.0]
[293, 315, 315, 315, 90, 1.0, 1.0]
[288, 315, 315, 315, 90, 1.0, 1.0]
[283, 315, 315, 315, 90, 1.0, 1.0]
[278, 315, 315, 315, 90, 1.0, 1.0]
[274, 315, 315, 315, 90, 1.0, 1.0]
[269, 315, 315, 315, 90, 1.0, 1.0]
[264, 315, 315, 315, 90, 1.0, 1.0]
[259, 315, 315, 315, 90, 1.0, 1.0]
[254, 315, 315, 315, 90, 1.0, 1.0]
[250, 315, 315, 315, 90, 1.0, 1.0]
[245, 315, 315, 315, 90, 1.0, 1.0]
[240, 315, 315, 315, 90, 1.0, 1.0]
[235, 315, 315, 315, 90, 1.0, 1.0]
[230, 315, 315, 315, 90, 1.0, 1.0]
[226, 315, 315, 315, 90, 1.0, 1.0]
[221, 315, 315, 315, 90, 1.0, 1.0]
[216, 315, 315, 315, 90, 1.0, 1.0]
[211, 315, 315, 315, 90, 1.0, 1.0]
[207, 315, 315, 315, 90, 1.0, 1.0]
[202, 315, 315, 315, 90, 1.0, 1.0]
[197, 315, 315, 315, 90, 1.0, 1.0]
[193, 315, 315, 315, 90, 1.0, 1.0]
[188, 315, 315, 315, 90, 1.0, 1.0]
[183, 315, 315, 315, 90, 1.0, 1.0]
[179, 315, 315, 315, 90, 1.0, 1.0]
[174, 315, 315, 315, 90, 1.0, 1.0]
[170, 315, 315, 315, 90, 1.0, 1.0]
[165, 315, 315, 315, 90, 1.0, 1.0]
[161, 315, 315, 315, 90, 1.0, 1.0]
[156, 315, 315, 315, 90, 1.0, 1.0]
[152, 315, 315, 315, 90, 1.0, 1.0]
[147, 315, 315, 315, 90, 1.0, 1.0]
[143, 315, 315, 315, 90, 1.0, 1.0]
[138, 315, 315, 315, 90, 1.0, 1.0]
[134, 315, 315, 315, 90, 1.0, 1.0]
[130, 315, 315, 315, 90, 1.0, 1.0]
[126, 315, 315, 315, 90, 1.0, 1.0]
[122, 315, 315, 315, 90, 1.0, 1.0]
[118, 315, 315, 315, 90, 1.0, 1.0]
[114, 315, 315, 315, 90, 1.0, 1.0]
[110, 315, 315, 315, 90, 1.0, 1.0]
[106, 315, 315, 315, 90, 1.0, 1.0]
[102, 315, 315, 315, 90, 1.0, 1.0]
[98, 315, 315, 315, 90, 1.0, 1.0]
[95, 315, 315, 315, 90, 1.0, 1.0]
[92, 315, 315, 315, 90, 1.0, 1.0]
[89, 315, 315, 315, 90, 1.0, 1.0]
[86, 315, 315, 315, 90, 1.0, 1.0]
[83, 315, 315, 315, 90, 1.0, 1.0]
[80, 315, 315, 315, 90, 1.0, 1.0]
[78, 315, 315, 315, 90, 1.0, 1.0]
[76, 315, 315, 315, 90, 1.0, 1.0]
[74, 315, 315, 315, 90, 1.0, 1.0]
[72, 315, 315, 315, 90, 1.0, 1.0]
[71, 315, 315, 315, 90, 1.0, 1.0]
[70, 315, 315, 315, 90, 1.0, 1.0]
[70, 315, 315, 315, 90, 1.0, 1.0]
[65, 315, 315, 315, 90, 1.0, 1.0]
[60, 315, 315, 315, 90, 1.0, 1.0]
[55, 315, 315, 315, 90, 1.0, 1.0]
[50, 315, 315, 315, 90, 1.0, 1.0]
[45, 315, 315, 315, 90, 1.0, 1.0]
[40, 315, 315, 315, 90, 1.0, 1.0]
[35, 315, 315, 315, 90, 1.0, 1.0]
[30, 315, 315, 315, 90, 1.0, 1.0]
