[315, 315, 315, 315, 100, 0.0, 0.0]
[315, 315, 315, 315, 100, 0.0, 0.0]
[315, 315, 315, 315, 100, 0.0, 0.0]
[315, 315, 315, 315, 100, 0.0, 0.0]
[315, 315, 315, 315, 100, 0.0, 0.0]
[315, 315, 315, 315, 100, 0.0, 0.0]
[315, 315, 315, 315, 100, 0.0, 0.0]
[315, 315, 315, 315, 100, 0.0, 0.0]
[315, 315, 315, 315, 100, 0.0, 0.0]
[315, 315, 315, 315, 100, 0.0, 0.0]
[315, 315, 315, 315, 100, 0.0, 0.0]
[315, 315, 315, 315, 100, 0.0, 0.0]
[315, 315, 315, 315, 100, 0.0, 0.0]
[315, 315, 315, 315, 100, 0.0, 0.0]
[315, 315, 315, 315, 100, 0.0, 0.0]
[315, 315, 315, 315, 100, 0.0, 0.0]
[315, 315, 315, 315, 100, 0.0, 0.0]
[315, 315, 315, 315, 100, 0.0, 0.0]
[315, 315, 315, 315, 100, 0.0, 0.0]
[315, 315, 315, 315, 100, 0.0, 0.0]
[315, 315, 315, 315, 100, 0.0, 0.0]
[315, 315, 315, 315, 100, 0.0, 0.0]
[315, 315, 315, 315, 100, 0.0, 0.0]
[315, 315, 315, 315, 100, 0.0, 0.0]
[315, 315, 315, 315, 100, 0.0, 0.0]
[315, 315, 315, 315, 100, 0.0, 0.0]
[315, 315, 315, 315, 100, 0.0, 0.0]
[315, 315, 315, 315, 100, 0.0, 0.0]
[315, 315, 315, 315, 100, 0.0, 0.0]
[315, 315, 315, 315, 100, 0.0, 0.0]
[315, 315, 315, 315, 100, 0.0, 0.0]
[315, 315, 315, 315, 100, 0.0, 0.0]
[315, 315, 315, 315, 100, 0.0, 0.0]
[315, 315, 315, 315, 100, 0.0, 0.0]
[315, 315, 315, 315, 100, 0.0, 0.0]
[315, 315, 315, 315, 100, 0.0, 0.0]
[315, 315, 315, 315, 100, 0.0, 0.0]
[315, 315, 315, 315, 100, 0.0, 0.0]
[315, 315, 315, 315, 100, 0.0, 0.0]
[315, 315, 315, 315, 100, 0.0, 0.0]
[315, 315, 315, 315, 100, 0.0, 0.0]
[315, 315, 315, 315, 100, 0.0, 0.0]
[315, 315, 315, 315, 100, 0.0, 0.0]
[315, 315, 315, 315, 100, 0.0, 0.0]
[315, 315, 315, 315, 100, 0.0, 0.0]
[315, 315, 315, 315, 100, 0.0, 0.0]
[315, 315, 315, 315, 100, 0.0, 0.0]
[315, 315, 315, 315, 100, 0.0, 0.0]
[315, 315, 315, 315, 100, 0.0, 0.0]
[315, 315, 315, 315, 100, 0.0, 0.0]
[315, 315, 315, 315, 100, 0.0, 0.0]
[315, 315, 315, 315, 100, 0.0, 0.0]
[315, 315, 315, 315, 100, 0.0, 0.0]
[315, 315, 315, 315, 100, 0.0, 0.0]
[315, 315, 315, 315, 100, 0.0, 0.0]
[315, 315, 315, 315, 100, 0.0, 0.0]
[315, 315, 315, 315, 100, 0.0, 0.0]
[315, 315, 315, 315, 100, 0.0, 0.0]
[315, 315, 315, 315, 100, 0.0, 0.0]
[315, 315, 315, 315, 100, 0.0, 0.0]
[315, 315, 315, 315, 100, 0.0, 0.0]
[315, 315, 315, 315, 100, 0.0, 0.0]
[315, 315, 315, 315, 100, 0.0, 0.0]
[315, 315, 315, 315, 100, 0.0, 0.0]
[315, 315, 315, 315, 100, 0.0, 0.0]
[315, 315, 315, 315, 100, 0.0, 0.0]
[315, 315, 315, 315, 100, 0.0, 0.0]
[315, 315, 315, 315, 100, 0.0, 0.0]
[315, 315, 315, 315, 100, 0.0, 0.0]
[315, 315, 315, 315, 100, 0.0, 0.0]
[315, 315, 315, 315, 100, 0.0, 0.0]
[315, 315, 315, 315, 100, 0.0, 0.0]
[315, 315, 315, 315, 100, 0.0, 0.0]
[315, 315, 315, 315, 100, 0.0, 0.0]
[315, 315, 315, 315, 100, 0.0, 0.0]
[315, 315, 315, 315, 100, 0.0, 0.0]
[315, 315, 315, 315, 100, 0.0, 0.0]
[315, 315, 315, 315, 100, 0.0, 0.0]
[315, 315, 315, 315, 100, 0.0, 0.0]
[315, 315, 315, 315, 100, 0.0, 0.0]
[315, 315, 315, 315, 100, 0.0, 0.0]
[315, 315, 315, 315, 100, 0.0, 0.0]
[315, 315, 315, 315, 100, 0.0, 0.0]
[315, 315, 315, 315, 100, 0.0, 0.0]
[315, 315, 315, 315, 100, 0.0, 0.0]
[315, 315, 315, 315, 100, 0.0, 0.0]
[315, 315, 315, 315, 100, 0.0, 0.0]
[315, 315, 315, 315, 100, 0.0, 0.0]
[315, 315, 315, 315, 100, 0.0, 0.0]
[315, 315, 315, 315, 100, 0.0, 0.0]
[315, 315, 315, 315, 100, 0.0, 0.0]
[315, 315, 315, 315, 100, 0.0, 0.0]
[315, 315, 315, 315, 100, 0.0, 0.0]
[315, 315, 315, 315, 100, 0.0, 0.0]
[315, 315, 315, 315, 100, 0.0, 0.0]
[315, 315, 315, 315, 100, 0.0, 0.0]
[315, 315, 315, 315, 100, 0.0, 0.0]
[315, 315, 315, 315, 100, 0.0, 0.0]
[315, 315, 315, 315, 100, 0.0, 0.0]
[315, 315, 315, 315, 100, 0.0, 0.0]
[315, 315, 315, 315, 100, 0.0, 0.0]
[315, 315, 315, 315, 100, 0.0, 0.0]
[315, 315, 315, 315, 100, 0.0, 0.0]
[315, 315, 315, 315, 100, 0.0, 0.0]
[315, 315, 315, 315, 100, 0.0, 0.0]
[315, 315, 315, 315, 100, 0.0, 0.0]
[315, 315, 315, 315, 100, 0.0, 0.0]
[315, 315, 315, 315, 100, 0.0, 0.0]
[315, 315, 315, 315, 100, 0.0, 0.0]
[315, 315, 315, 315, 100, 0.0, 0.0]
[315, 315, 315, 315, 100, 0.0, 0.0]
[315, 315, 315, 315, 100, 0.0, 0.0]
[315, 315, 315, 315, 100, 0.0, 0.0]
[315, 315, 315, 315, 100, 0.0, 0.0]
[315, 315, 315, 315, 100, 0.0, 0.0]
[315, 315, 315, 315, 100, 0.0, 0.0]
[315, 315, 315, 315, 100, 0.0, 0.0]
[315, 315, 315, 315, 100, 0.0, 0.0]
[315, 315, 315, 315, 100, 0.0, 0.0]
[315, 315, 315, 315, 100, 0.0, 0.0]
[315, 315, 315, 315, 100, 0.0, 0.0]
[315, 315, 315, 310, 100, 0.0, 0.0]
[315, 315, 315, 305, 100, 0.0, 0.0]
[315, 315, 315, 300, 100, 0.0, 0.0]
[315, 315, 315, 295, 100, 0.0, 0.0]
[315, 315, 315, 290, 100, 0.0, 0.0]
[315, 315, 315, 285, 100, 0.0, 0.0]
[315, 315, 315, 280, 100, 0.0, 0.0]
[315, 315, 315, 275, 100, 0.0, 0.0]
[315, 315, 315, 270, 100, 0.0, 0.0]
[315, 315, 315, 265, 100, 0.0, 0.0]
[315, 312, 315, 260, 100, 0.0, 0.0]
[315, 308, 315, 255, 100, 0.0, 0.0]
[315, 304, 315, 250, 100, 0.0, 0.0]
[315, 304, 315, 250, 100, 0.0, 0.0]
[315, 304, 315, 250, 100, 0.0, 0.0]
[315, 304, 315, 250, 100, 0.0, 0.0]
[315, 304, 315, 250, 100, 0.0, 0.0]
[315, 304, 315, 250, 100, 0.0, 0.0]
[315, 304, 315, 250, 100, 0.0, 0.0]
[315, 304, 315, 250, 100, 0.0, 0.0]
[315, 304, 315, 250, 100, 0.0, 0.0]
[315, 304, 315, 250, 100, 0.0, 0.0]
[315, 304, 315, 250, 100, 0.0, 0.0]
[315, 304, 315, 250, 100, 0.0, 0.0]
[315, 304, 315, 250, 100, 0.0, 0.0]
[315, 304, 315, 250, 100, 0.0, 0.0]
[315, 304, 315, 250, 100, 0.0, 0.0]
[315, 304, 315, 250, 100, 0.0, 0.0]
[315, 304, 315, 250, 100, 0.0, 0.0]
[315, 304, 315, 250, 100, 0.0, 0.0]
[315, 304, 315, 250, 100, 0.0, 0.0]
[315, 300, 315, 245, 100, 0.0, 0.0]
[315, 296, 315, 240, 100, 0.0, 0.0]
[315, 292, 315, 235, 100, 0.0, 0.0]
[315, 288, 315, 230, 100, 0.0, 0.0]
[315, 284, 315, 225, 100, 0.0, 0.0]
[315, 280, 315, 220, 100, 0.0, 0.0]
[315, 276, 315, 215, 100, 0.0, 0.0]
[315, 272, 315, 210, 100, 0.0, 0.0]
[315, 269, 315, 205, 100, 0.0, 0.0]
[315, 265, 315, 200, 100, 0.0, 0.0]
[315, 261, 315, 195, 100, 0.0, 0.0]
[315, 258, 315, 190, 100, 0.0, 0.0]
[315, 254, 315, 185, 100, 0.0, 0.0]
[315, 251, 315, 180, 100, 0.0, 0.0]
[315, 247, 315, 175, 100, 0.0, 0.0]
[315, 244, 315, 170, 100, 0.0, 0.0]
[315, 240, 315, 165, 100, 0.0, 0.0]
[315, 237, 315, 160, 100, 0.0, 0.0]
[315, 234, 315, 155, 100, 0.0, 0.0]
[315, 231, 315, 150, 100, 0.0, 0.0]
[315, 228, 315, 145, 100, 0.0, 0.0]
[315, 225, 315, 140, 100, 0.0, 0.0]
[315, 222, 315, 135, 100, 0.0, 0.0]
[315, 219, 315, 130, 100, 0.0, 0.0]
[315, 216, 315, 125, 100, 0.0, 0.0]
[315, 213, 315, 120, 100, 0.0, 0.0]
[315, 210, 315, 115, 100, 0.0, 0.0]
[315, 208, 315, 110, 100, 0.0, 0.0]
[315, 205, 315, 105, 100, 0.0, 0.0]
[315, 203, 315, 100, 100, 0.0, 0.0]
[315, 201, 315, 95, 100, 0.0, 0.0]
[315, 199, 315, 90, 100, 0.0, 0.0]
[315, 195, 315, 85, 100, 0.0, 0.0]
[315, 192, 315, 80, 100, 0.0, 0.0]
[315, 189, 315, 75, 100, 0.0, 0.0]
[315, 186, 315, 70, 100, 0.0, 0.0]
[315, 184, 315, 65, 100, 0.0, 0.0]
[315, 181, 315, 60, 100, 0.0, 0.0]
[315, 179, 315, 55, 100, 0.0, 0.0]
[315, 177, 315, 50, 100, 0.0, 0.0]
[315, 174, 315, 45, 100, 0.0, 0.0]
[315, 172, 315, 40, 100, 0.0, 0.0]
[315, 170, 315, 35, 100, 0.0, 0.0]
[315, 169, 315, 30, 100, 0.0, 0.0]
[315, 167, 315, 315, 100, 0.0, 0.0]
[315, 166, 315, 315, 100, 0.0, 0.0]
[315, 165, 315, 315, 100, 0.0, 0.0]
[315, 164, 315, 315, 100, 0.0, 0.0]
[315, 163, 315, 315, 100, 0.0, 0.0]
[315, 162, 315, 315, 100, 0.0, 0.0]
[315, 161, 315, 315, 100, 0.0, 0.0]
[315, 161, 315, 315, 100, 0.0, 0.0]
[315, 160, 315, 315, 100, 0.0, 0.0]
[315, 159, 315, 315, 100, 0.0, 0.0]
[315, 153, 315, 315, 100, 0.0, 0.0]
[315, 147, 315, 315, 100, 0.0, 0.0]
[315, 141, 315, 315, 100, 0.0, 0.0]
[315, 135, 315, 315, 100, 0.0, 0.0]
[315, 129, 315, 315, 100, 0.0, 0.0]
[315, 123, 315, 315, 100, 0.0, 0.0]
[315, 117, 315, 315, 100, 0.0, 0.0]
[315, 111, 315, 315, 100, 0.0, 0.0]
[315, 105, 315, 315, 100, 0.0, 0.0]
[315, 99, 315, 315, 100, 0.0, 0.0]
[315, 94, 315, 315, 100, 0.0, 0.0]
[315, 88, 315, 315, 100, 0.0, 0.0]
[315, 82, 315, 315, 100, 0.0, 0.0]
[315, 76, 315, 315, 100, 0.0, 0.0]
[315, 70, 315, 315, 100, 0.0, 0.0]
[315, 65, 315, 315, 100, 0.0, 0.0]
[315, 59, 315, 315, 100, 0.0, 0.0]
[315, 53, 315, 315, 100, 0.0, 0.0]
[315, 47, 315, 315, 100, 0.0, 0.0]
[315, 41, 315, 315, 100, 0.0, 0.0]
[315, 37, 315, 315, 100, 0.0, 0.0]
[315, 38, 315, 315, 95, 0.0, 0.0]
[315, 39, 315, 315, 90, 0.0, 0.0]
[315, 41, 315, 315, 85, 0.0, 0.0]
[315, 40, 315, 315, 85, 0.0, 0.0]
[315, 39, 315, 315, 85, 0.0, 0.0]
[315, 38, 315, 315, 85, 0.0, 0.0]
[315, 37, 315, 315, 85, 0.0, 0.0]
[315, 36, 315, 315, 85, 0.0, 0.0]
[315, 43, 315, 315, 80, 0.0, 0.0]
[315, 42, 315, 315, 80, 0.0, 0.0]
[315, 41, 315, 315, 80, 0.0, 0.0]
[315, 40, 315, 315, 80, 0.0, 0.0]
[315, 38, 315, 315, 80, 0.0, 0.0]
[315, 38, 315, 315, 80, 0.0, 0.0]
[315, 37, 315, 315, 80, 0.0, 0.0]
[315, 36, 315, 315, 80, 0.0, 0.0]
[315, 42, 315, 315, 75, 0.0, 0.0]
[315, 42, 315, 315, 75, 0.0, 0.0]
[315, 41, 315, 315, 75, 0.0, 0.0]
[315, 40, 315, 315, 75, 0.0, 0.0]
[315, 38, 315, 315, 75, 0.0, 0.0]
[315, 38, 315, 315, 75, 0.0, 0.0]
[315, 36, 315, 315, 75, 0.0, 0.0]
[315, 36, 315, 315, 75, 0.0, 0.0]
[315, 42, 315, 315, 70, 0.0, 0.0]
[315, 41, 315, 315, 70, 0.0, 0.0]
[315, 38, 315, 315, 70, 0.0, 0.0]
[315, 35, 315, 315, 70, 0.0, 0.0]
[315, 32, 315, 315, 70, 0.0, 0.0]
[315, 31, 315, 315, 70, 0.0, 0.0]
[315, 30, 315, 315, 70, 0.0, 0.0]
[315, 37, 315, 315, 65, 0.0, 0.0]
[315, 35, 315, 315, 65, 0.0, 0.0]
[315, 34, 315, 315, 65, 0.0, 0.0]
[315, 33, 315, 315, 65, 0.0, 0.0]
[315, 32, 315, 315, 65, 0.0, 0.0]
[315, 32, 315, 315, 65, 0.0, 0.0]
[315, 30, 315, 315, 65, 0.0, 0.0]
[315, 38, 315, 315, 60, 0.0, 0.0]
[315, 37, 315, 315, 60, 0.0, 0.0]
[315, 35, 315, 315, 60, 0.0, 0.0]
[315, 34, 315, 315, 60, 0.0, 0.0]
[315, 35, 315, 315, 60, 0.0, 0.0]
[315, 36, 315, 315, 60, 0.0, 0.0]
[315, 38, 315, 315, 60, 0.0, 0.0]
[315, 37, 315, 315, 60, 0.0, 0.0]
[315, 36, 315, 315, 60, 0.0, 0.0]
[315, 42, 315, 315, 55, 0.0, 0.0]
[315, 41, 315, 315, 55, 0.0, 0.0]
[315, 44, 315, 315, 50, 0.0, 0.0]
[315, 39, 315, 315, 50, 0.0, 0.0]
[315, 38, 315, 315, 50, 0.0, 0.0]
[315, 37, 315, 315, 50, 0.0, 0.0]
[315, 43, 315, 315, 45, 0.0, 0.0]
[315, 43, 315, 315, 45, 0.0, 0.0]
[315, 38, 315, 315, 45, 0.0, 0.0]
[315, 34, 315, 315, 45, 0.0, 0.0]
[315, 30, 315, 315, 45, 0.0, 0.0]
[315, 27, 315, 315, 45, 0.0, 0.0]
[315, 26, 315, 315, 45, 0.0, 0.0]
[315, 32, 315, 315, 40, 0.0, 0.0]
[315, 31, 315, 315, 40, 0.0, 0.0]
[315, 30, 315, 315, 40, 0.0, 0.0]
[315, 29, 315, 315, 40, 0.0, 0.0]
[315, 28, 315, 315, 40, 0.0, 0.0]
[315, 27, 315, 315, 40, 0.0, 0.0]
[315, 26, 315, 315, 40, 0.0, 0.0]
[315, 33, 315, 315, 35, 0.0, 0.0]
[315, 32, 315, 315, 35, 0.0, 0.0]
[315, 32, 315, 315, 35, 0.0, 0.0]
[315, 33, 315, 315, 35, 0.0, 0.0]
[315, 32, 315, 315, 35, 0.0, 0.0]
[315, 31, 315, 315, 35, 0.0, 0.0]
[315, 29, 315, 315, 35, 0.0, 0.0]
[315, 29, 315, 315, 35, 0.0, 0.0]
[315, 35, 315, 315, 30, 0.0, 0.0]
[315, 34, 315, 315, 30, 0.0, 0.0]
[315, 33, 315, 315, 30, 0.0, 0.0]
[315, 33, 315, 315, 30, 0.0, 0.0]
[315, 32, 315, 315, 30, 0.0, 0.0]
[315, 31, 315, 315, 30, 0.0, 0.0]
[315, 29, 315, 315, 30, 0.0, 0.0]
[315, 29, 315, 315, 30, 0.0, 0.0]
[315, 35, 315, 315, 25, 0.0, 0.0]
[315, 34, 315, 315, 25, 0.0, 0.0]
[315, 33, 315, 315, 25, 0.0, 0.0]
[315, 32, 315, 315, 25, 0.0, 0.0]
[315, 31, 315, 315, 25, 0.0, 0.0]
[315, 30, 315, 315, 25, 0.0, 0.0]
[315, 29, 315, 315, 25, 0.0, 0.0]
[315, 29, 315, 315, 25, 0.0, 0.0]
[315, 35, 315, 315, 20, 0.0, 0.0]
[315, 34, 315, 315, 20, 0.0, 0.0]
[315, 33, 315, 315, 20, 0.0, 0.0]
[315, 32, 315, 315, 20, 0.0, 0.0]
[315, 31, 315, 315, 20, 0.0, 0.0]
[315, 29, 315, 315, 20, 0.0, 0.0]
[315, 29, 315, 315, 20, 0.0, 0.0]
[315, 35, 315, 315, 15, 0.0, 0.0]
[315, 34, 315, 315, 15, 0.0, 0.0]
[315, 33, 315, 315, 15, 0.0, 0.0]
[315, 33, 315, 315, 15, 0.0, 0.0]
[315, 32, 315, 315, 15, 0.0, 0.0]
[315, 33, 315, 315, 15, 0.0, 0.0]
[315, 35, 315, 315, 15, 0.0, 0.0]
[315, 37, 315, 315, 15, 0.0, 0.0]
[315, 40, 315, 315, 15, 0.0, 0.0]
[315, 43, 315, 315, 15, 0.0, 0.0]
[315, 45, 315, 315, 15, 0.0, 0.0]
[315, 49, 315, 315, 15, 0.0, 0.0]
[315, 52, 315, 315, 15, 0.0, 0.0]
[315, 55, 315, 315, 15, 0.0, 0.0]
[315, 59, 315, 315, 15, 0.0, 0.0]
[315, 62, 315, 315, 15, 0.0, 0.0]
[315, 66, 315, 315, 15, 0.0, 0.0]
[315, 70, 315, 315, 15, 0.0, 0.0]
[315, 74, 315, 315, 15, 0.0, 0.0]
[315, 77, 315, 315, 15, 0.0, 0.0]
[315, 81, 315, 315, 15, 0.0, 0.0]
[315, 85, 315, 315, 15, 0.0, 0.0]
[315, 89, 315, 315, 15, 0.0, 0.0]
[315, 93, 315, 315, 15, 0.0, 0.0]
[315, 97, 315, 315, 15, 0.0, 0.0]
[315, 101, 315, 315, 15, 0.0, 0.0]
[315, 104, 315, 315, 15, 0.0, 0.0]
[315, 108, 315, 315, 15, 0.0, 0.0]
[315, 112, 315, 315, 15, 0.0, 0.0]
[315, 116, 315, 315, 15, 0.0, 0.0]
[315, 120, 315, 315, 15, 0.0, 0.0]
[315, 124, 315, 315, 15, 0.0, 0.0]
[315, 128, 315, 315, 15, 0.0, 0.0]
[315, 132, 315, 315, 15, 0.0, 0.0]
[315, 131, 315, 315, 15, 0.0, 0.0]
[315, 130, 315, 315, 15, 0.0, 0.0]
[315, 129, 315, 315, 15, 0.0, 0.0]
[315, 128, 315, 315, 15, 0.0, 0.0]
[315, 126, 315, 315, 15, 0.0, 0.0]
[315, 125, 315, 315, 15, 0.0, 0.0]
[315, 124, 315, 315, 15, 0.0, 0.0]
[315, 123, 315, 315, 15, 0.0, 0.0]
[315, 122, 315, 315, 15, 0.0, 0.0]
[315, 121, 315, 315, 15, 0.0, 0.0]
[315, 120, 315, 315, 15, 0.0, 0.0]
[315, 119, 315, 315, 15, 0.0, 0.0]
[315, 118, 315, 315, 15, 0.0, 0.0]
[315, 117, 315, 315, 15, 0.0, 0.0]
[315, 116, 315, 315, 15, 0.0, 0.0]
[315, 115, 315, 315, 15, 0.0, 0.0]
[315, 114, 315, 315, 15, 0.0, 0.0]
[315, 113, 315, 315, 15, 0.0, 0.0]
[315, 107, 315, 315, 15, 0.0, 0.0]
[315, 101, 315, 315, 15, 0.0, 0.0]
[315, 95, 315, 315, 15, 0.0, 0.0]
[315, 89, 315, 315, 15, 0.0, 0.0]
[315, 83, 315, 315, 15, 0.0, 0.0]
[315, 77, 315, 315, 15, 0.0, 0.0]
[315, 71, 315, 315, 15, 0.0, 0.0]
[315, 65, 315, 315, 15, 0.0, 0.0]
[315, 59, 315, 315, 15, 0.0, 0.0]
[315, 53, 315, 315, 15, 0.0, 0.0]
[315, 47, 315, 315, 15, 0.0, 0.0]
[315, 46, 315, 315, 15, 0.0, 0.0]
[315, 45, 315, 315, 15, 0.0, 0.0]
[315, 44, 315, 315, 15, 0.0, 0.0]
[315, 43, 315, 315, 15, 0.0, 0.0]
[315, 62, 315, 315, 15, 0.0, 0.0]
[315, 61, 315, 315, 15, 0.0, 0.0]
[315, 60, 315, 315, 15, 0.0, 0.0]
[315, 59, 315, 315, 15, 0.0, 0.0]
[315, 58, 315, 315, 15, 0.0, 0.0]
[315, 57, 315, 315, 15, 0.0, 0.0]
[315, 56, 315, 315, 15, 0.0, 0.0]
[315, 55, 315, 315, 15, 0.0, 0.0]
[315, 54, 315, 315, 15, 0.0, 0.0]
[315, 53, 315, 315, 15, 0.0, 0.0]
[315, 52, 315, 315, 15, 0.0, 0.0]
[315, 51, 315, 315, 15, 0.0, 0.0]
[315, 50, 315, 315, 15, 0.0, 0.0]
[315, 49, 315, 315, 15, 0.0, 0.0]
[315, 48, 315, 315, 15, 0.0, 0.0]
[315, 47, 315, 315, 15, 0.0, 0.0]
[315, 46, 315, 315, 15, 0.0, 0.0]
[315, 45, 315, 315, 15, 0.0, 0.0]
[315, 64, 315, 315, 15, 0.0, 0.0]
[315, 63, 315, 315, 15, 0.0, 0.0]
[315, 62, 315, 315, 15, 0.0, 0.0]
[315, 61, 315, 315, 15, 0.0, 0.0]
[315, 60, 315, 315, 15, 0.0, 0.0]
[315, 59, 315, 315, 15, 0.0, 0.0]
[315, 58, 315, 315, 15, 0.0, 0.0]
[315, 57, 315, 315, 15, 0.0, 0.0]
[315, 56, 315, 315, 15, 0.0, 0.0]
[315, 55, 315, 315, 15, 0.0, 0.0]
[315, 54, 315, 315, 15, 0.0, 0.0]
[315, 53, 315, 315, 15, 0.0, 0.0]
[315, 52, 315, 315, 15, 0.0, 0.0]
[315, 51, 315, 315, 15, 0.0, 0.0]
[315, 50, 315, 315, 15, 0.0, 0.0]
[315, 49, 315, 315, 15, 0.0, 0.0]
[315, 48, 315, 315, 15, 0.0, 0.0]
[315, 47, 315, 315, 15, 0.0, 0.0]
[315, 46, 315, 315, 15, 0.0, 0.0]
[315, 45, 315, 315, 15, 0.0, 0.0]
[315, 63, 315, 315, 15, 0.0, 0.0]
[315, 62, 315, 315, 15, 0.0, 0.0]
[315, 61, 315, 315, 15, 0.0, 0.0]
[315, 60, 315, 315, 15, 0.0, 0.0]
[315, 59, 315, 315, 15, 0.0, 0.0]
[315, 58, 315, 315, 15, 0.0, 0.0]
[315, 57, 315, 315, 15, 0.0, 0.0]
[315, 56, 315, 315, 15, 0.0, 0.0]
[315, 55, 315, 315, 15, 0.0, 0.0]
[315, 54, 315, 315, 15, 0.0, 0.0]
[315, 53, 315, 315, 15, 0.0, 0.0]
[315, 52, 315, 315, 15, 0.0, 0.0]
[315, 51, 315, 315, 15, 0.0, 0.0]
[315, 50, 315, 315, 15, 0.0, 0.0]
[315, 49, 315, 315, 15, 0.0, 0.0]
[315, 48, 315, 315, 15, 0.0, 0.0]
[315, 47, 315, 315, 15, 0.0, 0.0]
[315, 46, 315, 315, 15, 0.0, 0.0]
[315, 45, 315, 315, 15, 0.0, 0.0]
[315, 64, 315, 315, 15, 0.0, 0.0]
[315, 63, 315, 315, 15, 0.0, 0.0]
[315, 62, 315, 315, 15, 0.0, 0.0]
[315, 61, 315, 315, 15, 0.0, 0.0]
[315, 60, 315, 315, 15, 0.0, 0.0]
[315, 59, 315, 315, 15, 0.0, 0.0]
[315, 58, 315, 315, 15, 0.0, 0.0]
[315, 57, 315, 315, 15, 0.0, 0.0]
[315, 56, 315, 315, 15, 0.0, 0.0]
[315, 55, 315, 315, 15, 0.0, 0.0]
[315, 54, 315, 315, 15, 0.0, 0.0]
[315, 53, 315, 315, 15, 0.0, 0.0]
[315, 52, 315, 315, 15, 0.0, 0.0]
[315, 51, 315, 315, 15, 0.0, 0.0]
[315, 50, 315, 315, 15, 0.0, 0.0]
[315, 49, 315, 315, 15, 0.0, 0.0]
[315, 48, 315, 315, 15, 0.0, 0.0]
[315, 47, 315, 315, 15, 0.0, 0.0]
[315, 46, 315, 315, 15, 0.0, 0.0]
[315, 45, 315, 315, 15, 0.0, 0.0]
[315, 44, 315, 315, 15, 0.0, 0.0]
[315, 43, 315, 315, 15, 0.0, 0.0]
[315, 315, 315, 315, 15, 0.0, 1.0]
[315, 315, 315, 315, 15, 0.0, 1.0]
[315, 315, 315, 315, 15, 0.0, 1.0]
[315, 315, 315, 315, 15, 0.0, 1.0]
[315, 315, 315, 315, 15, 0.0, 1.0]
[315, 315, 315, 315, 15, 0.0, 1.0]
[315, 315, 315, 315, 15, 0.0, 1.0]
[315, 315, 315, 315, 15, 0.0, 1.0]
[315, 315, 315, 315, 15, 0.0, 1.0]
[315, 315, 315, 315, 15, 0.0, 1.0]
[315, 315, 315, 315, 15, 0.0, 1.0]
[315, 315, 315, 315, 15, 0.0, 1.0]
[315, 315, 315, 315, 15, 0.0, 1.0]
[315, 315, 315, 315, 15, 0.0, 1.0]
[315, 315, 315, 315, 15, 0.0, 1.0]
[315, 315, 315, 315, 15, 0.0, 1.0]
[315, 315, 315, 315, 15, 0.0, 1.0]
[315, 315, 315, 315, 15, 0.0, 1.0]
[315, 315, 315, 315, 15, 0.0, 1.0]
[315, 315, 315, 315, 15, 0.0, 1.0]
[315, 315, 315, 315, 15, 0.0, 1.0]
[315, 315, 315, 315, 15, 0.0, 1.0]
[315, 315, 315, 315, 15, 0.0, 1.0]
[315, 315, 315, 315, 15, 0.0, 1.0]
[315, 315, 315, 315, 15, 0.0, 1.0]
[315, 315, 315, 315, 15, 0.0, 1.0]
[315, 315, 315, 315, 15, 0.0, 1.0]
[315, 315, 315, 315, 15, 0.0, 1.0]
[315, 315, 315, 315, 15, 0.0, 1.0]
[315, 315, 315, 315, 15, 0.0, 1.0]
[315, 315, 315, 315, 15, 0.0, 1.0]
[315, 315, 315, 315, 15, 0.0, 1.0]
[315, 315, 315, 315, 15, 0.0, 1.0]
[315, 315, 315, 315, 15, 0.0, 1.0]
[315, 315, 315, 315, 15, 0.0, 1.0]
[315, 315, 315, 315, 15, 0.0, 1.0]
[315, 315, 315, 315, 15, 0.0, 1.0]
[315, 315, 315, 315, 15, 0.0, 1.0]
[315, 315, 315, 315, 15, 0.0, 1.0]
[315, 315, 315, 315, 15, 0.0, 1.0]
[315, 315, 315, 315, 15, 0.0, 1.0]
[315, 315, 315, 315, 15, 0.0, 1.0]
[315, 315, 315, 315, 15, 0.0, 1.0]
[315, 315, 315, 315, 15, 0.0, 1.0]
[315, 315, 315, 315, 15, 0.0, 1.0]
[315, 315, 315, 315, 15, 0.0, 1.0]
[315, 315, 315, 315, 15, 0.0, 1.0]
[315, 315, 315, 315, 15, 0.0, 1.0]
[315, 315, 315, 315, 15, 0.0, 1.0]
[315, 315, 315, 315, 15, 0.0, 1.0]
[315, 315, 315, 315, 15, 0.0, 1.0]
[315, 315, 315, 315, 15, 0.0, 1.0]
[315, 315, 315, 315, 15, 0.0, 1.0]
[315, 315, 315, 315, 15, 0.0, 1.0]
[315, 315, 315, 315, 15, 0.0, 1.0]
[315, 315, 315, 315, 15, 0.0, 1.0]
[315, 315, 315, 315, 15, 0.0, 1.0]
[315, 315, 315, 315, 15, 0.0, 1.0]
[315, 315, 315, 315, 15, 0.0, 1.0]
[315, 315, 315, 315, 15, 0.0, 1.0]
[315, 315, 315, 315, 15, 0.0, 1.0]
[315, 315, 315, 315, 15, 0.0, 1.0]
[315, 315, 315, 315, 15, 0.0, 1.0]
[315, 315, 315, 315, 15, 0.0, 1.0]
[315, 315, 315, 315, 15, 0.0, 1.0]
[315, 315, 315, 315, 15, 0.0, 1.0]
[315, 315, 315, 315, 15, 0.0, 1.0]
[315, 315, 315, 315, 15, 0.0, 1.0]
[315, 315, 315, 315, 15, 0.0, 1.0]
[315, 315, 315, 315, 15, 0.0, 1.0]
[315, 315, 315, 315, 15, 0.0, 1.0]
[315, 315, 315, 315, 15, 0.0, 1.0]
[315, 315, 315, 315, 15, 0.0, 1.0]
[315, 315, 315, 315, 15, 0.0, 1.0]
[315, 315, 315, 315, 15, 0.0, 1.0]
[315, 315, 315, 315, 15, 0.0, 1.0]
[315, 315, 315, 315, 15, 0.0, 1.0]
[315, 315, 315, 315, 15, 0.0, 1.0]
[315, 315, 315, 315, 15, 0.0, 1.0]
[315, 315, 315, 315, 15, 0.0, 1.0]
[315, 315, 315, 315, 15, 0.0, 1.0]
[315, 315, 315, 315, 15, 0.0, 1.0]
[315, 315, 315, 315, 15, 0.0, 1.0]
[315, 315, 315, 315, 15, 0.0, 1.0]
[315, 315, 315, 315, 15, 0.0, 1.0]
[315, 315, 315, 315, 15, 0.0, 1.0]
[315, 315, 315, 315, 15, 0.0, 1.0]
[315, 315, 315, 315, 15, 0.0, 1.0]
[315, 315, 315, 315, 15, 0.0, 1.0]
[315, 315, 315, 315, 15, 0.0, 1.0]
[315, 315, 315, 315, 15, 0.0, 1.0]
[315, 315, 315, 315, 15, 0.0, 1.0]
[315, 315, 310, 315, 15, 0.0, 1.0]
[315, 315, 305, 315, 15, 0.0, 1.0]
[315, 315, 300, 315, 15, 0.0, 1.0]
[315, 315, 295, 315, 15, 0.0, 1.0]
[315, 315, 290, 315, 15, 0.0, 1.0]
[315, 315, 285, 315, 15, 0.0, 1.0]
[315, 315, 280, 315, 15, 0.0, 1.0]
[315, 315, 275, 315, 15, 0.0, 1.0]
[315, 315, 270, 315, 15, 0.0, 1.0]
[315, 315, 265, 315, 15, 0.0, 1.0]
[315, 315, 260, 315, 15, 0.0, 1.0]
[315, 315, 255, 315, 15, 0.0, 1.0]
[315, 315, 250, 315, 15, 0.0, 1.0]
[315, 315, 245, 315, 15, 0.0, 1.0]
[315, 315, 240, 315, 15, 0.0, 1.0]
[315, 315, 235, 315, 15, 0.0, 1.0]
[315, 315, 230, 315, 15, 0.0, 1.0]
[315, 315, 225, 315, 15, 0.0, 1.0]
[315, 315, 220, 315, 15, 0.0, 1.0]
[315, 315, 215, 315, 15, 0.0, 1.0]
[315, 315, 210, 315, 15, 0.0, 1.0]
[315, 315, 205, 315, 15, 0.0, 1.0]
[315, 315, 200, 315, 15, 0.0, 1.0]
[315, 315, 195, 315, 15, 0.0, 1.0]
[315, 315, 190, 315, 15, 0.0, 1.0]
[315, 315, 185, 315, 15, 0.0, 1.0]
[315, 315, 180, 315, 15, 0.0, 1.0]
[315, 315, 175, 315, 15, 0.0, 1.0]
[315, 315, 170, 315, 15, 0.0, 1.0]
[315, 315, 165, 315, 15, 0.0, 1.0]
[315, 315, 160, 315, 15, 0.0, 1.0]
[315, 315, 155, 315, 15, 0.0, 1.0]
[315, 315, 150, 315, 15, 0.0, 1.0]
[315, 315, 145, 315, 15, 0.0, 1.0]
[315, 315, 140, 315, 15, 0.0, 1.0]
[315, 315, 135, 315, 15, 0.0, 1.0]
[315, 315, 130, 315, 15, 0.0, 1.0]
[315, 315, 125, 315, 15, 0.0, 1.0]
[315, 315, 120, 315, 15, 0.0, 1.0]
[315, 315, 115, 315, 15, 0.0, 1.0]
[315, 315, 110, 315, 15, 0.0, 1.0]
[315, 315, 105, 315, 15, 0.0, 1.0]
[315, 315, 100, 315, 15, 0.0, 1.0]
[315, 315, 95, 315, 15, 0.0, 1.0]
[315, 315, 90, 315, 15, 0.0, 1.0]
[315, 315, 85, 315, 15, 0.0, 1.0]
[315, 315, 80, 315, 15, 0.0, 1.0]
[315, 315, 75, 315, 15, 0.0, 1.0]
[315, 315, 70, 315, 15, 0.0, 1.0]
[315, 315, 65, 315, 15, 0.0, 1.0]
[315, 315, 60, 315, 15, 0.0, 1.0]
[315, 315, 55, 315, 15, 0.0, 1.0]
[315, 315, 50, 315, 15, 0.0, 1.0]
[315, 315, 45, 315, 15, 0.0, 1.0]
[315, 315, 40, 315, 15, 0.0, 1.0]
[315, 315, 35, 315, 15, 0.0, 1.0]
[315, 315, 30, 315, 15, 0.0, 1.0]
[315, 315, 315, 315, 15, 0.5, 1.0]
[315, 315, 315, 315, 15, 0.5, 1.0]
[315, 315, 315, 315, 15, 0.5, 1.0]
[315, 315, 315, 315, 15, 0.5, 1.0]
[315, 315, 315, 315, 15, 0.5, 1.0]
[315, 315, 315, 315, 15, 0.5, 1.0]
[315, 315, 315, 315, 15, 0.5, 1.0]
[315, 315, 315, 315, 15, 0.5, 1.0]
[315, 315, 315, 315, 15, 0.5, 1.0]
[315, 315, 315, 315, 15, 0.5, 1.0]
[315, 315, 315, 315, 15, 0.5, 1.0]
[315, 315, 315, 315, 15, 0.5, 1.0]
[315, 315, 315, 315, 15, 0.5, 1.0]
[315, 315, 315, 315, 15, 0.5, 1.0]
[315, 315, 315, 315, 15, 0.5, 1.0]
[315, 315, 315, 315, 15, 0.5, 1.0]
[315, 315, 315, 315, 15, 0.5, 1.0]
[315, 315, 315, 315, 15, 0.5, 1.0]
[315, 315, 315, 315, 15, 0.5, 1.0]
[315, 315, 315, 315, 15, 0.5, 1.0]
[315, 315, 315, 315, 15, 0.5, 1.0]
[315, 315, 315, 315, 15, 0.5, 1.0]
[315, 315, 315, 315, 15, 0.5, 1.0]
[315, 315, 315, 315, 15, 0.5, 1.0]
[315, 315, 315, 315, 15, 0.5, 1.0]
[315, 315, 315, 315, 15, 0.5, 1.0]
[315, 315, 315, 315, 15, 0.5, 1.0]
[315, 315, 315, 315, 15, 0.5, 1.0]
[315, 315, 315, 315, 15, 0.5, 1.0]
[315, 315, 315, 315, 15, 0.5, 1.0]
[315, 315, 315, 315, 15, 0.5, 1.0]
[315, 315, 315, 315, 15, 0.5, 1.0]
[315, 315, 315, 315, 15, 0.5, 1.0]
[315, 315, 315, 315, 15, 0.5, 1.0]
[315, 315, 315, 315, 15, 0.5, 1.0]
[315, 315, 315, 315, 15, 0.5, 1.0]
[315, 315, 315, 315, 15, 0.5, 1.0]
[315, 315, 315, 315, 15, 0.5, 1.0]
[315, 315, 315, 315, 15, 0.5, 1.0]
[315, 315, 315, 315, 15, 0.5, 1.0]
[315, 315, 315, 315, 15, 0.5, 1.0]
[315, 315, 315, 315, 15, 0.5, 1.0]
[315, 315, 315, 315, 15, 0.5, 1.0]
[315, 315, 315, 315, 15, 0.5, 1.0]
[315, 315, 315, 315, 15, 0.5, 1.0]
[315, 315, 315, 315, 15, 0.5, 1.0]
[315, 315, 315, 315, 15, 0.5, 1.0]
[315, 315, 315, 315, 15, 0.5, 1.0]
[315, 315, 315, 315, 15, 0.5, 1.0]
[315, 315, 315, 315, 15, 0.5, 1.0]
[315, 315, 315, 315, 15, 0.5, 1.0]
[315, 315, 315, 315, 15, 0.5, 1.0]
[315, 315, 315, 315, 15, 0.5, 1.0]
[315, 315, 315, 315, 15, 0.5, 1.0]
[315, 315, 315, 315, 15, 0.5, 1.0]
[315, 315, 315, 315, 15, 0.5, 1.0]
[315, 315, 315, 315, 15, 0.5, 1.0]
[315, 315, 315, 315, 15, 0.5, 1.0]
[315, 315, 315, 315, 15, 0.5, 1.0]
[315, 315, 315, 315, 15, 0.5, 1.0]
[315, 315, 315, 315, 15, 0.5, 1.0]
[315, 315, 315, 315, 15, 0.5, 1.0]
[315, 315, 315, 315, 15, 0.5, 1.0]
[315, 315, 315, 315, 15, 0.5, 1.0]
[315, 315, 315, 315, 15, 0.5, 1.0]
[315, 315, 315, 315, 15, 0.5, 1.0]
[315, 315, 315, 315, 15, 0.5, 1.0]
[315, 315, 315, 315, 15, 0.5, 1.0]
[315, 315, 315, 315, 15, 0.5, 1.0]
[315, 315, 315, 315, 15, 0.5, 1.0]
[315, 315, 315, 315, 15, 0.5, 1.0]
[315, 315, 315, 315, 15, 0.5, 1.0]
[315, 315, 315, 315, 15, 0.5, 1.0]
[315, 315, 315, 315, 15, 0.5, 1.0]
[315, 315, 315, 315, 15, 0.5, 1.0]
[315, 315, 315, 315, 15, 0.5, 1.0]
[315, 315, 315, 315, 15, 0.5, 1.0]
[315, 315, 315, 315, 15, 0.5, 1.0]
[315, 315, 315, 315, 15, 0.5, 1.0]
[315, 315, 315, 315, 15, 0.5, 1.0]
[315, 315, 315, 315, 15, 0.5, 1.0]
[315, 315, 315, 315, 15, 0.5, 1.0]
[315, 315, 315, 315, 15, 0.5, 1.0]
[315, 315, 315, 315, 15, 0.5, 1.0]
[315, 315, 315, 315, 15, 0.5, 1.0]
[315, 315, 315, 315, 15, 0.5, 1.0]
[315, 315, 315, 315, 15, 0.5, 1.0]
[315, 315, 315, 315, 15, 0.5, 1.0]
[315, 315, 315, 315, 15, 0.5, 1.0]
[315, 315, 315, 315, 15, 0.5, 1.0]
[315, 315, 315, 315, 15, 0.5, 1.0]
[315, 315, 315, 315, 15, 0.5, 1.0]
[315, 315, 315, 315, 15, 0.5, 1.0]
[315, 315, 315, 315, 15, 0.5, 1.0]
[315, 315, 315, 315, 15, 0.5, 1.0]
[315, 315, 315, 315, 15, 0.5, 1.0]
[315, 315, 315, 315, 15, 0.5, 1.0]
[315, 315, 315, 315, 15, 0.5, 1.0]
[315, 315, 315, 315, 15, 0.5, 1.0]
[315, 315, 315, 315, 15, 0.5, 1.0]
[315, 315, 315, 315, 15, 0.5, 1.0]
[315, 315, 315, 315, 15, 0.5, 1.0]
[315, 315, 315, 315, 15, 0.5, 1.0]
[315, 315, 315, 315, 15, 0.5, 1.0]
[315, 315, 315, 315, 15, 0.5, 1.0]
[315, 315, 315, 315, 15, 0.5, 1.0]
[315, 315, 315, 315, 15, 0.5, 1.0]
[315, 315, 315, 315, 15, 0.5, 1.0]
[315, 315, 315, 315, 15, 0.5, 1.0]
[315, 315, 315, 315, 15, 0.5, 1.0]
[315, 315, 315, 315, 15, 0.5, 1.0]
[315, 315, 315, 315, 15, 0.5, 1.0]
[315, 315, 315, 315, 15, 0.5, 1.0]
[315, 315, 315, 315, 15, 0.5, 1.0]
[315, 315, 315, 315, 15, 0.5, 1.0]
[315, 315, 315, 315, 15, 0.5, 1.0]
[315, 315, 315, 315, 15, 0.5, 1.0]
[315, 315, 315, 315, 15, 0.5, 1.0]
[315, 315, 315, 315, 15, 0.5, 1.0]
[315, 315, 315, 315, 15, 0.5, 1.0]
[315, 315, 315, 315, 15, 0.5, 1.0]
[315, 315, 315, 315, 15, 0.5, 1.0]
[315, 315, 315, 315, 15, 0.5, 1.0]
[315, 315, 315, 315, 15, 0.5, 1.0]
[315, 315, 315, 315, 15, 0.5, 1.0]
[315, 315, 315, 315, 15, 0.5, 1.0]
[315, 315, 315, 315, 15, 0.5, 1.0]
[315, 315, 315, 315, 15, 0.5, 1.0]
[315, 315, 315, 315, 15, 0.5, 1.0]
[315, 315, 315, 315, 15, 0.5, 1.0]
[315, 315, 315, 315, 15, 0.5, 1.0]
[315, 315, 315, 315, 15, 0.5, 1.0]
[315, 315, 315, 315, 15, 0.5, 1.0]
[315, 315, 315, 315, 15, 0.5, 1.0]
[315, 315, 315, 315, 15, 0.5, 1.0]
[315, 315, 315, 315, 15, 0.5, 1.0]
[315, 315, 315, 315, 15, 0.5, 1.0]
[315, 315, 315, 315, 15, 0.5, 1.0]
[315, 315, 315, 315, 15, 0.5, 1.0]
[315, 315, 315, 315, 15, 0.5, 1.0]
[315, 315, 315, 315, 15, 0.5, 1.0]
[315, 315, 315, 315, 15, 0.5, 1.0]
[315, 315, 315, 315, 15, 0.5, 1.0]
[315, 315, 315, 315, 15, 0.5, 1.0]
[315, 315, 315, 315, 15, 0.5, 1.0]
[315, 315, 315, 315, 15, 0.5, 1.0]
[315, 315, 315, 315, 15, 0.5, 1.0]
[315, 315, 315, 315, 15, 0.5, 1.0]
[315, 315, 315, 315, 15, 0.5, 1.0]
[315, 315, 315, 315, 15, 0.5, 1.0]
[315, 315, 315, 315, 15, 0.5, 1.0]
[315, 315, 315, 315, 15, 0.5, 1.0]
[315, 315, 315, 315, 15, 0.5, 1.0]
[315, 315, 315, 315, 15, 0.5, 1.0]
[315, 315, 315, 315, 15, 0.5, 1.0]
[315, 315, 315, 315, 15, 0.5, 1.0]
[315, 315, 315, 315, 15, 0.5, 1.0]
[315, 315, 315, 315, 15, 0.5, 1.0]
[315, 315, 315, 315, 15, 0.5, 1.0]
[315, 315, 315, 315, 15, 0.5, 1.0]
[315, 315, 315, 315, 15, 0.5, 1.0]
[315, 315, 315, 315, 15, 0.5, 1.0]
[315, 315, 315, 315, 15, 0.5, 1.0]
[315, 315, 315, 315, 15, 0.5, 1.0]
[315, 315, 315, 315, 15, 0.5, 1.0]
[315, 315, 315, 315, 15, 0.5, 1.0]
[315, 315, 315, 315, 15, 0.5, 1.0]
[315, 315, 315, 315, 15, 0.5, 1.0]
[315, 315, 315, 315, 15, 0.5, 1.0]
[315, 315, 315, 315, 15, 0.5, 1.0]
[315, 315, 315, 315, 15, 0.5, 1.0]
[315, 315, 315, 315, 15, 0.5, 1.0]
[315, 315, 315, 315, 15, 0.5, 1.0]
[315, 315, 315, 315, 15, 0.5, 1.0]
[315, 315, 315, 315, 15, 0.5, 1.0]
[315, 315, 315, 315, 15, 0.5, 1.0]
[315, 315, 315, 315, 15, 0.5, 1.0]
[315, 315, 315, 315, 15, 0.5, 1.0]
[315, 315, 315, 315, 15, 0.5, 1.0]
[315, 315, 315, 315, 15, 0.5, 1.0]
[315, 315, 315, 315, 15, 0.5, 1.0]
[315, 315, 315, 315, 15, 0.5, 1.0]
[315, 315, 315, 315, 15, 0.5, 1.0]
[315, 315, 315, 315, 15, 0.5, 1.0]
[315, 315, 315, 315, 15, 0.5, 1.0]
[315, 315, 315, 315, 15, 0.5, 1.0]
[315, 315, 315, 315, 15, 0.5, 1.0]
[315, 315, 315, 315, 15, 0.5, 1.0]
[315, 315, 315, 315, 15, 0.5, 1.0]
[315, 315, 315, 315, 15, 0.5, 1.0]
[315, 315, 315, 315, 15, 0.5, 1.0]
[315, 315, 315, 315, 15, 0.5, 1.0]
[315, 315, 315, 315, 15, 0.5, 1.0]
[315, 315, 315, 315, 15, 0.5, 1.0]
[315, 315, 315, 315, 15, 0.5, 1.0]
[315, 315, 315, 315, 15, 0.5, 1.0]
[315, 315, 315, 315, 15, 0.5, 1.0]
[315, 315, 315, 315, 15, 0.5, 1.0]
[315, 315, 315, 315, 15, 0.5, 1.0]
[315, 315, 315, 315, 15, 0.5, 1.0]
[315, 315, 315, 315, 15, 0.5, 1.0]
[315, 315, 315, 315, 15, 0.5, 1.0]
[315, 315, 315, 315, 15, 0.5, 1.0]
[315, 315, 315, 315, 15, 0.5, 1.0]
[315, 315, 315, 315, 15, 0.5, 1.0]
[315, 315, 315, 315, 15, 0.5, 1.0]
[315, 315, 315, 315, 15, 0.5, 1.0]
[315, 315, 315, 315, 15, 0.5, 1.0]
[315, 315, 315, 315, 15, 0.5, 1.0]
[315, 315, 315, 315, 15, 0.5, 1.0]
[315, 315, 315, 315, 15, 0.5, 1.0]
[315, 315, 315, 315, 15, 0.5, 1.0]
[315, 315, 315, 315, 15, 0.5, 1.0]
[315, 315, 315, 315, 15, 0.5, 1.0]
[315, 315, 315, 315, 15, 0.5, 1.0]
[315, 315, 315, 315, 15, 0.5, 1.0]
[315, 315, 315, 315, 15, 0.5, 1.0]
[315, 315, 315, 315, 15, 0.5, 1.0]
[315, 315, 315, 315, 15, 0.5, 1.0]
[315, 315, 315, 315, 15, 0.5, 1.0]
[315, 315, 315, 315, 15, 0.5, 1.0]
[315, 315, 315, 315, 15, 0.5, 1.0]
[315, 315, 315, 315, 15, 0.5, 1.0]
[315, 315, 315, 315, 15, 0.5, 1.0]
[315, 315, 315, 315, 15, 0.5, 1.0]
[315, 315, 315, 315, 15, 0.5, 1.0]
[315, 315, 315, 315, 15, 0.5, 1.0]
[315, 315, 315, 315, 15, 0.5, 1.0]
[315, 315, 315, 315, 15, 0.5, 1.0]
[315, 315, 315, 315, 15, 0.5, 1.0]
[315, 315, 315, 315, 15, 0.5, 1.0]
[315, 315, 315, 315, 15, 0.5, 1.0]
[315, 315, 315, 315, 15, 0.5, 1.0]
[315, 315, 315, 315, 15, 0.5, 1.0]
[315, 315, 315, 315, 15, 0.5, 1.0]
[315, 315, 315, 315, 15, 0.5, 1.0]
[315, 315, 315, 315, 15, 0.5, 1.0]
[315, 315, 315, 315, 15, 0.5, 1.0]
[315, 315, 315, 315, 15, 0.5, 1.0]
[315, 315, 315, 315, 15, 0.5, 1.0]
[315, 315, 315, 315, 15, 0.5, 1.0]
[315, 315, 315, 315, 15, 0.5, 1.0]
[315, 315, 315, 315, 15, 0.5, 1.0]
[315, 315, 315, 315, 15, 0.5, 1.0]
[315, 315, 315, 315, 15, 0.5, 1.0]
[315, 315, 315, 315, 15, 0.5, 1.0]
[315, 315, 315, 315, 15, 0.5, 1.0]
[315, 315, 315, 315, 15, 0.5, 1.0]
[315, 315, 315, 315, 15, 0.5, 1.0]
[315, 315, 315, 315, 15, 0.5, 1.0]
[315, 315, 315, 315, 15, 0.5, 1.0]
[315, 315, 315, 315, 15, 0.5, 1.0]
[315, 315, 315, 315, 15, 0.5, 1.0]
[315, 315, 315, 315, 15, 0.5, 1.0]
[315, 315, 315, 315, 15, 0.5, 1.0]
[315, 315, 315, 315, 15, 0.5, 1.0]
[315, 315, 315, 315, 15, 0.5, 1.0]
[315, 315, 315, 315, 15, 0.5, 1.0]
[315, 315, 315, 315, 15, 0.5, 1.0]
[315, 315, 315, 315, 15, 0.5, 1.0]
[315, 315, 315, 315, 15, 0.5, 1.0]
[315, 315, 315, 315, 15, 0.5, 1.0]
[315, 315, 315, 315, 15, 0.5, 1.0]
[315, 315, 315, 315, 15, 0.5, 1.0]
[315, 315, 315, 315, 15, 0.5, 1.0]
[315, 315, 315, 315, 15, 0.5, 1.0]
[315, 315, 315, 315, 15, 0.5, 1.0]
[315, 315, 315, 315, 15, 0.5, 1.0]
[315, 315, 315, 315, 15, 0.5, 1.0]
[315, 315, 315, 315, 15, 0.5, 1.0]
[315, 315, 315, 315, 15, 0.5, 1.0]
[315, 315, 315, 315, 15, 0.5, 1.0]
[315, 315, 315, 315, 15, 0.5, 1.0]
[315, 315, 315, 315, 15, 0.5, 1.0]
[315, 315, 315, 315, 15, 0.5, 1.0]
[315, 315, 315, 315, 15, 0.5, 1.0]
[315, 315, 315, 315, 15, 0.5, 1.0]
[315, 315, 315, 315, 15, 0.5, 1.0]
[315, 315, 315, 315, 15, 0.5, 1.0]
[315, 315, 315, 315, 15, 0.5, 1.0]
[315, 315, 315, 315, 15, 0.5, 1.0]
[315, 315, 315, 315, 15, 0.5, 1.0]
[315, 315, 315, 315, 15, 0.5, 1.0]
[315, 315, 315, 315, 15, 0.5, 1.0]
[315, 315, 315, 315, 15, 0.5, 1.0]
[315, 315, 315, 315, 15, 0.5, 1.0]
[315, 315, 315, 315, 15, 0.5, 1.0]
[315, 315, 315, 315, 15, 0.5, 1.0]
[315, 315, 315, 315, 15, 0.5, 1.0]
[315, 315, 315, 315, 15, 0.5, 1.0]
[315, 315, 315, 315, 15, 0.5, 1.0]
[315, 315, 315, 315, 15, 0.5, 1.0]
[315, 315, 315, 315, 15, 0.5, 1.0]
[315, 315, 315, 315, 15, 0.5, 1.0]
[315, 315, 315, 315, 15, 0.5, 1.0]
[315, 315, 315, 315, 15, 0.5, 1.0]
[315, 315, 315, 315, 15, 0.5, 1.0]
[315, 315, 315, 315, 15, 0.5, 1.0]
[315, 315, 315, 315, 15, 0.5, 1.0]
[315, 315, 315, 315, 15, 0.5, 1.0]
[315, 315, 315, 315, 15, 0.5, 1.0]
[315, 315, 315, 315, 15, 0.5, 1.0]
[315, 315, 315, 315, 15, 0.5, 1.0]
[315, 315, 315, 315, 15, 0.5, 1.0]
[315, 315, 315, 315, 15, 0.5, 1.0]
[315, 315, 315, 315, 15, 0.5, 1.0]
[315, 315, 315, 315, 15, 0.5, 1.0]
[315, 315, 315, 315, 15, 0.5, 1.0]
[315, 315, 315, 315, 15, 0.5, 1.0]
[315, 315, 315, 315, 15, 0.5, 1.0]
[315, 315, 315, 315, 15, 0.5, 1.0]
[315, 315, 315, 315, 15, 0.5, 1.0]
[315, 315, 315, 315, 15, 0.5, 1.0]
[315, 315, 315, 315, 15, 0.5, 1.0]
[315, 315, 315, 315, 15, 0.5, 1.0]
[315, 315, 315, 315, 15, 0.5, 1.0]
[315, 315, 315, 315, 15, 0.5, 1.0]
[315, 315, 315, 315, 15, 0.5, 1.0]
[315, 315, 315, 315, 15, 0.5, 1.0]
[315, 315, 315, 315, 15, 0.5, 1.0]
[315, 315, 315, 315, 15, 0.5, 1.0]
[315, 315, 315, 315, 15, 0.5, 1.0]
[315, 315, 315, 315, 15, 0.5, 1.0]
[315, 315, 315, 315, 15, 0.5, 1.0]
[315, 315, 315, 315, 15, 0.5, 1.0]
[315, 315, 315, 315, 15, 0.5, 1.0]
[315, 315, 315, 315, 15, 0.5, 1.0]
[315, 315, 315, 315, 15, 0.5, 1.0]
[315, 315, 315, 315, 15, 0.5, 1.0]
[315, 315, 315, 315, 15, 0.5, 1.0]
[315, 315, 315, 315, 15, 0.5, 1.0]
[315, 315, 315, 315, 15, 0.5, 1.0]
[315, 315, 315, 315, 15, 0.5, 1.0]
[315, 315, 315, 315, 15, 0.5, 1.0]
[315, 315, 315, 315, 15, 0.5, 1.0]
[315, 315, 315, 315, 15, 0.5, 1.0]
[315, 315, 315, 315, 15, 0.5, 1.0]
[315, 315, 315, 315, 15, 0.5, 1.0]
[315, 315, 315, 315, 15, 0.5, 1.0]
[315, 315, 315, 315, 15, 0.5, 1.0]
[315, 315, 315, 315, 15, 0.5, 1.0]
[315, 315, 315, 315, 15, 0.5, 1.0]
[315, 315, 315, 315, 15, 0.5, 1.0]
[315, 315, 315, 315, 15, 0.5, 1.0]
[315, 315, 315, 315, 15, 0.5, 1.0]
[315, 315, 315, 315, 15, 0.5, 1.0]
[315, 315, 315, 315, 15, 0.5, 1.0]
[315, 315, 315, 315, 15, 0.5, 1.0]
[315, 315, 315, 315, 15, 0.5, 1.0]
[315, 315, 315, 315, 15, 0.5, 1.0]
[315, 315, 315, 315, 15, 0.5, 1.0]
[315, 315, 315, 315, 15, 0.5, 1.0]
[315, 315, 315, 315, 15, 0.5, 1.0]
[315, 315, 315, 315, 15, 0.5, 1.0]
[315, 315, 315, 315, 15, 0.5, 1.0]
[315, 315, 315, 315, 15, 0.5, 1.0]
[315, 315, 315, 315, 15, 0.5, 1.0]
[315, 315, 315, 315, 15, 0.5, 1.0]
[315, 315, 315, 315, 15, 0.5, 1.0]
[315, 315, 315, 315, 15, 0.5, 1.0]
[315, 315, 315, 315, 15, 0.5, 1.0]
[315, 315, 315, 315, 15, 0.5, 1.0]
[315, 315, 315, 315, 15, 0.5, 1.0]
[315, 315, 315, 315, 15, 0.5, 1.0]
[315, 315, 315, 315, 15, 0.5, 1.0]
[315, 315, 315, 315, 15, 0.5, 1.0]
[315, 315, 315, 315, 15, 0.5, 1.0]
[315, 315, 315, 315, 15, 0.5, 1.0]
[315, 315, 315, 315, 15, 0.5, 1.0]
[315, 315, 315, 315, 15, 0.5, 1.0]
[315, 315, 315, 315, 15, 0.5, 1.0]
[315, 315, 315, 315, 15, 0.5, 1.0]
[315, 315, 315, 315, 15, 0.5, 1.0]
[315, 315, 315, 315, 15, 0.5, 1.0]
[315, 315, 315, 315, 15, 0.5, 1.0]
[315, 315, 315, 315, 15, 0.5, 1.0]
[315, 315, 315, 315, 15, 0.5, 1.0]
[315, 315, 315, 315, 15, 0.5, 1.0]
[315, 315, 315, 315, 15, 0.5, 1.0]
[315, 315, 315, 315, 15, 0.5, 1.0]
[315, 315, 315, 315, 15, 0.5, 1.0]
[315, 315, 315, 315, 15, 0.5, 1.0]
[315, 315, 315, 315, 15, 0.5, 1.0]
[315, 315, 315, 315, 15, 0.5, 1.0]
[315, 315, 315, 315, 15, 0.5, 1.0]
[315, 315, 315, 315, 15, 0.5, 1.0]
[315, 315, 315, 315, 15, 0.5, 1.0]
[315, 315, 315, 315, 15, 0.5, 1.0]
[315, 315, 315, 315, 15, 0.5, 1.0]
[315, 315, 315, 315, 15, 0.5, 1.0]
[315, 315, 315, 315, 15, 0.5, 1.0]
[315, 315, 315, 315, 15, 0.5, 1.0]
[315, 315, 315, 315, 15, 0.5, 1.0]
[315, 315, 315, 315, 15, 0.5, 1.0]
[315, 315, 315, 315, 15, 0.5, 1.0]
[315, 315, 315, 315, 15, 0.5, 1.0]
[315, 315, 315, 315, 15, 0.5, 1.0]
[315, 315, 315, 315, 15, 0.5, 1.0]
[315, 315, 315, 315, 15, 0.5, 1.0]
[315, 315, 315, 315, 15, 0.5, 1.0]
[315, 315, 315, 315, 15, 0.5, 1.0]
[315, 315, 315, 315, 15, 0.5, 1.0]
[315, 315, 315, 315, 15, 0.5, 1.0]
[315, 315, 315, 315, 15, 0.5, 1.0]
[315, 315, 315, 315, 15, 0.5, 1.0]
[315, 315, 315, 315, 15, 0.5, 1.0]
[315, 315, 315, 315, 15, 0.5, 1.0]
[315, 315, 315, 315, 15, 0.5, 1.0]
[315, 315, 315, 315, 15, 0.5, 1.0]
[315, 315, 315, 315, 15, 0.5, 1.0]
[315, 315, 315, 315, 15, 0.5, 1.0]
[315, 315, 315, 315, 15, 0.5, 1.0]
[315, 315, 315, 315, 15, 0.5, 1.0]
[315, 315, 315, 315, 15, 0.5, 1.0]
[315, 315, 315, 315, 15, 0.5, 1.0]
[315, 315, 315, 315, 15, 0.5, 1.0]
[315, 315, 315, 315, 15, 0.5, 1.0]
[315, 315, 315, 315, 15, 0.5, 1.0]
[315, 315, 315, 315, 15, 0.5, 1.0]
[315, 315, 315, 315, 15, 0.5, 1.0]
[315, 315, 315, 315, 15, 0.5, 1.0]
[315, 315, 315, 315, 15, 0.5, 1.0]
[315, 315, 315, 315, 15, 0.5, 1.0]
[315, 315, 315, 315, 15, 0.5, 1.0]
[315, 315, 315, 315, 15, 0.5, 1.0]
[315, 315, 315, 315, 15, 0.5, 1.0]
[315, 315, 315, 315, 15, 0.5, 1.0]
[315, 315, 315, 315, 15, 0.5, 1.0]
[315, 315, 315, 315, 15, 0.5, 1.0]
[315, 315, 315, 315, 15, 0.5, 1.0]
[315, 315, 315, 315, 15, 0.5, 1.0]
[315, 315, 315, 315, 15, 0.5, 1.0]
[315, 315, 315, 315, 15, 0.5, 1.0]
[315, 315, 315, 315, 15, 0.5, 1.0]
[315, 315, 315, 315, 15, 0.5, 1.0]
[315, 315, 315, 315, 15, 0.5, 1.0]
[315, 315, 315, 315, 15, 0.5, 1.0]
[315, 315, 315, 315, 15, 0.5, 1.0]
[315, 315, 315, 315, 15, 0.5, 1.0]
[315, 315, 315, 315, 15, 0.5, 1.0]
[315, 315, 315, 315, 15, 0.5, 1.0]
[315, 315, 315, 315, 15, 0.5, 1.0]
[315, 315, 315, 315, 15, 0.5, 1.0]
[315, 315, 315, 315, 15, 0.5, 1.0]
[315, 315, 315, 315, 15, 0.5, 1.0]
[315, 315, 315, 315, 15, 0.5, 1.0]
[315, 315, 315, 315, 15, 0.5, 1.0]
[315, 315, 315, 315, 15, 0.5, 1.0]
[315, 315, 315, 315, 15, 0.5, 1.0]
[315, 315, 315, 315, 15, 0.5, 1.0]
[315, 315, 315, 315, 15, 0.5, 1.0]
[315, 315, 315, 315, 15, 0.5, 1.0]
[315, 315, 315, 315, 15, 0.5, 1.0]
[315, 315, 315, 315, 15, 0.5, 1.0]
[315, 315, 315, 315, 15, 0.5, 1.0]
[315, 315, 315, 315, 15, 0.5, 1.0]
[315, 315, 315, 315, 15, 0.5, 1.0]
[315, 315, 315, 315, 15, 0.5, 1.0]
[315, 315, 315, 315, 15, 0.5, 1.0]
[315, 315, 315, 315, 15, 0.5, 1.0]
[315, 315, 315, 315, 15, 0.5, 1.0]
[315, 315, 315, 315, 15, 0.5, 1.0]
[315, 315, 315, 315, 15, 0.5, 1.0]
[315, 315, 315, 315, 15, 0.5, 1.0]
[315, 315, 315, 315, 15, 0.5, 1.0]
[315, 315, 315, 315, 15, 0.5, 1.0]
[315, 315, 315, 315, 15, 0.5, 1.0]
[315, 315, 315, 315, 15, 0.5, 1.0]
[315, 315, 315, 315, 15, 0.5, 1.0]
[315, 315, 315, 315, 15, 0.5, 1.0]
[315, 315, 315, 315, 15, 0.5, 1.0]
[315, 315, 315, 315, 15, 0.5, 1.0]
[315, 315, 315, 315, 15, 0.5, 1.0]
[315, 315, 315, 315, 15, 0.5, 1.0]
[315, 315, 315, 315, 15, 0.5, 1.0]
[315, 315, 315, 315, 15, 0.5, 1.0]
[315, 315, 315, 315, 15, 0.5, 1.0]
[315, 315, 315, 315, 15, 0.5, 1.0]
[315, 315, 315, 315, 15, 0.5, 1.0]
[315, 315, 314, 315, 15, 0.5, 1.0]
[315, 315, 309, 315, 15, 0.5, 1.0]
[315, 315, 304, 315, 15, 0.5, 1.0]
[315, 315, 299, 315, 15, 0.5, 1.0]
[315, 315, 294, 315, 15, 0.5, 1.0]
[315, 315, 290, 315, 15, 0.5, 1.0]
[315, 315, 285, 315, 15, 0.5, 1.0]
[315, 315, 280, 315, 15, 0.5, 1.0]
[315, 315, 275, 315, 15, 0.5, 1.0]
[315, 315, 270, 315, 15, 0.5, 1.0]
[315, 315, 266, 315, 15, 0.5, 1.0]
[315, 315, 261, 315, 15, 0.5, 1.0]
[315, 315, 256, 315, 15, 0.5, 1.0]
[315, 315, 251, 315, 15, 0.5, 1.0]
[315, 315, 246, 315, 15, 0.5, 1.0]
[315, 315, 242, 315, 15, 0.5, 1.0]
[315, 315, 242, 315, 15, 0.5, 1.0]
[315, 315, 242, 315, 15, 0.5, 1.0]
[315, 315, 237, 315, 15, 0.5, 1.0]
[315, 315, 232, 315, 15, 0.5, 1.0]
[315, 315, 228, 315, 15, 0.5, 1.0]
[315, 315, 223, 315, 15, 0.5, 1.0]
[315, 315, 218, 315, 15, 0.5, 1.0]
[315, 315, 213, 315, 15, 0.5, 1.0]
[315, 315, 209, 315, 15, 0.5, 1.0]
[315, 315, 204, 315, 15, 0.5, 1.0]
[315, 315, 200, 315, 15, 0.5, 1.0]
[315, 315, 195, 315, 15, 0.5, 1.0]
[315, 315, 190, 315, 15, 0.5, 1.0]
[315, 315, 186, 315, 15, 0.5, 1.0]
[315, 315, 181, 315, 15, 0.5, 1.0]
[315, 315, 177, 315, 15, 0.5, 1.0]
[315, 315, 172, 315, 15, 0.5, 1.0]
[315, 315, 168, 315, 15, 0.5, 1.0]
[315, 315, 163, 315, 15, 0.5, 1.0]
[315, 315, 159, 315, 15, 0.5, 1.0]
[315, 315, 154, 315, 15, 0.5, 1.0]
[315, 315, 150, 315, 15, 0.5, 1.0]
[315, 315, 146, 315, 15, 0.5, 1.0]
[315, 315, 142, 315, 15, 0.5, 1.0]
[315, 315, 137, 315, 15, 0.5, 1.0]
[315, 315, 133, 315, 15, 0.5, 1.0]
[315, 315, 129, 315, 15, 0.5, 1.0]
[315, 315, 125, 315, 15, 0.5, 1.0]
[315, 315, 121, 315, 15, 0.5, 1.0]
[315, 315, 117, 315, 15, 0.5, 1.0]
[315, 315, 114, 315, 15, 0.5, 1.0]
[315, 315, 110, 315, 15, 0.5, 1.0]
[315, 315, 106, 315, 15, 0.5, 1.0]
[315, 315, 103, 315, 15, 0.5, 1.0]
[315, 315, 100, 315, 15, 0.5, 1.0]
[315, 315, 96, 315, 15, 0.5, 1.0]
[315, 315, 93, 315, 15, 0.5, 1.0]
[315, 315, 90, 315, 15, 0.5, 1.0]
[315, 315, 88, 315, 15, 0.5, 1.0]
[315, 315, 85, 315, 15, 0.5, 1.0]
[315, 315, 83, 315, 15, 0.5, 1.0]
[315, 315, 81, 315, 15, 0.5, 1.0]
[315, 315, 80, 315, 15, 0.5, 1.0]
[315, 315, 78, 315, 15, 0.5, 1.0]
[315, 315, 77, 315, 15, 0.5, 1.0]
[315, 315, 76, 315, 15, 0.5, 1.0]
[315, 315, 76, 315, 15, 0.5, 1.0]
[315, 315, 76, 315, 15, 0.5, 1.0]
[315, 315, 76, 315, 15, 0.5, 1.0]
[315, 315, 71, 315, 15, 0.5, 1.0]
[315, 315, 66, 315, 15, 0.5, 1.0]
[315, 315, 61, 315, 15, 0.5, 1.0]
[315, 315, 56, 315, 15, 0.5, 1.0]
[315, 315, 51, 315, 15, 0.5, 1.0]
[315, 315, 46, 315, 15, 0.5, 1.0]
[315, 315, 41, 315, 15, 0.5, 1.0]
[315, 315, 36, 315, 15, 0.5, 1.0]
[315, 315, 31, 315, 15, 0.5, 1.0]
[315, 315, 26, 315, 15, 0.5, 1.0]
[315, 315, 21, 315, 15, 0.5, 1.0]
[315, 315, 16, 315, 15, 0.5, 1.0]
[315, 315, 315, 315, 15, 1.0, 1.0]
[315, 315, 315, 315, 15, 1.0, 1.0]
[315, 315, 315, 315, 15, 1.0, 1.0]
[315, 315, 315, 315, 15, 1.0, 1.0]
[315, 315, 315, 315, 15, 1.0, 1.0]
[315, 315, 315, 315, 15, 1.0, 1.0]
[315, 315, 315, 315, 15, 1.0, 1.0]
[315, 315, 315, 315, 15, 1.0, 1.0]
[315, 315, 315, 315, 15, 1.0, 1.0]
[315, 315, 315, 315, 15, 1.0, 1.0]
[315, 315, 315, 315, 15, 1.0, 1.0]
[315, 315, 315, 315, 15, 1.0, 1.0]
[315, 315, 315, 315, 15, 1.0, 1.0]
[315, 315, 315, 315, 15, 1.0, 1.0]
[315, 315, 315, 315, 15, 1.0, 1.0]
[315, 315, 315, 315, 15, 1.0, 1.0]
[315, 315, 315, 315, 15, 1.0, 1.0]
[315, 315, 315, 315, 15, 1.0, 1.0]
[315, 315, 315, 315, 15, 1.0, 1.0]
[315, 315, 315, 315, 15, 1.0, 1.0]
[315, 315, 315, 315, 15, 1.0, 1.0]
[315, 315, 315, 315, 15, 1.0, 1.0]
[315, 315, 315, 315, 15, 1.0, 1.0]
[315, 315, 315, 315, 15, 1.0, 1.0]
[315, 315, 315, 315, 15, 1.0, 1.0]
[315, 315, 315, 315, 15, 1.0, 1.0]
[315, 315, 315, 315, 15, 1.0, 1.0]
[315, 315, 315, 315, 15, 1.0, 1.0]
[315, 315, 315, 315, 15, 1.0, 1.0]
[315, 315, 315, 315, 15, 1.0, 1.0]
[315, 315, 315, 315, 15, 1.0, 1.0]
[315, 315, 315, 315, 15, 1.0, 1.0]
[315, 315, 315, 315, 15, 1.0, 1.0]
[315, 315, 315, 315, 15, 1.0, 1.0]
[315, 315, 315, 315, 15, 1.0, 1.0]
[315, 315, 315, 315, 15, 1.0, 1.0]
[315, 315, 315, 315, 15, 1.0, 1.0]
[315, 315, 315, 315, 15, 1.0, 1.0]
[315, 315, 315, 315, 15, 1.0, 1.0]
[315, 315, 315, 315, 15, 1.0, 1.0]
[315, 315, 315, 315, 15, 1.0, 1.0]
[315, 315, 315, 315, 15, 1.0, 1.0]
[315, 315, 315, 315, 15, 1.0, 1.0]
[315, 315, 315, 315, 15, 1.0, 1.0]
[315, 315, 315, 315, 15, 1.0, 1.0]
[315, 315, 315, 315, 15, 1.0, 1.0]
[315, 315, 315, 315, 15, 1.0, 1.0]
[315, 315, 315, 315, 15, 1.0, 1.0]
[315, 315, 315, 315, 15, 1.0, 1.0]
[315, 315, 315, 315, 15, 1.0, 1.0]
[315, 315, 315, 315, 15, 1.0, 1.0]
[315, 315, 315, 315, 15, 1.0, 1.0]
[315, 315, 315, 315, 15, 1.0, 1.0]
[315, 315, 315, 315, 15, 1.0, 1.0]
[315, 315, 315, 315, 15, 1.0, 1.0]
[315, 315, 315, 315, 15, 1.0, 1.0]
[315, 315, 315, 315, 15, 1.0, 1.0]
[315, 315, 315, 315, 15, 1.0, 1.0]
[315, 315, 315, 315, 15, 1.0, 1.0]
[315, 315, 315, 315, 15, 1.0, 1.0]
[315, 315, 315, 315, 15, 1.0, 1.0]
[315, 315, 315, 315, 15, 1.0, 1.0]
[315, 315, 315, 315, 15, 1.0, 1.0]
[315, 315, 315, 315, 15, 1.0, 1.0]
[315, 315, 315, 315, 15, 1.0, 1.0]
[315, 315, 315, 315, 15, 1.0, 1.0]
[315, 315, 315, 315, 15, 1.0, 1.0]
[315, 315, 315, 315, 15, 1.0, 1.0]
[315, 315, 315, 315, 15, 1.0, 1.0]
[315, 315, 315, 315, 15, 1.0, 1.0]
[315, 315, 315, 315, 15, 1.0, 1.0]
[315, 315, 315, 315, 15, 1.0, 1.0]
[315, 315, 315, 315, 15, 1.0, 1.0]
[315, 315, 315, 315, 15, 1.0, 1.0]
[315, 315, 315, 315, 15, 1.0, 1.0]
[315, 315, 315, 315, 15, 1.0, 1.0]
[315, 315, 315, 315, 15, 1.0, 1.0]
[315, 315, 315, 315, 15, 1.0, 1.0]
[315, 315, 315, 315, 15, 1.0, 1.0]
[315, 315, 315, 315, 15, 1.0, 1.0]
[315, 315, 315, 315, 15, 1.0, 1.0]
[315, 315, 315, 315, 15, 1.0, 1.0]
[315, 315, 315, 315, 15, 1.0, 1.0]
[315, 315, 315, 315, 15, 1.0, 1.0]
[315, 315, 315, 315, 15, 1.0, 1.0]
[315, 315, 315, 315, 15, 1.0, 1.0]
[315, 315, 315, 315, 15, 1.0, 1.0]
[315, 315, 315, 315, 15, 1.0, 1.0]
[315, 315, 315, 315, 15, 1.0, 1.0]
[315, 315, 315, 315, 15, 1.0, 1.0]
[315, 315, 315, 315, 15, 1.0, 1.0]
[315, 315, 315, 315, 15, 1.0, 1.0]
[315, 315, 315, 315, 15, 1.0, 1.0]
[315, 315, 315, 315, 15, 1.0, 1.0]
[315, 315, 315, 315, 15, 1.0, 1.0]
[315, 315, 315, 315, 15, 1.0, 1.0]
[315, 315, 315, 315, 15, 1.0, 1.0]
[315, 315, 315, 315, 15, 1.0, 1.0]
[315, 315, 315, 315, 15, 1.0, 1.0]
[315, 315, 315, 315, 15, 1.0, 1.0]
[315, 315, 315, 315, 15, 1.0, 1.0]
[315, 315, 315, 315, 15, 1.0, 1.0]
[315, 315, 315, 315, 15, 1.0, 1.0]
[315, 315, 315, 315, 15, 1.0, 1.0]
[315, 315, 315, 315, 15, 1.0, 1.0]
[315, 315, 315, 315, 15, 1.0, 1.0]
[315, 315, 315, 315, 15, 1.0, 1.0]
[315, 315, 315, 315, 15, 1.0, 1.0]
[315, 315, 315, 315, 15, 1.0, 1.0]
[315, 315, 315, 315, 15, 1.0, 1.0]
[315, 315, 315, 315, 15, 1.0, 1.0]
[315, 315, 315, 315, 15, 1.0, 1.0]
[315, 315, 315, 315, 15, 1.0, 1.0]
[315, 315, 315, 315, 15, 1.0, 1.0]
[315, 315, 315, 315, 15, 1.0, 1.0]
[315, 315, 315, 315, 15, 1.0, 1.0]
[315, 315, 315, 315, 15, 1.0, 1.0]
[315, 315, 315, 315, 15, 1.0, 1.0]
[315, 315, 315, 315, 15, 1.0, 1.0]
[315, 315, 315, 315, 15, 1.0, 1.0]
[315, 315, 315, 315, 15, 1.0, 1.0]
[315, 315, 315, 315, 15, 1.0, 1.0]
[315, 315, 315, 315, 15, 1.0, 1.0]
[315, 315, 315, 315, 15, 1.0, 1.0]
[315, 315, 315, 315, 15, 1.0, 1.0]
[315, 315, 315, 315, 15, 1.0, 1.0]
[315, 315, 315, 315, 15, 1.0, 1.0]
[315, 315, 315, 315, 15, 1.0, 1.0]
[315, 315, 315, 315, 15, 1.0, 1.0]
[315, 315, 315, 315, 15, 1.0, 1.0]
[315, 315, 315, 315, 15, 1.0, 1.0]
[315, 315, 315, 315, 15, 1.0, 1.0]
[315, 315, 315, 315, 15, 1.0, 1.0]
[315, 315, 315, 315, 15, 1.0, 1.0]
[315, 315, 315, 315, 15, 1.0, 1.0]
[315, 315, 315, 315, 15, 1.0, 1.0]
[311, 315, 315, 315, 15, 1.0, 1.0]
[306, 315, 315, 315, 15, 1.0, 1.0]
[302, 315, 315, 315, 15, 1.0, 1.0]
[297, 315, 315, 315, 15, 1.0, 1.0]
[292, 315, 315, 315, 15, 1.0, 1.0]
[287, 315, 315, 315, 15, 1.0, 1.0]
[282, 315, 315, 315, 15, 1.0, 1.0]
[277, 315, 315, 315, 15, 1.0, 1.0]
[272, 315, 315, 315, 15, 1.0, 1.0]
[268, 315, 315, 315, 15, 1.0, 1.0]
[263, 315, 315, 315, 15, 1.0, 1.0]
[258, 315, 315, 315, 15, 1.0, 1.0]
[253, 315, 315, 315, 15, 1.0, 1.0]
[248, 315, 315, 315, 15, 1.0, 1.0]
[243, 315, 315, 315, 15, 1.0, 1.0]
[239, 315, 315, 315, 15, 1.0, 1.0]
[234, 315, 315, 315, 15, 1.0, 1.0]
[229, 315, 315, 315, 15, 1.0, 1.0]
[224, 315, 315, 315, 15, 1.0, 1.0]
[219, 315, 315, 315, 15, 1.0, 1.0]
[215, 315, 315, 315, 15, 1.0, 1.0]
[210, 315, 315, 315, 15, 1.0, 1.0]
[205, 315, 315, 315, 15, 1.0, 1.0]
[200, 315, 315, 315, 15, 1.0, 1.0]
[196, 315, 315, 315, 15, 1.0, 1.0]
[191, 315, 315, 315, 15, 1.0, 1.0]
[186, 315, 315, 315, 15, 1.0, 1.0]
[182, 315, 315, 315, 15, 1.0, 1.0]
[177, 315, 315, 315, 15, 1.0, 1.0]
[172, 315, 315, 315, 15, 1.0, 1.0]
[168, 315, 315, 315, 15, 1.0, 1.0]
[163, 315, 315, 315, 15, 1.0, 1.0]
[158, 315, 315, 315, 15, 1.0, 1.0]
[154, 315, 315, 315, 15, 1.0, 1.0]
[149, 315, 315, 315, 15, 1.0, 1.0]
[145, 315, 315, 315, 15, 1.0, 1.0]
[140, 315, 315, 315, 15, 1.0, 1.0]
[136, 315, 315, 315, 15, 1.0, 1.0]
[132, 315, 315, 315, 15, 1.0, 1.0]
[127, 315, 315, 315, 15, 1.0, 1.0]
[123, 315, 315, 315, 15, 1.0, 1.0]
[119, 315, 315, 315, 15, 1.0, 1.0]
[115, 315, 315, 315, 15, 1.0, 1.0]
[111, 315, 315, 315, 15, 1.0, 1.0]
[107, 315, 315, 315, 15, 1.0, 1.0]
[103, 315, 315, 315, 15, 1.0, 1.0]
[99, 315, 315, 315, 15, 1.0, 1.0]
[95, 315, 315, 315, 15, 1.0, 1.0]
[91, 315, 315, 315, 15, 1.0, 1.0]
[88, 315, 315, 315, 15, 1.0, 1.0]
[85, 315, 315, 315, 15, 1.0, 1.0]
[82, 315, 315, 315, 15, 1.0, 1.0]
[79, 315, 315, 315, 15, 1.0, 1.0]
[76, 315, 315, 315, 15, 1.0, 1.0]
[73, 315, 315, 315, 15, 1.0, 1.0]
[71, 315, 315, 315, 15, 1.0, 1.0]
[69, 315, 315, 315, 15, 1.0, 1.0]
[68, 315, 315, 315, 15, 1.0, 1.0]
[66, 315, 315, 315, 15, 1.0, 1.0]
[66, 315, 315, 315, 15, 1.0, 1.0]
[61, 315, 315, 315, 15, 1.0, 1.0]
[57, 315, 315, 315, 15, 1.0, 1.0]
[52, 315, 315, 315, 15, 1.0, 1.0]
[47, 315, 315, 315, 15, 1.0, 1.0]
[42, 315, 315, 315, 15, 1.0, 1.0]
[38, 315, 315, 315, 15, 1.0, 1.0]
[33, 315, 315, 315, 15, 1.0, 1.0]
