[330, 330, 330, 330, 100, 0, 0]||[]
[330, 330, 330, 330, 100, 0, 0]||[]
[330, 330, 330, 330, 100, 0, 0]||[]
[330, 330, 330, 330, 100, 0, 0]||[]
[330, 330, 330, 330, 100, 0, 0]||[]
[330, 330, 330, 330, 100, 0, 0]||[]
[330, 330, 330, 330, 100, 0, 0]||[]
[330, 330, 330, 330, 100, 0, 0]||[]
[330, 330, 330, 330, 100, 0, 0]||[]
[330, 330, 330, 330, 100, 0, 0]||[]
[330, 330, 330, 330, 100, 0, 0]||[]
[330, 330, 330, 330, 100, 0, 0]||[]
[330, 330, 330, 330, 100, 0, 0]||[]
[330, 330, 330, 330, 100, 0, 0]||[]
[330, 330, 330, 330, 100, 0, 0]||[]
[330, 330, 330, 330, 100, 0, 0]||[]
[330, 330, 330, 330, 100, 0, 0]||[]
[330, 330, 330, 330, 100, 0, 0]||[]
[330, 330, 330, 330, 100, 0, 0]||[]
[330, 330, 330, 330, 100, 0, 0]||[]
[330, 330, 330, 330, 100, 0, 0]||[]
[330, 330, 330, 330, 100, 0, 0]||[]
[330, 330, 330, 330, 100, 0, 0]||[]
[330, 330, 330, 330, 100, 0, 0]||[]
[330, 330, 330, 330, 100, 0, 0]||[]
[330, 330, 330, 330, 100, 0, 0]||[]
[330, 330, 330, 330, 100, 0, 0]||[]
[330, 330, 330, 330, 100, 0, 0]||[]
[330, 330, 330, 330, 100, 0, 0]||['d']
[330, 330, 330, 330, 100, 0, 0]||['d']
[330, 330, 330, 330, 100, 0, 0]||['d']
[330, 330, 330, 330, 100, 0, 0]||['d']
[330, 330, 330, 330, 100, 0, 0]||['d']
[330, 330, 330, 330, 100, 0, 0]||['d']
[330, 330, 330, 330, 100, 0, 0]||['d']
[330, 330, 330, 330, 100, 0, 0]||['d']
[330, 330, 330, 330, 100, 0, 0]||['d']
[330, 330, 330, 330, 100, 0, 0]||['d']
[330, 330, 330, 330, 100, 0, 0]||['d']
[330, 330, 330, 330, 100, 0, 0]||['d']
[330, 330, 330, 330, 100, 0, 0]||['d']
[330, 330, 330, 330, 100, 0, 0]||['d']
[330, 330, 330, 330, 100, 0, 0]||['d']
[330, 330, 330, 330, 100, 0, 0]||['d']
[330, 330, 330, 330, 100, 0, 0]||['d']
[330, 330, 330, 330, 100, 0, 0]||['d']
[330, 330, 330, 330, 100, 0, 0]||['d']
[330, 330, 330, 330, 100, 0, 0]||['d']
[330, 330, 330, 330, 100, 0, 0]||['d']
[330, 330, 330, 330, 100, 0, 0]||['d']
[330, 330, 330, 330, 100, 0, 0]||['d']
[330, 330, 330, 330, 100, 0, 0]||['d']
[330, 330, 330, 330, 100, 0, 0]||['d']
[330, 330, 330, 330, 100, 0, 0]||['d']
[330, 330, 330, 330, 100, 0, 0]||['d']
[330, 330, 330, 330, 100, 0, 0]||['d']
[330, 330, 330, 330, 100, 0, 0]||['d']
[330, 330, 330, 330, 100, 0, 0]||['d']
[330, 330, 330, 330, 100, 0, 0]||['d']
[330, 330, 330, 330, 100, 0, 0]||['d']
[330, 330, 330, 330, 100, 0, 0]||['d']
[330, 330, 330, 330, 100, 0, 0]||['d']
[330, 330, 330, 330, 100, 0, 0]||['d']
[330, 330, 330, 330, 100, 0, 0]||['d']
[330, 330, 330, 330, 100, 0, 0]||['d']
[330, 330, 330, 330, 100, 0, 0]||['d']
[330, 330, 330, 330, 100, 0, 0]||['d']
[330, 330, 330, 330, 100, 0, 0]||['d']
[330, 330, 330, 330, 100, 0, 0]||['d']
[330, 330, 330, 330, 100, 0, 0]||['d']
[330, 330, 330, 330, 100, 0, 0]||['d']
[330, 330, 330, 330, 100, 0, 0]||['d']
[330, 330, 330, 330, 100, 0, 0]||['d']
[330, 330, 330, 330, 100, 0, 0]||['d']
[330, 330, 330, 330, 100, 0, 0]||['d']
[330, 330, 330, 330, 100, 0, 0]||['d']
[330, 330, 330, 330, 100, 0, 0]||['d']
[330, 330, 330, 330, 100, 0, 0]||['d']
[330, 330, 330, 330, 100, 0, 0]||['d']
[330, 330, 330, 330, 100, 0, 0]||['d']
[330, 330, 330, 330, 100, 0, 0]||['d']
[330, 330, 330, 330, 100, 0, 0]||['d']
[330, 330, 330, 330, 100, 0, 0]||['d']
[330, 330, 330, 330, 100, 0, 0]||['d']
[330, 330, 330, 330, 100, 0, 0]||['d']
[330, 330, 330, 330, 100, 0, 0]||['d']
[330, 330, 330, 330, 100, 0, 0]||['d']
[330, 330, 330, 330, 100, 0, 0]||['d']
[330, 330, 330, 330, 100, 0, 0]||['d']
[330, 330, 330, 330, 100, 0, 0]||['d']
[330, 330, 330, 330, 100, 0, 0]||['d']
[330, 330, 330, 330, 100, 0, 0]||['d']
[330, 330, 330, 330, 100, 0, 0]||['d']
[330, 330, 330, 330, 100, 0, 0]||['d']
[330, 330, 330, 315, 100, 0, 0]||['d']
[330, 330, 330, 310, 100, 0, 0]||['d']
[330, 330, 330, 305, 100, 0, 0]||['d']
[330, 330, 330, 300, 100, 0, 0]||['d']
[330, 330, 330, 295, 100, 0, 0]||['d']
[330, 330, 330, 290, 100, 0, 0]||['d']
[330, 330, 330, 285, 100, 0, 0]||['d']
[330, 328, 330, 280, 100, 0, 0]||['d']
[330, 324, 330, 275, 100, 0, 0]||['d']
[330, 320, 330, 270, 100, 0, 0]||['d']
[330, 316, 330, 265, 100, 0, 0]||['d']
[330, 312, 330, 260, 100, 0, 0]||['d']
[330, 308, 330, 255, 100, 0, 0]||['d']
[330, 304, 330, 250, 100, 0, 0]||['d']
[330, 300, 330, 245, 100, 0, 0]||['d']
[330, 296, 330, 240, 100, 0, 0]||['d']
[330, 292, 330, 235, 100, 0, 0]||['d']
[330, 288, 330, 230, 100, 0, 0]||['d']
[330, 284, 330, 225, 100, 0, 0]||['d']
[330, 280, 330, 220, 100, 0, 0]||['d']
[330, 276, 330, 215, 100, 0, 0]||['d']
[330, 272, 330, 210, 100, 0, 0]||['d']
[330, 269, 330, 205, 100, 0, 0]||['d']
[330, 265, 330, 200, 100, 0, 0]||['d']
[330, 261, 330, 195, 100, 0, 0]||['d']
[330, 258, 330, 190, 100, 0, 0]||['d']
[330, 254, 330, 185, 100, 0, 0]||['d']
[330, 251, 330, 180, 100, 0, 0]||['d']
[330, 247, 330, 175, 100, 0, 0]||['d']
[330, 244, 330, 170, 100, 0, 0]||['d']
[330, 240, 330, 165, 100, 0, 0]||['d']
[330, 237, 330, 160, 100, 0, 0]||['d']
[330, 234, 330, 155, 100, 0, 0]||['d']
[330, 231, 330, 150, 100, 0, 0]||['d']
[330, 228, 330, 145, 100, 0, 0]||['d']
[330, 225, 330, 140, 100, 0, 0]||['d']
[330, 222, 330, 135, 100, 0, 0]||['d']
[330, 219, 330, 130, 100, 0, 0]||['d']
[330, 216, 330, 125, 100, 0, 0]||['d']
[330, 213, 330, 120, 100, 0, 0]||['d']
[330, 210, 330, 115, 100, 0, 0]||['d']
[330, 208, 330, 110, 100, 0, 0]||['d']
[330, 205, 330, 105, 100, 0, 0]||['d']
[330, 203, 330, 100, 100, 0, 0]||[]
[330, 203, 330, 100, 100, 0, 0]||[]
[330, 203, 330, 100, 100, 0, 0]||[]
[330, 203, 330, 100, 100, 0, 0]||[]
[330, 203, 330, 100, 100, 0, 0]||[]
[330, 203, 330, 100, 100, 0, 0]||[]
[330, 203, 330, 100, 100, 0, 0]||[]
[330, 203, 330, 100, 100, 0, 0]||['d']
[330, 201, 330, 95, 100, 0, 0]||['d']
[330, 199, 330, 90, 100, 0, 0]||['d']
[330, 195, 330, 85, 100, 0, 0]||['d']
[330, 192, 330, 80, 100, 0, 0]||['d']
[330, 189, 330, 75, 100, 0, 0]||['d']
[330, 186, 330, 70, 100, 0, 0]||['d']
[330, 184, 330, 65, 100, 0, 0]||['d']
[330, 181, 330, 60, 100, 0, 0]||['d']
[330, 179, 330, 55, 100, 0, 0]||['d']
[330, 177, 330, 50, 100, 0, 0]||['d']
[330, 174, 330, 45, 100, 0, 0]||['d']
[330, 172, 330, 40, 100, 0, 0]||['d']
[330, 170, 330, 35, 100, 0, 0]||['d']
[330, 169, 330, 30, 100, 0, 0]||['d']
[330, 167, 330, 330, 100, 0, 0]||['d']
[330, 166, 330, 330, 100, 0, 0]||['d']
[330, 165, 330, 330, 100, 0, 0]||['d']
[330, 164, 330, 330, 100, 0, 0]||['d']
[330, 163, 330, 330, 100, 0, 0]||['d']
[330, 162, 330, 330, 100, 0, 0]||['d']
[330, 161, 330, 330, 100, 0, 0]||['d']
[330, 161, 330, 330, 100, 0, 0]||['d']
[330, 160, 330, 330, 100, 0, 0]||['d']
[330, 160, 330, 330, 100, 0, 0]||['d']
[330, 160, 330, 330, 100, 0, 0]||[]
[330, 159, 330, 330, 100, 0, 0]||[]
[330, 158, 330, 330, 100, 0, 0]||[]
[330, 157, 330, 330, 100, 0, 0]||[]
[330, 156, 330, 330, 100, 0, 0]||[]
[330, 155, 330, 330, 100, 0, 0]||[]
[330, 154, 330, 330, 100, 0, 0]||[]
[330, 153, 330, 330, 100, 0, 0]||[]
[330, 152, 330, 330, 100, 0, 0]||[]
[330, 151, 330, 330, 100, 0, 0]||[]
[330, 150, 330, 330, 100, 0, 0]||[]
[330, 149, 330, 330, 100, 0, 0]||[]
[330, 148, 330, 330, 100, 0, 0]||['s']
[330, 142, 330, 330, 100, 0, 0]||['s']
[330, 136, 330, 330, 100, 0, 0]||['s']
[330, 130, 330, 330, 100, 0, 0]||['s']
[330, 125, 330, 330, 100, 0, 0]||['s']
[330, 119, 330, 330, 100, 0, 0]||['s']
[330, 113, 330, 330, 100, 0, 0]||['s']
[330, 107, 330, 330, 100, 0, 0]||['s']
[330, 102, 330, 330, 100, 0, 0]||['s']
[330, 96, 330, 330, 100, 0, 0]||['s']
[330, 90, 330, 330, 100, 0, 0]||['s']
[330, 84, 330, 330, 100, 0, 0]||[]
[330, 83, 330, 330, 100, 0, 0]||[]
[330, 82, 330, 330, 100, 0, 0]||[]
[330, 81, 330, 330, 100, 0, 0]||[]
[330, 80, 330, 330, 100, 0, 0]||['a']
[330, 77, 330, 330, 100, 0, 0]||['a']
[330, 75, 330, 330, 100, 0, 0]||['a']
[330, 73, 330, 330, 100, 0, 0]||['a']
[330, 72, 330, 330, 100, 0, 0]||[]
[330, 71, 330, 330, 100, 0, 0]||[]
[330, 70, 330, 330, 100, 0, 0]||[]
[330, 69, 330, 330, 100, 0, 0]||[]
[330, 68, 330, 330, 100, 0, 0]||[]
[330, 67, 330, 330, 100, 0, 0]||[]
[330, 66, 330, 330, 100, 0, 0]||[]
[330, 65, 330, 330, 100, 0, 0]||[]
[330, 64, 330, 330, 100, 0, 0]||[]
[330, 63, 330, 330, 100, 0, 0]||[]
[330, 62, 330, 330, 100, 0, 0]||[]
[330, 61, 330, 330, 100, 0, 0]||[]
[330, 60, 330, 330, 100, 0, 0]||[]
[330, 59, 330, 330, 100, 0, 0]||[]
[330, 58, 330, 330, 100, 0, 0]||['sw']
[330, 57, 330, 330, 100, 0, 0]||[]
[330, 56, 330, 330, 100, 0, 0]||[]
[330, 55, 330, 330, 100, 0, 0]||[]
[330, 54, 330, 330, 100, 0, 0]||['sw']
[330, 53, 330, 330, 100, 0, 0]||[]
[330, 52, 330, 330, 100, 0, 0]||[]
[330, 51, 330, 330, 100, 0, 0]||[]
[330, 50, 330, 330, 100, 0, 0]||['sw']
[330, 49, 330, 330, 100, 0, 0]||[]
[330, 48, 330, 330, 100, 0, 0]||[]
[330, 47, 330, 330, 100, 0, 0]||[]
[330, 46, 330, 330, 100, 0, 0]||['s']
[330, 40, 330, 330, 100, 0, 0]||['s']
[330, 34, 330, 330, 100, 0, 0]||['s']
[330, 35, 330, 330, 95, 0, 0]||['s']
[330, 36, 330, 330, 90, 0, 0]||['s']
[330, 30, 330, 330, 90, 0, 0]||['s', 'sw']
[330, 52, 330, 330, 85, 0, 0]||[]
[330, 51, 330, 330, 85, 0, 0]||[]
[330, 50, 330, 330, 85, 0, 0]||['s']
[330, 44, 330, 330, 85, 0, 0]||['s', 'sw']
[330, 56, 330, 330, 85, 0, 0]||[]
[330, 55, 330, 330, 85, 0, 0]||[]
[330, 54, 330, 330, 85, 0, 0]||['s']
[330, 48, 330, 330, 85, 0, 0]||['s', 'sw']
[330, 61, 330, 330, 85, 0, 0]||[]
[330, 60, 330, 330, 85, 0, 0]||['s']
[330, 54, 330, 330, 85, 0, 0]||['s']
[330, 48, 330, 330, 85, 0, 0]||['s']
[330, 43, 330, 330, 85, 0, 0]||['sw']
[330, 42, 330, 330, 85, 0, 0]||[]
[330, 40, 330, 330, 85, 0, 0]||[]
[330, 39, 330, 330, 85, 0, 0]||['sw']
[330, 38, 330, 330, 85, 0, 0]||[]
[330, 37, 330, 330, 85, 0, 0]||['s']
[330, 39, 330, 330, 80, 0, 0]||['s']
[330, 34, 330, 330, 80, 0, 0]||['s']
[330, 35, 330, 330, 75, 0, 0]||[]
[330, 42, 330, 330, 70, 0, 0]||[]
[330, 41, 330, 330, 70, 0, 0]||[]
[330, 40, 330, 330, 70, 0, 0]||['sw']
[330, 39, 330, 330, 70, 0, 0]||[]
[330, 38, 330, 330, 70, 0, 0]||[]
[330, 37, 330, 330, 70, 0, 0]||['s']
[330, 39, 330, 330, 65, 0, 0]||['s', 'sw']
[330, 41, 330, 330, 60, 0, 0]||['s']
[330, 37, 330, 330, 60, 0, 0]||[]
[330, 36, 330, 330, 60, 0, 0]||[]
[330, 35, 330, 330, 60, 0, 0]||['s']
[330, 38, 330, 330, 55, 0, 0]||['s', 'sw']
[330, 34, 330, 330, 55, 0, 0]||['s']
[330, 31, 330, 330, 55, 0, 0]||[]
[330, 30, 330, 330, 55, 0, 0]||['s']
[330, 27, 330, 330, 55, 0, 0]||['s']
[330, 26, 330, 330, 55, 0, 0]||['sw']
[330, 33, 330, 330, 50, 0, 0]||[]
[330, 32, 330, 330, 50, 0, 0]||[]
[330, 31, 330, 330, 50, 0, 0]||[]
[330, 30, 330, 330, 50, 0, 0]||['sw']
[330, 29, 330, 330, 50, 0, 0]||['a']
[330, 29, 330, 330, 45, 0, 0]||['a']
[330, 30, 330, 330, 40, 0, 0]||['a']
[330, 30, 330, 330, 35, 0, 0]||['sw']
[330, 48, 330, 330, 35, 0, 0]||[]
[330, 47, 330, 330, 35, 0, 0]||['a']
[330, 41, 330, 330, 35, 0, 0]||['a']
[330, 35, 330, 330, 35, 0, 0]||['a', 'sw']
[330, 330, 330, 330, 35, 0, 10]||[]
[330, 330, 330, 330, 35, 0, 10]||[]
[330, 330, 330, 330, 35, 0, 10]||['a']
[330, 330, 330, 330, 35, 0, 10]||['sw']
[330, 330, 330, 330, 35, 0, 10]||[]
[330, 330, 330, 330, 35, 0, 10]||['a']
[330, 330, 330, 330, 35, 0, 10]||['a']
[330, 330, 330, 330, 35, 0, 10]||['sw']
[330, 330, 330, 330, 35, 0, 10]||['a']
[330, 330, 330, 330, 35, 0, 10]||['a']
[330, 330, 330, 330, 35, 0, 10]||['a']
[330, 330, 330, 330, 35, 0, 10]||[]
[330, 330, 330, 330, 35, 0, 10]||['sw']
[330, 330, 330, 330, 35, 0, 10]||[]
[330, 330, 330, 330, 35, 0, 10]||[]
[330, 330, 330, 330, 35, 0, 10]||[]
[330, 330, 330, 330, 35, 0, 10]||[]
[330, 330, 330, 330, 35, 0, 10]||[]
[330, 330, 330, 330, 35, 0, 10]||[]
[330, 330, 330, 330, 35, 0, 10]||[]
[330, 330, 330, 330, 35, 0, 10]||[]
[330, 330, 330, 330, 35, 0, 10]||['s']
[330, 330, 330, 330, 35, 0, 10]||['s']
[330, 330, 330, 330, 35, 0, 10]||['d']
[330, 330, 330, 330, 35, 0, 10]||['d']
[330, 330, 330, 330, 35, 0, 10]||[]
[330, 330, 330, 330, 35, 0, 10]||[]
[330, 330, 330, 330, 35, 0, 10]||[]
[330, 330, 330, 330, 35, 0, 10]||[]
[330, 330, 330, 330, 35, 0, 10]||[]
[330, 330, 330, 330, 35, 0, 10]||[]
[330, 330, 330, 330, 35, 0, 10]||[]
[330, 330, 330, 330, 35, 0, 10]||[]
[330, 330, 330, 330, 35, 0, 10]||[]
[330, 330, 330, 330, 35, 0, 10]||['d']
[330, 330, 330, 330, 35, 0, 10]||['d']
[330, 330, 330, 330, 35, 0, 10]||['d']
[330, 330, 330, 330, 35, 0, 10]||['d']
[330, 330, 330, 330, 35, 0, 10]||['d']
[330, 330, 330, 330, 35, 0, 10]||[]
[330, 330, 330, 330, 35, 0, 10]||[]
[330, 330, 330, 330, 35, 0, 10]||[]
[330, 330, 330, 330, 35, 0, 10]||[]
[330, 330, 330, 330, 35, 0, 10]||['s']
[330, 330, 330, 330, 35, 0, 10]||['s']
[330, 330, 330, 330, 35, 0, 10]||['s']
[330, 330, 330, 330, 35, 0, 10]||['s']
[330, 330, 330, 330, 35, 0, 10]||['s']
[330, 330, 330, 330, 35, 0, 10]||['s']
[330, 330, 330, 330, 35, 0, 10]||['s']
[330, 330, 330, 330, 35, 0, 10]||['s']
[330, 330, 330, 330, 35, 0, 10]||['s']
[330, 330, 330, 330, 35, 0, 10]||['s']
[330, 330, 330, 330, 35, 0, 10]||['s']
[330, 330, 330, 330, 35, 0, 10]||['s']
[330, 330, 330, 330, 35, 0, 10]||['s']
[330, 330, 330, 330, 35, 0, 10]||['s']
[330, 330, 330, 330, 35, 0, 10]||['s']
[330, 330, 330, 330, 35, 0, 10]||['s']
[330, 330, 330, 330, 35, 0, 10]||['s']
[330, 330, 330, 330, 35, 0, 10]||['s']
[330, 330, 330, 330, 35, 0, 10]||['s']
[330, 330, 330, 330, 35, 0, 10]||['s']
[330, 330, 315, 330, 35, 0, 10]||['s']
[330, 330, 310, 330, 35, 0, 10]||['s']
[330, 330, 305, 330, 35, 0, 10]||['s']
[330, 330, 300, 330, 35, 0, 10]||['s']
[330, 330, 295, 330, 35, 0, 10]||['s']
[330, 330, 290, 330, 35, 0, 10]||['s']
[330, 330, 285, 330, 35, 0, 10]||['s']
[330, 330, 280, 330, 35, 0, 10]||['s']
[330, 330, 275, 330, 35, 0, 10]||['s']
[330, 330, 270, 330, 35, 0, 10]||['s']
[330, 330, 265, 330, 35, 0, 10]||['s']
[330, 330, 260, 330, 35, 0, 10]||['s']
[330, 330, 255, 330, 35, 0, 10]||['s']
[330, 330, 250, 330, 35, 0, 10]||['s']
[330, 330, 245, 330, 35, 0, 10]||['s']
[330, 330, 240, 330, 35, 0, 10]||['s']
[330, 330, 235, 330, 35, 0, 10]||['s']
[330, 330, 230, 330, 35, 0, 10]||['s']
[330, 330, 225, 330, 35, 0, 10]||['s']
[330, 330, 220, 330, 35, 0, 10]||['s']
[330, 330, 215, 330, 35, 0, 10]||['s']
[330, 330, 210, 330, 35, 0, 10]||['s']
[330, 330, 205, 330, 35, 0, 10]||['s']
[330, 330, 200, 330, 35, 0, 10]||['s']
[330, 330, 195, 330, 35, 0, 10]||['s']
[330, 330, 190, 330, 35, 0, 10]||['s']
[330, 330, 185, 330, 35, 0, 10]||['s']
[330, 330, 181, 330, 35, 0, 10]||['s']
[330, 330, 176, 330, 35, 0, 10]||['s']
[330, 330, 171, 330, 35, 0, 10]||['s']
[330, 330, 166, 330, 35, 0, 10]||['s']
[330, 330, 161, 330, 35, 0, 10]||['s']
[330, 330, 156, 330, 35, 0, 10]||['s']
[330, 330, 151, 330, 35, 0, 10]||['s']
[330, 330, 146, 330, 35, 0, 10]||['s']
[330, 330, 141, 330, 35, 0, 10]||['s']
[330, 330, 136, 330, 35, 0, 10]||['s']
[330, 330, 131, 330, 35, 0, 10]||['s']
[330, 330, 126, 330, 35, 0, 10]||['s']
[330, 330, 121, 330, 35, 0, 10]||['s']
[330, 330, 116, 330, 35, 0, 10]||['s', 'd']
[330, 330, 110, 330, 35, 0, 10]||['s', 'd']
[330, 330, 105, 330, 35, 0, 10]||['s']
[330, 330, 100, 330, 35, 0, 10]||['s']
[330, 330, 95, 330, 35, 0, 10]||['s']
[330, 330, 90, 330, 35, 0, 10]||['s']
[330, 330, 85, 330, 35, 0, 10]||['s']
[330, 330, 80, 330, 35, 0, 10]||['s']
[330, 330, 75, 330, 35, 0, 10]||['s']
[330, 330, 70, 330, 35, 0, 10]||['s']
[330, 330, 65, 330, 35, 0, 10]||[]
[330, 330, 65, 330, 35, 0, 10]||[]
[330, 330, 65, 330, 35, 0, 10]||[]
[330, 330, 65, 330, 35, 0, 10]||['s']
[330, 330, 60, 330, 35, 0, 10]||['s']
[330, 330, 55, 330, 35, 0, 10]||['s']
[330, 330, 50, 330, 35, 0, 10]||['s']
[330, 330, 45, 330, 35, 0, 10]||['s']
[330, 330, 41, 330, 35, 0, 10]||['s']
[330, 330, 36, 330, 35, 0, 10]||['s']
[330, 330, 31, 330, 35, 0, 10]||['s']
[330, 330, 330, 330, 35, 5, 10]||['s']
[330, 330, 330, 330, 35, 5, 10]||['s']
[330, 330, 330, 330, 35, 5, 10]||['s']
[330, 330, 330, 330, 35, 5, 10]||[]
[330, 330, 330, 330, 35, 5, 10]||[]
[330, 330, 330, 330, 35, 5, 10]||[]
[330, 330, 330, 330, 35, 5, 10]||[]
[330, 330, 330, 330, 35, 5, 10]||[]
[330, 330, 330, 330, 35, 5, 10]||[]
[330, 330, 330, 330, 35, 5, 10]||[]
[330, 330, 330, 330, 35, 5, 10]||[]
[330, 330, 330, 330, 35, 5, 10]||['w']
[330, 330, 330, 330, 35, 5, 10]||['w']
[330, 330, 330, 330, 35, 5, 10]||['w']
[330, 330, 330, 330, 35, 5, 10]||['w']
[330, 330, 330, 330, 35, 5, 10]||['w']
[330, 330, 330, 330, 35, 5, 10]||['w']
[330, 330, 330, 330, 35, 5, 10]||['w']
[330, 330, 330, 330, 35, 5, 10]||['w']
[330, 330, 330, 330, 35, 5, 10]||['w']
[330, 330, 330, 330, 35, 5, 10]||['w']
[330, 330, 330, 330, 35, 5, 10]||['w']
[330, 330, 330, 330, 35, 5, 10]||['w']
[330, 330, 330, 330, 35, 5, 10]||['w']
[330, 330, 330, 330, 35, 5, 10]||['w']
[330, 330, 330, 330, 35, 5, 10]||['w']
[330, 330, 330, 330, 35, 5, 10]||['w']
[330, 330, 330, 330, 35, 5, 10]||['w']
[330, 330, 330, 330, 35, 5, 10]||['w']
[330, 330, 330, 330, 35, 5, 10]||['w']
[330, 330, 330, 330, 35, 5, 10]||['w']
[330, 330, 330, 330, 35, 5, 10]||['w']
[330, 330, 330, 330, 35, 5, 10]||['w']
[330, 330, 330, 330, 35, 5, 10]||['w']
[330, 330, 330, 330, 35, 5, 10]||['w']
[330, 330, 330, 330, 35, 5, 10]||['w']
[330, 330, 330, 330, 35, 5, 10]||['w']
[330, 330, 330, 330, 35, 5, 10]||['w']
[330, 330, 330, 330, 35, 5, 10]||['w']
[330, 330, 330, 330, 35, 5, 10]||['w']
[330, 330, 330, 330, 35, 5, 10]||['w']
[330, 330, 330, 330, 35, 5, 10]||['w']
[330, 330, 330, 330, 35, 5, 10]||['w']
[330, 330, 330, 330, 35, 5, 10]||['w']
[330, 330, 330, 330, 35, 5, 10]||['w']
[330, 330, 330, 330, 35, 5, 10]||['w']
[330, 330, 330, 330, 35, 5, 10]||['w']
[330, 330, 330, 330, 35, 5, 10]||['w']
[330, 330, 330, 330, 35, 5, 10]||['w']
[330, 330, 330, 330, 35, 5, 10]||['w']
[330, 330, 330, 330, 35, 5, 10]||['w']
[330, 330, 330, 330, 35, 5, 10]||['w']
[330, 330, 330, 330, 35, 5, 10]||['w']
[330, 330, 330, 330, 35, 5, 10]||['w']
[330, 330, 330, 330, 35, 5, 10]||['w']
[330, 330, 330, 330, 35, 5, 10]||['w']
[330, 330, 330, 330, 35, 5, 10]||['w']
[330, 330, 330, 330, 35, 5, 10]||['w']
[330, 330, 330, 330, 35, 5, 10]||['w']
[330, 330, 330, 330, 35, 5, 10]||['w']
[330, 330, 330, 330, 35, 5, 10]||['w']
[330, 330, 330, 330, 35, 5, 10]||['w']
[330, 330, 330, 330, 35, 5, 10]||['w']
[330, 330, 330, 330, 35, 5, 10]||['w']
[330, 330, 330, 330, 35, 5, 10]||['w']
[330, 330, 330, 330, 35, 5, 10]||['w']
[330, 330, 330, 330, 35, 5, 10]||['w']
[330, 330, 330, 330, 35, 5, 10]||['w']
[330, 330, 330, 330, 35, 5, 10]||['w']
[330, 330, 330, 330, 35, 5, 10]||['w']
[330, 330, 330, 330, 35, 5, 10]||['w']
[330, 330, 330, 330, 35, 5, 10]||['w']
[330, 330, 330, 330, 35, 5, 10]||['w']
[330, 330, 330, 330, 35, 5, 10]||['w']
[330, 330, 330, 330, 35, 5, 10]||['w']
[330, 330, 330, 330, 35, 5, 10]||['w']
[330, 330, 330, 330, 35, 5, 10]||['w']
[330, 330, 330, 330, 35, 5, 10]||['w']
[330, 330, 330, 330, 35, 5, 10]||['w']
[330, 330, 330, 330, 35, 5, 10]||['w']
[330, 330, 330, 330, 35, 5, 10]||['w']
[330, 330, 330, 330, 35, 5, 10]||['w']
[330, 330, 330, 330, 35, 5, 10]||['w']
[330, 330, 330, 330, 35, 5, 10]||['w']
[330, 330, 330, 330, 35, 5, 10]||['w']
[330, 330, 330, 330, 35, 5, 10]||['w']
[330, 330, 330, 330, 35, 5, 10]||['w']
[330, 330, 330, 330, 35, 5, 10]||['w']
[330, 330, 330, 330, 35, 5, 10]||['w']
[330, 330, 330, 330, 35, 5, 10]||['w']
[330, 330, 330, 330, 35, 5, 10]||['w']
[330, 330, 330, 330, 35, 5, 10]||['w']
[330, 330, 330, 330, 35, 5, 10]||['w']
[330, 330, 330, 330, 35, 5, 10]||['w']
[330, 330, 330, 330, 35, 5, 10]||['w']
[330, 330, 330, 330, 35, 5, 10]||['w']
[330, 330, 330, 330, 35, 5, 10]||['w']
[330, 330, 330, 330, 35, 5, 10]||['w']
[330, 330, 330, 330, 35, 5, 10]||['w']
[330, 330, 330, 330, 35, 5, 10]||['w']
[330, 330, 330, 330, 35, 5, 10]||['w']
[330, 330, 330, 330, 35, 5, 10]||['w']
[330, 330, 330, 330, 35, 5, 10]||['w']
[330, 330, 330, 330, 35, 5, 10]||['w']
[330, 330, 330, 330, 35, 5, 10]||['w']
[330, 330, 330, 330, 35, 5, 10]||['w']
[330, 330, 330, 330, 35, 5, 10]||['w']
[330, 330, 330, 330, 35, 5, 10]||['w']
[330, 330, 330, 330, 35, 5, 10]||['w']
[330, 330, 330, 330, 35, 5, 10]||['w']
[330, 330, 330, 330, 35, 5, 10]||['w']
[330, 330, 330, 330, 35, 5, 10]||['w']
[330, 330, 330, 330, 35, 5, 10]||['w']
[330, 330, 330, 330, 35, 5, 10]||['w']
[330, 330, 330, 330, 35, 5, 10]||['w']
[330, 330, 330, 330, 35, 5, 10]||['w']
[330, 330, 330, 330, 35, 5, 10]||['w']
[330, 330, 330, 330, 35, 5, 10]||['w']
[330, 330, 330, 330, 35, 5, 10]||['w']
[330, 330, 330, 330, 35, 5, 10]||['w']
[330, 330, 330, 330, 35, 5, 10]||['w']
[330, 330, 330, 330, 35, 5, 10]||['w']
[330, 330, 330, 330, 35, 5, 10]||['w']
[330, 330, 330, 330, 35, 5, 10]||['w']
[330, 330, 330, 330, 35, 5, 10]||['w']
[330, 330, 330, 330, 35, 5, 10]||['w']
[330, 330, 330, 330, 35, 5, 10]||['w']
[330, 330, 330, 330, 35, 5, 10]||['w']
[330, 330, 330, 330, 35, 5, 10]||['d']
[330, 330, 330, 330, 35, 5, 10]||['d']
[330, 330, 330, 330, 35, 5, 10]||['d']
[330, 330, 330, 330, 35, 5, 10]||['d']
[330, 330, 330, 330, 35, 5, 10]||['d']
[330, 330, 330, 330, 35, 5, 10]||['d']
[330, 330, 330, 330, 35, 5, 10]||['d']
[330, 330, 330, 330, 35, 5, 10]||['d']
[330, 330, 330, 330, 35, 5, 10]||['d']
[330, 330, 330, 330, 35, 5, 10]||['d']
[330, 330, 330, 330, 35, 5, 10]||['d']
[330, 330, 330, 330, 35, 5, 10]||['d']
[330, 330, 330, 330, 35, 5, 10]||['d']
[330, 330, 330, 330, 35, 5, 10]||['d']
[330, 330, 330, 330, 35, 5, 10]||['d']
[330, 330, 330, 330, 35, 5, 10]||['d']
[330, 330, 330, 330, 35, 5, 10]||['d']
[330, 330, 330, 330, 35, 5, 10]||['d']
[330, 330, 330, 330, 35, 5, 10]||['d']
[330, 330, 330, 330, 35, 5, 10]||['d']
[330, 330, 330, 330, 35, 5, 10]||['d']
[330, 330, 330, 330, 35, 5, 10]||['d']
[330, 330, 330, 330, 35, 5, 10]||['d']
[330, 330, 330, 330, 35, 5, 10]||['d']
[330, 330, 330, 330, 35, 5, 10]||['d']
[330, 330, 330, 330, 35, 5, 10]||['d']
[330, 330, 330, 330, 35, 5, 10]||['d']
[330, 330, 330, 330, 35, 5, 10]||['d']
[330, 330, 330, 330, 35, 5, 10]||['d']
[330, 330, 330, 330, 35, 5, 10]||['d']
[330, 330, 330, 330, 35, 5, 10]||['d']
[330, 330, 330, 330, 35, 5, 10]||['d']
[330, 330, 330, 330, 35, 5, 10]||['d']
[330, 330, 330, 330, 35, 5, 10]||['d']
[330, 330, 330, 330, 35, 5, 10]||['d']
[330, 330, 330, 330, 35, 5, 10]||['d']
[330, 330, 330, 330, 35, 5, 10]||['d']
[330, 330, 330, 330, 35, 5, 10]||['d']
[330, 330, 330, 330, 35, 5, 10]||['d']
[330, 330, 330, 330, 35, 5, 10]||['d']
[330, 330, 330, 330, 35, 5, 10]||['d']
[330, 330, 330, 330, 35, 5, 10]||['d']
[330, 330, 330, 330, 35, 5, 10]||['d']
[330, 330, 330, 330, 35, 5, 10]||['d']
[330, 330, 330, 330, 35, 5, 10]||['d']
[330, 330, 330, 330, 35, 5, 10]||['d']
[330, 330, 330, 330, 35, 5, 10]||['d']
[330, 330, 330, 330, 35, 5, 10]||['d']
[330, 330, 330, 330, 35, 5, 10]||['d']
[330, 330, 330, 330, 35, 5, 10]||['d']
[330, 330, 330, 330, 35, 5, 10]||['d']
[330, 330, 330, 330, 35, 5, 10]||['d']
[330, 330, 330, 330, 35, 5, 10]||['d']
[330, 330, 330, 330, 35, 5, 10]||['d']
[330, 330, 330, 330, 35, 5, 10]||['d']
[330, 330, 330, 330, 35, 5, 10]||['d']
[330, 330, 330, 330, 35, 5, 10]||['d']
[330, 330, 330, 330, 35, 5, 10]||['d']
[330, 330, 330, 330, 35, 5, 10]||['d']
[330, 330, 330, 330, 35, 5, 10]||['d']
[330, 330, 330, 330, 35, 5, 10]||['d']
[330, 330, 330, 330, 35, 5, 10]||['d']
[330, 330, 330, 330, 35, 5, 10]||['d']
[330, 330, 330, 330, 35, 5, 10]||['d']
[330, 330, 330, 330, 35, 5, 10]||['d']
[330, 330, 330, 330, 35, 5, 10]||['d']
[330, 330, 330, 330, 35, 5, 10]||['d']
[330, 330, 330, 330, 35, 5, 10]||['d']
[330, 330, 330, 330, 35, 5, 10]||['d']
[330, 330, 330, 330, 35, 5, 10]||['d']
[330, 330, 330, 330, 35, 5, 10]||['d']
[330, 330, 330, 330, 35, 5, 10]||['d']
[330, 330, 330, 330, 35, 5, 10]||['d']
[330, 330, 330, 330, 35, 5, 10]||['d']
[330, 330, 330, 330, 35, 5, 10]||['d']
[330, 330, 330, 330, 35, 5, 10]||['d']
[330, 330, 330, 330, 35, 5, 10]||['d']
[330, 330, 330, 330, 35, 5, 10]||['d']
[330, 330, 330, 330, 35, 5, 10]||['d']
[330, 330, 330, 330, 35, 5, 10]||['d']
[330, 330, 330, 330, 35, 5, 10]||['d']
[330, 330, 330, 330, 35, 5, 10]||['d']
[330, 330, 330, 330, 35, 5, 10]||['d']
[330, 330, 330, 330, 35, 5, 10]||['d']
[330, 330, 330, 330, 35, 5, 10]||['d']
[330, 330, 330, 330, 35, 5, 10]||['d']
[330, 330, 330, 330, 35, 5, 10]||['d']
[330, 330, 330, 330, 35, 5, 10]||['d']
[330, 330, 330, 330, 35, 5, 10]||['d']
[330, 330, 330, 330, 35, 5, 10]||['d']
[330, 330, 330, 330, 35, 5, 10]||['d']
[330, 330, 330, 330, 35, 5, 10]||['d']
[330, 330, 330, 330, 35, 5, 10]||['d']
[330, 330, 330, 330, 35, 5, 10]||['d']
[330, 330, 330, 330, 35, 5, 10]||['d']
[330, 330, 330, 330, 35, 5, 10]||['d']
[330, 330, 330, 330, 35, 5, 10]||['d']
[330, 330, 330, 330, 35, 5, 10]||['d']
[330, 330, 330, 330, 35, 5, 10]||['d']
[330, 330, 330, 330, 35, 5, 10]||['d']
[330, 330, 330, 330, 35, 5, 10]||['d']
[330, 330, 330, 330, 35, 5, 10]||['d']
[330, 330, 330, 330, 35, 5, 10]||['d']
[330, 330, 330, 330, 35, 5, 10]||['d']
[330, 330, 330, 330, 35, 5, 10]||['d']
[330, 330, 330, 330, 35, 5, 10]||['d']
[330, 330, 330, 330, 35, 5, 10]||['d']
[330, 330, 330, 330, 35, 5, 10]||['d']
[330, 330, 330, 330, 35, 5, 10]||['d']
[330, 330, 330, 330, 35, 5, 10]||['d']
[330, 330, 330, 330, 35, 5, 10]||['d']
[330, 330, 330, 330, 35, 5, 10]||['d']
[330, 330, 330, 330, 35, 5, 10]||['d']
[330, 330, 330, 330, 35, 5, 10]||['d']
[330, 330, 330, 330, 35, 5, 10]||['d']
[330, 330, 330, 330, 35, 5, 10]||['d']
[330, 330, 330, 330, 35, 5, 10]||['d']
[330, 330, 330, 330, 35, 5, 10]||['d']
[330, 330, 330, 330, 35, 5, 10]||['d']
[330, 330, 330, 330, 35, 5, 10]||['d']
[330, 330, 330, 330, 35, 5, 10]||['d']
[330, 330, 330, 330, 35, 5, 10]||['d']
[330, 330, 330, 330, 35, 5, 10]||['d']
[330, 330, 330, 330, 35, 5, 10]||['d']
[330, 330, 330, 330, 35, 5, 10]||['d']
[330, 330, 330, 330, 35, 5, 10]||['d']
[330, 330, 330, 330, 35, 5, 10]||['d']
[330, 330, 330, 330, 35, 5, 10]||['d']
[330, 330, 330, 330, 35, 5, 10]||['d']
[330, 330, 330, 330, 35, 5, 10]||['d']
[330, 330, 330, 330, 35, 5, 10]||['d']
[330, 330, 330, 330, 35, 5, 10]||['d']
[330, 330, 330, 330, 35, 5, 10]||['d']
[330, 330, 330, 330, 35, 5, 10]||['d']
[330, 330, 330, 330, 35, 5, 10]||['d']
[330, 330, 330, 330, 35, 5, 10]||['d']
[330, 330, 330, 330, 35, 5, 10]||['d']
[330, 330, 330, 330, 35, 5, 10]||['d']
[330, 330, 330, 330, 35, 5, 10]||['d']
[330, 330, 330, 330, 35, 5, 10]||['d']
[330, 330, 330, 330, 35, 5, 10]||['d']
[330, 330, 330, 330, 35, 5, 10]||['d']
[330, 330, 330, 330, 35, 5, 10]||['d']
[330, 330, 330, 330, 35, 5, 10]||['d']
[330, 330, 330, 330, 35, 5, 10]||['d']
[330, 330, 330, 330, 35, 5, 10]||['d']
[330, 330, 330, 330, 35, 5, 10]||['d']
[330, 330, 330, 330, 35, 5, 10]||['d']
[330, 330, 330, 330, 35, 5, 10]||['d']
[330, 330, 330, 330, 35, 5, 10]||['d']
[330, 330, 330, 330, 35, 5, 10]||['d']
[330, 330, 330, 330, 35, 5, 10]||['d']
[330, 330, 330, 330, 35, 5, 10]||['d']
[330, 330, 330, 330, 35, 5, 10]||['d']
[330, 330, 330, 330, 35, 5, 10]||['d']
[330, 330, 330, 330, 35, 5, 10]||['d']
[330, 330, 330, 330, 35, 5, 10]||['d']
[330, 330, 330, 330, 35, 5, 10]||['d']
[330, 330, 330, 330, 35, 5, 10]||['d']
[330, 330, 330, 330, 35, 5, 10]||['d']
[330, 330, 330, 330, 35, 5, 10]||['d']
[330, 330, 330, 330, 35, 5, 10]||['d']
[330, 330, 330, 330, 35, 5, 10]||['d']
[330, 330, 330, 330, 35, 5, 10]||['d']
[330, 330, 330, 330, 35, 5, 10]||['d']
[330, 330, 330, 330, 35, 5, 10]||['d']
[330, 330, 330, 330, 35, 5, 10]||['d']
[330, 330, 330, 330, 35, 5, 10]||['d']
[330, 330, 330, 330, 35, 5, 10]||['d']
[330, 330, 330, 330, 35, 5, 10]||['d']
[330, 330, 330, 330, 35, 5, 10]||['d']
[330, 330, 330, 330, 35, 5, 10]||['d']
[330, 330, 330, 330, 35, 5, 10]||['d']
[330, 330, 330, 330, 35, 5, 10]||['d']
[330, 330, 330, 330, 35, 5, 10]||['d']
[330, 330, 330, 330, 35, 5, 10]||['d']
[330, 330, 330, 330, 35, 5, 10]||['d']
[330, 330, 330, 330, 35, 5, 10]||['d']
[330, 330, 330, 330, 35, 5, 10]||['d']
[330, 330, 330, 330, 35, 5, 10]||['d']
[330, 330, 330, 330, 35, 5, 10]||['d']
[330, 330, 330, 330, 35, 5, 10]||['d']
[330, 330, 330, 330, 35, 5, 10]||['d']
[330, 330, 330, 330, 35, 5, 10]||['d']
[330, 330, 330, 330, 35, 5, 10]||['d']
[330, 330, 330, 330, 35, 5, 10]||['d']
[330, 330, 330, 330, 35, 5, 10]||['d']
[330, 330, 314, 330, 35, 5, 10]||['d']
[330, 330, 309, 330, 35, 5, 10]||['d']
[330, 330, 304, 330, 35, 5, 10]||['d']
[330, 330, 299, 330, 35, 5, 10]||['d']
[330, 330, 294, 330, 35, 5, 10]||['d']
[330, 330, 289, 330, 35, 5, 10]||['d']
[330, 330, 284, 330, 35, 5, 10]||['d']
[330, 330, 279, 330, 35, 5, 10]||['d']
[330, 330, 274, 330, 35, 5, 10]||['d']
[330, 330, 269, 330, 35, 5, 10]||['d']
[330, 330, 264, 330, 35, 5, 10]||['d']
[330, 330, 259, 330, 35, 5, 10]||['d']
[330, 330, 254, 330, 35, 5, 10]||['d']
[330, 330, 249, 330, 35, 5, 10]||['d']
[330, 330, 244, 330, 35, 5, 10]||['d']
[330, 330, 239, 330, 35, 5, 10]||['d']
[330, 330, 234, 330, 35, 5, 10]||['d']
[330, 330, 229, 330, 35, 5, 10]||['d']
[330, 330, 224, 330, 35, 5, 10]||['d']
[330, 330, 219, 330, 35, 5, 10]||['d']
[330, 330, 214, 330, 35, 5, 10]||['d']
[330, 330, 209, 330, 35, 5, 10]||['d']
[330, 330, 204, 330, 35, 5, 10]||['d']
[330, 330, 199, 330, 35, 5, 10]||['d']
[330, 330, 194, 330, 35, 5, 10]||['d']
[330, 330, 189, 330, 35, 5, 10]||['d']
[330, 330, 184, 330, 35, 5, 10]||['d']
[330, 330, 179, 330, 35, 5, 10]||['d']
[330, 330, 174, 330, 35, 5, 10]||['d']
[330, 330, 169, 330, 35, 5, 10]||['d']
[330, 330, 164, 330, 35, 5, 10]||['d']
[330, 330, 159, 330, 35, 5, 10]||['d']
[330, 330, 154, 330, 35, 5, 10]||['d']
[330, 330, 149, 330, 35, 5, 10]||['d']
[330, 330, 144, 330, 35, 5, 10]||['d']
[330, 330, 139, 330, 35, 5, 10]||['d']
[330, 330, 134, 330, 35, 5, 10]||['d']
[330, 330, 129, 330, 35, 5, 10]||['d']
[330, 330, 124, 330, 35, 5, 10]||['d']
[330, 330, 119, 330, 35, 5, 10]||['d']
[330, 330, 114, 330, 35, 5, 10]||['d']
[330, 330, 109, 330, 35, 5, 10]||['d']
[330, 330, 104, 330, 35, 5, 10]||['d']
[330, 330, 99, 330, 35, 5, 10]||['d']
[330, 330, 94, 330, 35, 5, 10]||['d']
[330, 330, 89, 330, 35, 5, 10]||['d']
[330, 330, 84, 330, 35, 5, 10]||['d']
[330, 330, 79, 330, 35, 5, 10]||['d']
[330, 330, 74, 330, 35, 5, 10]||['d']
[330, 330, 69, 330, 35, 5, 10]||['d']
[330, 330, 64, 330, 35, 5, 10]||['d']
[330, 330, 59, 330, 35, 5, 10]||['d']
[330, 330, 54, 330, 35, 5, 10]||['d']
[330, 330, 49, 330, 35, 5, 10]||['d']
[330, 330, 44, 330, 35, 5, 10]||['d']
[330, 330, 39, 330, 35, 5, 10]||['d']
[330, 330, 34, 330, 35, 5, 10]||['d']
[330, 330, 330, 330, 35, 10, 10]||['d']
[330, 330, 330, 330, 35, 10, 10]||['d']
[330, 330, 330, 330, 35, 10, 10]||['d']
[330, 330, 330, 330, 35, 10, 10]||['d']
[330, 330, 330, 330, 35, 10, 10]||['d']
[330, 330, 330, 330, 35, 10, 10]||['d']
[330, 330, 330, 330, 35, 10, 10]||['d']
[330, 330, 330, 330, 35, 10, 10]||['d']
[330, 330, 330, 330, 35, 10, 10]||['d']
[330, 330, 330, 330, 35, 10, 10]||['d']
[330, 330, 330, 330, 35, 10, 10]||['d']
[330, 330, 330, 330, 35, 10, 10]||['d']
[330, 330, 330, 330, 35, 10, 10]||[]
[330, 330, 330, 330, 35, 10, 10]||['d']
[330, 330, 330, 330, 35, 10, 10]||['d']
[330, 330, 330, 330, 35, 10, 10]||['d']
[330, 330, 330, 330, 35, 10, 10]||['d']
[330, 330, 330, 330, 35, 10, 10]||[]
[330, 330, 330, 330, 35, 10, 10]||[]
[330, 330, 330, 330, 35, 10, 10]||[]
[330, 330, 330, 330, 35, 10, 10]||[]
[330, 330, 330, 330, 35, 10, 10]||[]
[330, 330, 330, 330, 35, 10, 10]||['s']
[330, 330, 330, 330, 35, 10, 10]||['s']
[330, 330, 330, 330, 35, 10, 10]||['s']
[330, 330, 330, 330, 35, 10, 10]||['s']
[330, 330, 330, 330, 35, 10, 10]||['s']
[330, 330, 330, 330, 35, 10, 10]||['s']
[330, 330, 330, 330, 35, 10, 10]||['s']
[330, 330, 330, 330, 35, 10, 10]||['s']
[330, 330, 330, 330, 35, 10, 10]||['s']
[330, 330, 330, 330, 35, 10, 10]||['s']
[330, 330, 330, 330, 35, 10, 10]||['s']
[330, 330, 330, 330, 35, 10, 10]||['s']
[330, 330, 330, 330, 35, 10, 10]||['s']
[330, 330, 330, 330, 35, 10, 10]||['s']
[330, 330, 330, 330, 35, 10, 10]||['s']
[330, 330, 330, 330, 35, 10, 10]||[]
[330, 330, 330, 330, 35, 10, 10]||['d']
[330, 330, 330, 330, 35, 10, 10]||['d']
[330, 330, 330, 330, 35, 10, 10]||['d']
[330, 330, 330, 330, 35, 10, 10]||['d']
[330, 330, 330, 330, 35, 10, 10]||[]
[330, 330, 330, 330, 35, 10, 10]||[]
[330, 330, 330, 330, 35, 10, 10]||[]
[330, 330, 330, 330, 35, 10, 10]||['s']
[330, 330, 330, 330, 35, 10, 10]||['s']
[330, 330, 330, 330, 35, 10, 10]||['s']
[330, 330, 330, 330, 35, 10, 10]||['s']
[330, 330, 330, 330, 35, 10, 10]||['s']
[330, 330, 330, 330, 35, 10, 10]||['s']
[330, 330, 330, 330, 35, 10, 10]||['s']
[330, 330, 330, 330, 35, 10, 10]||['s']
[330, 330, 330, 330, 35, 10, 10]||['s']
[330, 330, 330, 330, 35, 10, 10]||['s']
[330, 330, 330, 330, 35, 10, 10]||['s']
[330, 330, 330, 330, 35, 10, 10]||['s']
[330, 330, 330, 330, 35, 10, 10]||['s']
[330, 330, 330, 330, 35, 10, 10]||['s']
[330, 330, 330, 330, 35, 10, 10]||['s']
[330, 330, 330, 330, 35, 10, 10]||['s']
[330, 330, 330, 330, 35, 10, 10]||['s']
[330, 330, 330, 330, 35, 10, 10]||['s']
[330, 330, 330, 330, 35, 10, 10]||['s']
[330, 330, 330, 330, 35, 10, 10]||['s']
[330, 330, 330, 330, 35, 10, 10]||['s']
[330, 330, 330, 330, 35, 10, 10]||['s']
[330, 330, 330, 330, 35, 10, 10]||['s']
[330, 330, 330, 330, 35, 10, 10]||['s']
[330, 330, 330, 330, 35, 10, 10]||['s']
[330, 330, 330, 330, 35, 10, 10]||['s']
[330, 330, 330, 330, 35, 10, 10]||['s']
[330, 330, 330, 330, 35, 10, 10]||['s']
[330, 330, 330, 330, 35, 10, 10]||['s']
[330, 330, 330, 330, 35, 10, 10]||['s']
[330, 330, 330, 330, 35, 10, 10]||['s']
[330, 330, 330, 330, 35, 10, 10]||['s']
[330, 330, 330, 330, 35, 10, 10]||['s']
[330, 330, 330, 330, 35, 10, 10]||['s']
[330, 330, 330, 330, 35, 10, 10]||['s']
[330, 330, 330, 330, 35, 10, 10]||['s']
[330, 330, 330, 330, 35, 10, 10]||['s']
[330, 330, 330, 330, 35, 10, 10]||['s']
[330, 330, 330, 330, 35, 10, 10]||['s']
[330, 330, 330, 330, 35, 10, 10]||['s']
[330, 330, 330, 330, 35, 10, 10]||['s']
[330, 330, 330, 330, 35, 10, 10]||['s']
[330, 330, 330, 330, 35, 10, 10]||['s']
[330, 330, 330, 330, 35, 10, 10]||['s']
[330, 330, 330, 330, 35, 10, 10]||['s']
[330, 330, 330, 330, 35, 10, 10]||['s']
[330, 330, 330, 330, 35, 10, 10]||['s']
[330, 330, 330, 330, 35, 10, 10]||['s']
[330, 330, 330, 330, 35, 10, 10]||['s']
[330, 330, 330, 330, 35, 10, 10]||['s']
[330, 330, 330, 330, 35, 10, 10]||['s']
[330, 330, 330, 330, 35, 10, 10]||['s']
[330, 330, 330, 330, 35, 10, 10]||['s']
[330, 330, 330, 330, 35, 10, 10]||['s']
[330, 330, 330, 330, 35, 10, 10]||['s']
[330, 330, 330, 330, 35, 10, 10]||['s']
[330, 330, 330, 330, 35, 10, 10]||['s']
[330, 330, 330, 330, 35, 10, 10]||['a']
[330, 330, 330, 330, 35, 10, 10]||['a']
[330, 330, 330, 330, 35, 10, 10]||['a']
[330, 330, 330, 330, 35, 10, 10]||['a']
[330, 330, 330, 330, 35, 10, 10]||['a']
[330, 330, 330, 330, 35, 10, 10]||['a']
[330, 330, 330, 330, 35, 10, 10]||['a']
[330, 330, 330, 330, 35, 10, 10]||['a']
[330, 330, 330, 330, 35, 10, 10]||['a']
[330, 330, 330, 330, 35, 10, 10]||['a']
[330, 330, 330, 330, 35, 10, 10]||['a']
[330, 330, 330, 330, 35, 10, 10]||['a']
[330, 330, 330, 330, 35, 10, 10]||['a']
[330, 330, 330, 330, 35, 10, 10]||['a']
[330, 330, 330, 330, 35, 10, 10]||['a']
[330, 330, 330, 330, 35, 10, 10]||['a']
[330, 330, 330, 330, 35, 10, 10]||['a']
[330, 330, 330, 330, 35, 10, 10]||['a']
[330, 330, 330, 330, 35, 10, 10]||['a']
[330, 330, 330, 330, 35, 10, 10]||['a']
[330, 330, 330, 330, 35, 10, 10]||['a']
[330, 330, 330, 330, 35, 10, 10]||['a']
[330, 330, 330, 330, 35, 10, 10]||['a']
[330, 330, 330, 330, 35, 10, 10]||['a']
[330, 330, 330, 330, 35, 10, 10]||['a']
[330, 330, 330, 330, 35, 10, 10]||['a']
[330, 330, 330, 330, 35, 10, 10]||['a']
[330, 330, 330, 330, 35, 10, 10]||['a']
[330, 330, 330, 330, 35, 10, 10]||['a']
[330, 330, 330, 330, 35, 10, 10]||['a']
[330, 330, 330, 330, 35, 10, 10]||['a']
[330, 330, 330, 330, 35, 10, 10]||['a']
[330, 330, 330, 330, 35, 10, 10]||['a']
[330, 330, 330, 330, 35, 10, 10]||['a']
[330, 330, 330, 330, 35, 10, 10]||['a']
[330, 330, 330, 330, 35, 10, 10]||['a']
[330, 330, 330, 330, 35, 10, 10]||['a']
[330, 330, 330, 330, 35, 10, 10]||['a']
[330, 330, 330, 330, 35, 10, 10]||['a']
[330, 330, 330, 330, 35, 10, 10]||['a']
[330, 330, 330, 330, 35, 10, 10]||['a']
[330, 330, 330, 330, 35, 10, 10]||['a']
[330, 330, 330, 330, 35, 10, 10]||['a']
[330, 330, 330, 330, 35, 10, 10]||['a']
[330, 330, 330, 330, 35, 10, 10]||['a']
[330, 330, 330, 330, 35, 10, 10]||['a']
[330, 330, 330, 330, 35, 10, 10]||['a']
[330, 330, 330, 330, 35, 10, 10]||['a']
[330, 330, 330, 330, 35, 10, 10]||['a']
[330, 330, 330, 330, 35, 10, 10]||['a']
[330, 330, 330, 330, 35, 10, 10]||['a']
[330, 330, 330, 330, 35, 10, 10]||['a']
[330, 330, 330, 330, 35, 10, 10]||['a']
[330, 330, 330, 330, 35, 10, 10]||['a']
[330, 330, 330, 330, 35, 10, 10]||['a']
[330, 330, 330, 330, 35, 10, 10]||['a']
[330, 330, 330, 330, 35, 10, 10]||['a']
[330, 330, 330, 330, 35, 10, 10]||['a']
[330, 330, 330, 330, 35, 10, 10]||['a']
[330, 330, 330, 330, 35, 10, 10]||['a']
[330, 330, 330, 330, 35, 10, 10]||['a']
[330, 330, 330, 330, 35, 10, 10]||['a']
[330, 330, 330, 330, 35, 10, 10]||['a']
[330, 330, 330, 330, 35, 10, 10]||['a']
[330, 330, 330, 330, 35, 10, 10]||['a']
[330, 330, 330, 330, 35, 10, 10]||['a']
[330, 330, 330, 330, 35, 10, 10]||['a']
[330, 330, 330, 330, 35, 10, 10]||['a']
[330, 330, 330, 330, 35, 10, 10]||['a']
[330, 330, 330, 330, 35, 10, 10]||['a']
[330, 330, 330, 330, 35, 10, 10]||['a']
[330, 330, 330, 330, 35, 10, 10]||['a']
[330, 330, 330, 330, 35, 10, 10]||['a']
[330, 330, 330, 330, 35, 10, 10]||['a']
[330, 330, 330, 330, 35, 10, 10]||['a']
[330, 330, 330, 330, 35, 10, 10]||['a']
[330, 330, 330, 330, 35, 10, 10]||['a']
[330, 330, 330, 330, 35, 10, 10]||['a']
[330, 330, 330, 330, 35, 10, 10]||[]
[330, 330, 330, 330, 35, 10, 10]||['d']
[330, 330, 330, 330, 35, 10, 10]||['d']
[330, 330, 330, 330, 35, 10, 10]||['d']
[330, 330, 330, 330, 35, 10, 10]||['d']
[330, 330, 330, 330, 35, 10, 10]||['d']
[330, 330, 330, 330, 35, 10, 10]||['d']
[330, 330, 330, 330, 35, 10, 10]||['d']
[330, 330, 330, 330, 35, 10, 10]||['d']
[330, 330, 330, 330, 35, 10, 10]||['d']
[330, 330, 330, 330, 35, 10, 10]||['d']
[330, 330, 330, 330, 35, 10, 10]||['d']
[330, 330, 330, 330, 35, 10, 10]||['d']
[330, 330, 330, 330, 35, 10, 10]||['d']
[330, 330, 330, 330, 35, 10, 10]||['d']
[330, 330, 330, 330, 35, 10, 10]||['d']
[330, 330, 330, 330, 35, 10, 10]||['d']
[330, 330, 330, 330, 35, 10, 10]||['d']
[330, 330, 330, 330, 35, 10, 10]||['d']
[330, 330, 330, 330, 35, 10, 10]||['d']
[330, 330, 330, 330, 35, 10, 10]||['d']
[330, 330, 330, 330, 35, 10, 10]||['d']
[330, 330, 330, 330, 35, 10, 10]||['d']
[330, 330, 330, 330, 35, 10, 10]||['d']
[330, 330, 330, 330, 35, 10, 10]||['d']
[330, 330, 330, 330, 35, 10, 10]||['d']
[330, 330, 330, 330, 35, 10, 10]||['d']
[330, 330, 330, 330, 35, 10, 10]||['d']
[330, 330, 330, 330, 35, 10, 10]||['d']
[330, 330, 330, 330, 35, 10, 10]||['d']
[330, 330, 330, 330, 35, 10, 10]||['d']
[330, 330, 330, 330, 35, 10, 10]||['d']
[330, 330, 330, 330, 35, 10, 10]||['d']
[330, 330, 330, 330, 35, 10, 10]||['d']
[330, 330, 330, 330, 35, 10, 10]||['d']
[330, 330, 330, 330, 35, 10, 10]||['d']
[330, 330, 330, 330, 35, 10, 10]||['d']
[330, 330, 330, 330, 35, 10, 10]||['d']
[330, 330, 330, 330, 35, 10, 10]||['d']
[330, 330, 330, 330, 35, 10, 10]||['d']
[330, 330, 330, 330, 35, 10, 10]||['d']
[330, 330, 330, 330, 35, 10, 10]||['d']
[330, 330, 330, 330, 35, 10, 10]||['d']
[330, 330, 330, 330, 35, 10, 10]||['d']
[330, 330, 330, 330, 35, 10, 10]||['d']
[330, 330, 330, 330, 35, 10, 10]||['d']
[330, 330, 330, 330, 35, 10, 10]||['d']
[330, 330, 330, 330, 35, 10, 10]||['d']
[330, 330, 330, 330, 35, 10, 10]||['d']
[330, 330, 330, 330, 35, 10, 10]||['d']
[330, 330, 330, 330, 35, 10, 10]||['d']
[330, 330, 330, 330, 35, 10, 10]||['d']
[330, 330, 330, 330, 35, 10, 10]||['d']
[330, 330, 330, 330, 35, 10, 10]||['d']
[330, 330, 330, 330, 35, 10, 10]||['d']
[330, 330, 330, 330, 35, 10, 10]||['d']
[330, 330, 330, 330, 35, 10, 10]||['d']
[330, 330, 330, 330, 35, 10, 10]||['d']
[330, 330, 330, 330, 35, 10, 10]||['d']
[330, 330, 330, 330, 35, 10, 10]||['d']
[330, 330, 330, 330, 35, 10, 10]||['d']
[330, 330, 330, 330, 35, 10, 10]||['d']
[330, 330, 330, 330, 35, 10, 10]||['d']
[330, 330, 330, 330, 35, 10, 10]||['d']
[330, 330, 330, 330, 35, 10, 10]||['d']
[330, 330, 330, 330, 35, 10, 10]||['d']
[330, 330, 330, 330, 35, 10, 10]||['d']
[330, 330, 330, 330, 35, 10, 10]||['d']
[330, 330, 330, 330, 35, 10, 10]||['d']
[330, 330, 330, 330, 35, 10, 10]||['d']
[330, 330, 330, 330, 35, 10, 10]||['d']
[330, 330, 330, 330, 35, 10, 10]||['d']
[330, 330, 330, 330, 35, 10, 10]||['d']
[330, 330, 330, 330, 35, 10, 10]||['d']
[330, 330, 330, 330, 35, 10, 10]||['d']
[330, 330, 330, 330, 35, 10, 10]||['d']
[330, 330, 330, 330, 35, 10, 10]||['d']
[330, 330, 330, 330, 35, 10, 10]||['d']
[330, 330, 330, 330, 35, 10, 10]||['d']
[330, 330, 330, 330, 35, 10, 10]||['d']
[330, 330, 330, 330, 35, 10, 10]||['d']
[330, 330, 330, 330, 35, 10, 10]||['s']
[330, 330, 330, 330, 35, 10, 10]||['s']
[330, 330, 330, 330, 35, 10, 10]||['s']
[330, 330, 330, 330, 35, 10, 10]||['s']
[330, 330, 330, 330, 35, 10, 10]||['s']
[330, 330, 330, 330, 35, 10, 10]||['s']
[330, 330, 330, 330, 35, 10, 10]||['s']
[330, 330, 330, 330, 35, 10, 10]||['s']
[330, 330, 330, 330, 35, 10, 10]||['s']
[330, 330, 330, 330, 35, 10, 10]||['s']
[330, 330, 330, 330, 35, 10, 10]||['s']
[330, 330, 330, 330, 35, 10, 10]||['s']
[330, 330, 330, 330, 35, 10, 10]||['s']
[330, 330, 330, 330, 35, 10, 10]||['s']
[330, 330, 330, 330, 35, 10, 10]||['s']
[330, 330, 330, 330, 35, 10, 10]||['s']
[330, 330, 330, 330, 35, 10, 10]||['s']
[330, 330, 330, 330, 35, 10, 10]||['s']
[330, 330, 330, 330, 35, 10, 10]||['s']
[330, 330, 330, 330, 35, 10, 10]||['s']
[330, 330, 330, 330, 35, 10, 10]||['s']
[330, 330, 330, 330, 35, 10, 10]||['s']
[330, 330, 330, 330, 35, 10, 10]||['s']
[330, 330, 330, 330, 35, 10, 10]||['s']
[330, 330, 330, 330, 35, 10, 10]||['s']
[330, 330, 330, 330, 35, 10, 10]||['s']
[330, 330, 330, 330, 35, 10, 10]||['s']
[330, 330, 330, 330, 35, 10, 10]||['s']
[330, 330, 330, 330, 35, 10, 10]||['s']
[330, 330, 330, 330, 35, 10, 10]||['s']
[330, 330, 330, 330, 35, 10, 10]||['s']
[330, 330, 330, 330, 35, 10, 10]||['s']
[330, 330, 330, 330, 35, 10, 10]||['s']
[330, 330, 330, 330, 35, 10, 10]||['s']
[330, 330, 330, 330, 35, 10, 10]||['s']
[330, 330, 330, 330, 35, 10, 10]||['s']
[323, 330, 330, 330, 35, 10, 10]||['s']
[318, 330, 330, 330, 35, 10, 10]||['s']
[314, 330, 330, 330, 35, 10, 10]||['s']
[309, 330, 330, 330, 35, 10, 10]||['s']
[304, 330, 330, 330, 35, 10, 10]||['s']
[299, 330, 330, 330, 35, 10, 10]||['s']
[294, 330, 330, 330, 35, 10, 10]||['s']
[289, 330, 330, 330, 35, 10, 10]||['s']
[285, 330, 330, 330, 35, 10, 10]||['s']
[280, 330, 330, 330, 35, 10, 10]||['s']
[275, 330, 330, 330, 35, 10, 10]||['s']
[270, 330, 330, 330, 35, 10, 10]||['s']
[265, 330, 330, 330, 35, 10, 10]||['s']
[261, 330, 330, 330, 35, 10, 10]||['s']
[256, 330, 330, 330, 35, 10, 10]||['s']
[251, 330, 330, 330, 35, 10, 10]||['s']
[246, 330, 330, 330, 35, 10, 10]||['s']
[241, 330, 330, 330, 35, 10, 10]||['s']
[237, 330, 330, 330, 35, 10, 10]||['s']
[232, 330, 330, 330, 35, 10, 10]||['s']
[227, 330, 330, 330, 35, 10, 10]||['s']
[222, 330, 330, 330, 35, 10, 10]||['s']
[218, 330, 330, 330, 35, 10, 10]||['s']
[213, 330, 330, 330, 35, 10, 10]||['s']
[208, 330, 330, 330, 35, 10, 10]||['s']
[204, 330, 330, 330, 35, 10, 10]||['s']
[199, 330, 330, 330, 35, 10, 10]||['s']
[195, 330, 330, 330, 35, 10, 10]||['s']
[190, 330, 330, 330, 35, 10, 10]||['s']
[185, 330, 330, 330, 35, 10, 10]||['s']
[181, 330, 330, 330, 35, 10, 10]||['s']
[176, 330, 330, 330, 35, 10, 10]||['s']
[172, 330, 330, 330, 35, 10, 10]||['s']
[167, 330, 330, 330, 35, 10, 10]||['s']
[163, 330, 330, 330, 35, 10, 10]||['s']
[158, 330, 330, 330, 35, 10, 10]||['s']
[154, 330, 330, 330, 35, 10, 10]||['s']
[150, 330, 330, 330, 35, 10, 10]||['s']
[145, 330, 330, 330, 35, 10, 10]||['s']
[141, 330, 330, 330, 35, 10, 10]||['s']
[137, 330, 330, 330, 35, 10, 10]||['s']
[133, 330, 330, 330, 35, 10, 10]||['s']
[129, 330, 330, 330, 35, 10, 10]||['s']
[125, 330, 330, 330, 35, 10, 10]||['s']
[121, 330, 330, 330, 35, 10, 10]||['s']
[117, 330, 330, 330, 35, 10, 10]||['s']
[113, 330, 330, 330, 35, 10, 10]||['s']
[109, 330, 330, 330, 35, 10, 10]||['s']
[106, 330, 330, 330, 35, 10, 10]||['s']
[102, 330, 330, 330, 35, 10, 10]||['s']
[99, 330, 330, 330, 35, 10, 10]||['s']
[96, 330, 330, 330, 35, 10, 10]||['s']
[93, 330, 330, 330, 35, 10, 10]||['s']
[90, 330, 330, 330, 35, 10, 10]||['s']
[87, 330, 330, 330, 35, 10, 10]||['s']
[85, 330, 330, 330, 35, 10, 10]||['s']
[82, 330, 330, 330, 35, 10, 10]||['s']
[80, 330, 330, 330, 35, 10, 10]||[]
[80, 330, 330, 330, 35, 10, 10]||[]
[80, 330, 330, 330, 35, 10, 10]||[]
[80, 330, 330, 330, 35, 10, 10]||[]
[80, 330, 330, 330, 35, 10, 10]||[]
[80, 330, 330, 330, 35, 10, 10]||[]
[80, 330, 330, 330, 35, 10, 10]||['s']
[79, 330, 330, 330, 35, 10, 10]||[]
[79, 330, 330, 330, 35, 10, 10]||[]
[79, 330, 330, 330, 35, 10, 10]||[]
[79, 330, 330, 330, 35, 10, 10]||[]
[79, 330, 330, 330, 35, 10, 10]||[]
[79, 330, 330, 330, 35, 10, 10]||[]
[79, 330, 330, 330, 35, 10, 10]||[]
[79, 330, 330, 330, 35, 10, 10]||[]
[79, 330, 330, 330, 35, 10, 10]||[]
[79, 330, 330, 330, 35, 10, 10]||['s']
[77, 330, 330, 330, 35, 10, 10]||['s']
[76, 330, 330, 330, 35, 10, 10]||['s']
[75, 330, 330, 330, 35, 10, 10]||[]
[75, 330, 330, 330, 35, 10, 10]||[]
[75, 330, 330, 330, 35, 10, 10]||[]
[75, 330, 330, 330, 35, 10, 10]||[]
[75, 330, 330, 330, 35, 10, 10]||[]
[75, 330, 330, 330, 35, 10, 10]||['d']
[70, 330, 330, 330, 35, 10, 10]||['d']
[65, 330, 330, 330, 35, 10, 10]||['d']
[60, 330, 330, 330, 35, 10, 10]||['d']
[55, 330, 330, 330, 35, 10, 10]||['d']
[50, 330, 330, 330, 35, 10, 10]||['d']
[46, 330, 330, 330, 35, 10, 10]||['d']
[41, 330, 330, 330, 35, 10, 10]||['d']
[36, 330, 330, 330, 35, 10, 10]||['d']
[31, 330, 330, 330, 35, 10, 10]||['d']
[31, 330, 330, 330, 35, 10, 10]||
