[315, 315, 315, 315, 100, 0.0, 0.0]
[315, 315, 315, 315, 100, 0.0, 0.0]
[315, 315, 315, 315, 100, 0.0, 0.0]
[315, 315, 315, 315, 100, 0.0, 0.0]
[315, 315, 315, 315, 100, 0.0, 0.0]
[315, 315, 315, 315, 100, 0.0, 0.0]
[315, 315, 315, 315, 100, 0.0, 0.0]
[315, 315, 315, 315, 100, 0.0, 0.0]
[315, 315, 315, 315, 100, 0.0, 0.0]
[315, 315, 315, 315, 100, 0.0, 0.0]
[315, 315, 315, 315, 100, 0.0, 0.0]
[315, 315, 315, 315, 100, 0.0, 0.0]
[315, 315, 315, 315, 100, 0.0, 0.0]
[315, 315, 315, 315, 100, 0.0, 0.0]
[315, 315, 315, 315, 100, 0.0, 0.0]
[315, 315, 315, 315, 100, 0.0, 0.0]
[315, 315, 315, 315, 100, 0.0, 0.0]
[315, 315, 315, 315, 100, 0.0, 0.0]
[315, 315, 315, 315, 100, 0.0, 0.0]
[315, 315, 315, 315, 100, 0.0, 0.0]
[315, 315, 315, 315, 100, 0.0, 0.0]
[315, 315, 315, 315, 100, 0.0, 0.0]
[315, 315, 315, 315, 100, 0.0, 0.0]
[315, 315, 315, 315, 100, 0.0, 0.0]
[315, 315, 315, 315, 100, 0.0, 0.0]
[315, 315, 315, 315, 100, 0.0, 0.0]
[315, 315, 315, 315, 100, 0.0, 0.0]
[315, 315, 315, 315, 100, 0.0, 0.0]
[315, 315, 315, 315, 100, 0.0, 0.0]
[315, 315, 315, 315, 100, 0.0, 0.0]
[315, 315, 315, 315, 100, 0.0, 0.0]
[315, 315, 315, 315, 100, 0.0, 0.0]
[315, 315, 315, 315, 100, 0.0, 0.0]
[315, 315, 315, 315, 100, 0.0, 0.0]
[315, 315, 315, 315, 100, 0.0, 0.0]
[315, 315, 315, 315, 100, 0.0, 0.0]
[315, 315, 315, 315, 100, 0.0, 0.0]
[315, 315, 315, 315, 100, 0.0, 0.0]
[315, 315, 315, 315, 100, 0.0, 0.0]
[315, 315, 315, 315, 100, 0.0, 0.0]
[315, 315, 315, 315, 100, 0.0, 0.0]
[315, 315, 315, 315, 100, 0.0, 0.0]
[315, 315, 315, 315, 100, 0.0, 0.0]
[315, 315, 315, 315, 100, 0.0, 0.0]
[315, 315, 315, 315, 100, 0.0, 0.0]
[315, 315, 315, 315, 100, 0.0, 0.0]
[315, 315, 315, 315, 100, 0.0, 0.0]
[315, 315, 315, 315, 100, 0.0, 0.0]
[315, 315, 315, 315, 100, 0.0, 0.0]
[315, 315, 315, 315, 100, 0.0, 0.0]
[315, 315, 315, 315, 100, 0.0, 0.0]
[315, 315, 315, 315, 100, 0.0, 0.0]
[315, 315, 315, 315, 100, 0.0, 0.0]
[315, 315, 315, 315, 100, 0.0, 0.0]
[315, 315, 315, 315, 100, 0.0, 0.0]
[315, 315, 315, 315, 100, 0.0, 0.0]
[315, 315, 315, 315, 100, 0.0, 0.0]
[315, 315, 315, 315, 100, 0.0, 0.0]
[315, 315, 315, 315, 100, 0.0, 0.0]
[315, 315, 315, 315, 100, 0.0, 0.0]
[315, 315, 315, 315, 100, 0.0, 0.0]
[315, 315, 315, 315, 100, 0.0, 0.0]
[315, 315, 315, 315, 100, 0.0, 0.0]
[315, 315, 315, 315, 100, 0.0, 0.0]
[315, 315, 315, 315, 100, 0.0, 0.0]
[315, 315, 315, 315, 100, 0.0, 0.0]
[315, 315, 315, 315, 100, 0.0, 0.0]
[315, 315, 315, 315, 100, 0.0, 0.0]
[315, 315, 315, 315, 100, 0.0, 0.0]
[315, 315, 315, 315, 100, 0.0, 0.0]
[315, 315, 315, 315, 100, 0.0, 0.0]
[315, 315, 315, 315, 100, 0.0, 0.0]
[315, 315, 315, 315, 100, 0.0, 0.0]
[315, 315, 315, 315, 100, 0.0, 0.0]
[315, 315, 315, 315, 100, 0.0, 0.0]
[315, 315, 315, 315, 100, 0.0, 0.0]
[315, 315, 315, 315, 100, 0.0, 0.0]
[315, 315, 315, 315, 100, 0.0, 0.0]
[315, 315, 315, 315, 100, 0.0, 0.0]
[315, 315, 315, 315, 100, 0.0, 0.0]
[315, 315, 315, 315, 100, 0.0, 0.0]
[315, 315, 315, 310, 100, 0.0, 0.0]
[315, 315, 315, 305, 100, 0.0, 0.0]
[315, 315, 315, 300, 100, 0.0, 0.0]
[315, 315, 315, 295, 100, 0.0, 0.0]
[315, 315, 315, 290, 100, 0.0, 0.0]
[315, 315, 315, 285, 100, 0.0, 0.0]
[315, 315, 315, 280, 100, 0.0, 0.0]
[315, 315, 315, 275, 100, 0.0, 0.0]
[315, 315, 315, 270, 100, 0.0, 0.0]
[315, 315, 315, 265, 100, 0.0, 0.0]
[315, 312, 315, 260, 100, 0.0, 0.0]
[315, 308, 315, 255, 100, 0.0, 0.0]
[315, 304, 315, 250, 100, 0.0, 0.0]
[315, 300, 315, 245, 100, 0.0, 0.0]
[315, 300, 315, 245, 100, 0.0, 0.0]
[315, 300, 315, 245, 100, 0.0, 0.0]
[315, 300, 315, 245, 100, 0.0, 0.0]
[315, 300, 315, 245, 100, 0.0, 0.0]
[315, 300, 315, 245, 100, 0.0, 0.0]
[315, 300, 315, 245, 100, 0.0, 0.0]
[315, 300, 315, 245, 100, 0.0, 0.0]
[315, 300, 315, 245, 100, 0.0, 0.0]
[315, 300, 315, 245, 100, 0.0, 0.0]
[315, 300, 315, 245, 100, 0.0, 0.0]
[315, 296, 315, 240, 100, 0.0, 0.0]
[315, 292, 315, 235, 100, 0.0, 0.0]
[315, 288, 315, 230, 100, 0.0, 0.0]
[315, 284, 315, 225, 100, 0.0, 0.0]
[315, 280, 315, 220, 100, 0.0, 0.0]
[315, 276, 315, 215, 100, 0.0, 0.0]
[315, 272, 315, 210, 100, 0.0, 0.0]
[315, 269, 315, 205, 100, 0.0, 0.0]
[315, 265, 315, 200, 100, 0.0, 0.0]
[315, 261, 315, 195, 100, 0.0, 0.0]
[315, 258, 315, 190, 100, 0.0, 0.0]
[315, 254, 315, 185, 100, 0.0, 0.0]
[315, 251, 315, 180, 100, 0.0, 0.0]
[315, 247, 315, 175, 100, 0.0, 0.0]
[315, 244, 315, 170, 100, 0.0, 0.0]
[315, 240, 315, 165, 100, 0.0, 0.0]
[315, 237, 315, 160, 100, 0.0, 0.0]
[315, 234, 315, 155, 100, 0.0, 0.0]
[315, 231, 315, 150, 100, 0.0, 0.0]
[315, 228, 315, 145, 100, 0.0, 0.0]
[315, 225, 315, 140, 100, 0.0, 0.0]
[315, 222, 315, 135, 100, 0.0, 0.0]
[315, 219, 315, 130, 100, 0.0, 0.0]
[315, 216, 315, 125, 100, 0.0, 0.0]
[315, 213, 315, 120, 100, 0.0, 0.0]
[315, 210, 315, 115, 100, 0.0, 0.0]
[315, 208, 315, 110, 100, 0.0, 0.0]
[315, 205, 315, 105, 100, 0.0, 0.0]
[315, 203, 315, 100, 100, 0.0, 0.0]
[315, 201, 315, 95, 100, 0.0, 0.0]
[315, 199, 315, 90, 100, 0.0, 0.0]
[315, 195, 315, 85, 100, 0.0, 0.0]
[315, 192, 315, 80, 100, 0.0, 0.0]
[315, 189, 315, 75, 100, 0.0, 0.0]
[315, 186, 315, 70, 100, 0.0, 0.0]
[315, 184, 315, 65, 100, 0.0, 0.0]
[315, 181, 315, 60, 100, 0.0, 0.0]
[315, 179, 315, 55, 100, 0.0, 0.0]
[315, 177, 315, 50, 100, 0.0, 0.0]
[315, 174, 315, 45, 100, 0.0, 0.0]
[315, 172, 315, 40, 100, 0.0, 0.0]
[315, 170, 315, 35, 100, 0.0, 0.0]
[315, 169, 315, 30, 100, 0.0, 0.0]
[315, 167, 315, 315, 100, 0.0, 0.0]
[315, 166, 315, 315, 100, 0.0, 0.0]
[315, 165, 315, 315, 100, 0.0, 0.0]
[315, 164, 315, 315, 100, 0.0, 0.0]
[315, 163, 315, 315, 100, 0.0, 0.0]
[315, 162, 315, 315, 100, 0.0, 0.0]
[315, 161, 315, 315, 100, 0.0, 0.0]
[315, 161, 315, 315, 100, 0.0, 0.0]
[315, 160, 315, 315, 100, 0.0, 0.0]
[315, 160, 315, 315, 100, 0.0, 0.0]
[315, 160, 315, 315, 100, 0.0, 0.0]
[315, 160, 315, 315, 100, 0.0, 0.0]
[315, 159, 315, 315, 100, 0.0, 0.0]
[315, 153, 315, 315, 100, 0.0, 0.0]
[315, 147, 315, 315, 100, 0.0, 0.0]
[315, 141, 315, 315, 100, 0.0, 0.0]
[315, 136, 315, 315, 100, 0.0, 0.0]
[315, 130, 315, 315, 100, 0.0, 0.0]
[315, 125, 315, 315, 100, 0.0, 0.0]
[315, 119, 315, 315, 100, 0.0, 0.0]
[315, 113, 315, 315, 100, 0.0, 0.0]
[315, 107, 315, 315, 100, 0.0, 0.0]
[315, 102, 315, 315, 100, 0.0, 0.0]
[315, 96, 315, 315, 100, 0.0, 0.0]
[315, 90, 315, 315, 100, 0.0, 0.0]
[315, 85, 315, 315, 100, 0.0, 0.0]
[315, 79, 315, 315, 100, 0.0, 0.0]
[315, 73, 315, 315, 100, 0.0, 0.0]
[315, 69, 315, 315, 100, 0.0, 0.0]
[315, 63, 315, 315, 100, 0.0, 0.0]
[315, 62, 315, 315, 100, 0.0, 0.0]
[315, 61, 315, 315, 100, 0.0, 0.0]
[315, 60, 315, 315, 100, 0.0, 0.0]
[315, 59, 315, 315, 100, 0.0, 0.0]
[315, 58, 315, 315, 100, 0.0, 0.0]
[315, 57, 315, 315, 100, 0.0, 0.0]
[315, 56, 315, 315, 100, 0.0, 0.0]
[315, 51, 315, 315, 100, 0.0, 0.0]
[315, 46, 315, 315, 100, 0.0, 0.0]
[315, 45, 315, 315, 100, 0.0, 0.0]
[315, 44, 315, 315, 100, 0.0, 0.0]
[315, 40, 315, 315, 100, 0.0, 0.0]
[315, 37, 315, 315, 100, 0.0, 0.0]
[315, 34, 315, 315, 100, 0.0, 0.0]
[315, 32, 315, 315, 100, 0.0, 0.0]
[315, 31, 315, 315, 100, 0.0, 0.0]
[315, 30, 315, 315, 100, 0.0, 0.0]
[315, 31, 315, 315, 95, 0.0, 0.0]
[315, 31, 315, 315, 90, 0.0, 0.0]
[315, 53, 315, 315, 85, 0.0, 0.0]
[315, 52, 315, 315, 85, 0.0, 0.0]
[315, 51, 315, 315, 85, 0.0, 0.0]
[315, 50, 315, 315, 85, 0.0, 0.0]
[315, 49, 315, 315, 85, 0.0, 0.0]
[315, 48, 315, 315, 85, 0.0, 0.0]
[315, 47, 315, 315, 85, 0.0, 0.0]
[315, 46, 315, 315, 85, 0.0, 0.0]
[315, 65, 315, 315, 85, 0.0, 0.0]
[315, 65, 315, 315, 85, 0.0, 0.0]
[315, 64, 315, 315, 85, 0.0, 0.0]
[315, 63, 315, 315, 85, 0.0, 0.0]
[315, 61, 315, 315, 85, 0.0, 0.0]
[315, 60, 315, 315, 85, 0.0, 0.0]
[315, 59, 315, 315, 85, 0.0, 0.0]
[315, 58, 315, 315, 85, 0.0, 0.0]
[315, 57, 315, 315, 85, 0.0, 0.0]
[315, 56, 315, 315, 85, 0.0, 0.0]
[315, 55, 315, 315, 85, 0.0, 0.0]
[315, 54, 315, 315, 85, 0.0, 0.0]
[315, 53, 315, 315, 85, 0.0, 0.0]
[315, 52, 315, 315, 85, 0.0, 0.0]
[315, 51, 315, 315, 85, 0.0, 0.0]
[315, 50, 315, 315, 85, 0.0, 0.0]
[315, 49, 315, 315, 85, 0.0, 0.0]
[315, 48, 315, 315, 85, 0.0, 0.0]
[315, 47, 315, 315, 85, 0.0, 0.0]
[315, 46, 315, 315, 85, 0.0, 0.0]
[315, 45, 315, 315, 85, 0.0, 0.0]
[315, 64, 315, 315, 85, 0.0, 0.0]
[315, 63, 315, 315, 85, 0.0, 0.0]
[315, 62, 315, 315, 85, 0.0, 0.0]
[315, 60, 315, 315, 85, 0.0, 0.0]
[315, 59, 315, 315, 85, 0.0, 0.0]
[315, 58, 315, 315, 85, 0.0, 0.0]
[315, 58, 315, 315, 85, 0.0, 0.0]
[315, 57, 315, 315, 85, 0.0, 0.0]
[315, 56, 315, 315, 85, 0.0, 0.0]
[315, 55, 315, 315, 85, 0.0, 0.0]
[315, 54, 315, 315, 85, 0.0, 0.0]
[315, 53, 315, 315, 85, 0.0, 0.0]
[315, 52, 315, 315, 85, 0.0, 0.0]
[315, 51, 315, 315, 85, 0.0, 0.0]
[315, 45, 315, 315, 85, 0.0, 0.0]
[315, 39, 315, 315, 85, 0.0, 0.0]
[315, 34, 315, 315, 85, 0.0, 0.0]
[315, 35, 315, 315, 80, 0.0, 0.0]
[315, 37, 315, 315, 75, 0.0, 0.0]
[315, 38, 315, 315, 70, 0.0, 0.0]
[315, 40, 315, 315, 65, 0.0, 0.0]
[315, 42, 315, 315, 60, 0.0, 0.0]
[315, 38, 315, 315, 60, 0.0, 0.0]
[315, 34, 315, 315, 60, 0.0, 0.0]
[315, 36, 315, 315, 55, 0.0, 0.0]
[315, 33, 315, 315, 55, 0.0, 0.0]
[315, 30, 315, 315, 55, 0.0, 0.0]
[315, 28, 315, 315, 55, 0.0, 0.0]
[315, 27, 315, 315, 55, 0.0, 0.0]
[315, 26, 315, 315, 55, 0.0, 0.0]
[315, 35, 315, 315, 50, 0.0, 0.0]
[315, 36, 315, 315, 50, 0.0, 0.0]
[315, 38, 315, 315, 50, 0.0, 0.0]
[315, 39, 315, 315, 50, 0.0, 0.0]
[315, 42, 315, 315, 50, 0.0, 0.0]
[315, 45, 315, 315, 50, 0.0, 0.0]
[315, 48, 315, 315, 50, 0.0, 0.0]
[315, 51, 315, 315, 50, 0.0, 0.0]
[315, 54, 315, 315, 50, 0.0, 0.0]
[315, 57, 315, 315, 50, 0.0, 0.0]
[315, 60, 315, 315, 50, 0.0, 0.0]
[315, 64, 315, 315, 50, 0.0, 0.0]
[315, 67, 315, 315, 50, 0.0, 0.0]
[315, 71, 315, 315, 50, 0.0, 0.0]
[315, 75, 315, 315, 50, 0.0, 0.0]
[315, 78, 315, 315, 50, 0.0, 0.0]
[315, 82, 315, 315, 50, 0.0, 0.0]
[315, 86, 315, 315, 50, 0.0, 0.0]
[315, 89, 315, 315, 50, 0.0, 0.0]
[315, 93, 310, 315, 50, 0.0, 0.0]
[315, 97, 305, 315, 50, 0.0, 0.0]
[315, 101, 300, 315, 50, 0.0, 0.0]
[315, 105, 295, 315, 50, 0.0, 0.0]
[315, 108, 290, 315, 50, 0.0, 0.0]
[315, 106, 290, 315, 50, 0.0, 0.0]
[315, 105, 290, 315, 50, 0.0, 0.0]
[315, 104, 290, 315, 50, 0.0, 0.0]
[315, 103, 290, 315, 50, 0.0, 0.0]
[315, 102, 290, 315, 50, 0.0, 0.0]
[315, 101, 290, 315, 50, 0.0, 0.0]
[315, 101, 291, 315, 50, 0.0, 0.0]
[315, 101, 291, 315, 50, 0.0, 0.0]
[315, 101, 292, 315, 50, 0.0, 0.0]
[315, 100, 292, 315, 50, 0.0, 0.0]
[315, 99, 292, 315, 50, 0.0, 0.0]
[315, 98, 292, 315, 50, 0.0, 0.0]
[315, 97, 292, 315, 50, 0.0, 0.0]
[315, 96, 292, 315, 50, 0.0, 0.0]
[315, 95, 292, 315, 50, 0.0, 0.0]
[315, 94, 292, 315, 50, 0.0, 0.0]
[315, 93, 292, 315, 50, 0.0, 0.0]
[315, 92, 292, 315, 50, 0.0, 0.0]
[315, 91, 292, 315, 50, 0.0, 0.0]
[315, 90, 292, 315, 50, 0.0, 0.0]
[315, 90, 292, 315, 50, 0.0, 0.0]
[315, 87, 291, 315, 50, 0.0, 0.0]
[315, 85, 291, 315, 50, 0.0, 0.0]
[315, 84, 290, 315, 50, 0.0, 0.0]
[315, 83, 290, 315, 50, 0.0, 0.0]
[315, 82, 290, 315, 50, 0.0, 0.0]
[315, 81, 290, 315, 50, 0.0, 0.0]
[315, 80, 290, 315, 50, 0.0, 0.0]
[315, 80, 290, 315, 50, 0.0, 0.0]
[315, 80, 290, 315, 50, 0.0, 0.0]
[315, 81, 290, 315, 50, 0.0, 0.0]
[315, 80, 290, 315, 50, 0.0, 0.0]
[315, 79, 290, 315, 50, 0.0, 0.0]
[315, 78, 290, 315, 50, 0.0, 0.0]
[315, 77, 290, 315, 50, 0.0, 0.0]
[315, 75, 290, 315, 50, 0.0, 0.0]
[315, 74, 290, 315, 50, 0.0, 0.0]
[315, 74, 290, 315, 50, 0.0, 0.0]
[315, 72, 290, 315, 50, 0.0, 0.0]
[315, 71, 290, 315, 50, 0.0, 0.0]
[315, 70, 290, 315, 50, 0.0, 0.0]
[315, 69, 290, 315, 50, 0.0, 0.0]
[315, 68, 290, 315, 50, 0.0, 0.0]
[315, 68, 290, 315, 50, 0.0, 0.0]
[315, 66, 290, 315, 50, 0.0, 0.0]
[315, 63, 290, 315, 50, 0.0, 0.0]
[315, 62, 290, 315, 50, 0.0, 0.0]
[315, 61, 290, 315, 50, 0.0, 0.0]
[315, 60, 290, 315, 50, 0.0, 0.0]
[315, 59, 290, 315, 50, 0.0, 0.0]
[315, 58, 290, 315, 50, 0.0, 0.0]
[315, 57, 290, 315, 50, 0.0, 0.0]
[315, 56, 290, 315, 50, 0.0, 0.0]
[315, 55, 290, 315, 50, 0.0, 0.0]
[315, 54, 290, 315, 50, 0.0, 0.0]
[315, 53, 290, 315, 50, 0.0, 0.0]
[315, 52, 290, 315, 50, 0.0, 0.0]
[315, 56, 285, 315, 50, 0.0, 0.0]
[315, 60, 280, 315, 50, 0.0, 0.0]
[315, 64, 275, 315, 50, 0.0, 0.0]
[315, 68, 270, 315, 50, 0.0, 0.0]
[315, 71, 265, 315, 50, 0.0, 0.0]
[315, 75, 260, 315, 50, 0.0, 0.0]
[315, 79, 255, 315, 50, 0.0, 0.0]
[315, 83, 250, 315, 50, 0.0, 0.0]
[315, 87, 245, 315, 50, 0.0, 0.0]
[315, 91, 240, 315, 50, 0.0, 0.0]
[315, 95, 235, 315, 50, 0.0, 0.0]
[315, 99, 230, 315, 50, 0.0, 0.0]
[315, 103, 225, 315, 50, 0.0, 0.0]
[315, 107, 220, 315, 50, 0.0, 0.0]
[315, 111, 215, 315, 50, 0.0, 0.0]
[315, 115, 210, 315, 50, 0.0, 0.0]
[315, 119, 205, 315, 50, 0.0, 0.0]
[315, 123, 200, 315, 50, 0.0, 0.0]
[315, 127, 195, 315, 50, 0.0, 0.0]
[315, 131, 190, 315, 50, 0.0, 0.0]
[315, 135, 185, 315, 50, 0.0, 0.0]
[315, 139, 180, 315, 50, 0.0, 0.0]
[315, 143, 175, 315, 50, 0.0, 0.0]
[315, 147, 170, 315, 50, 0.0, 0.0]
[315, 151, 165, 315, 50, 0.0, 0.0]
[315, 155, 160, 315, 50, 0.0, 0.0]
[315, 159, 155, 315, 50, 0.0, 0.0]
[315, 163, 150, 315, 50, 0.0, 0.0]
[315, 166, 145, 315, 50, 0.0, 0.0]
[315, 170, 140, 315, 50, 0.0, 0.0]
[315, 174, 135, 315, 50, 0.0, 0.0]
[315, 178, 130, 315, 50, 0.0, 0.0]
[315, 182, 125, 315, 50, 0.0, 0.0]
[315, 186, 120, 315, 50, 0.0, 0.0]
[315, 190, 115, 315, 50, 0.0, 0.0]
[315, 194, 110, 315, 50, 0.0, 0.0]
[315, 198, 105, 315, 50, 0.0, 0.0]
[315, 202, 100, 315, 50, 0.0, 0.0]
[315, 207, 95, 315, 50, 0.0, 0.0]
[315, 212, 90, 315, 50, 0.0, 0.0]
[315, 217, 85, 315, 50, 0.0, 0.0]
[315, 222, 80, 315, 50, 0.0, 0.0]
[315, 227, 75, 315, 50, 0.0, 0.0]
[315, 232, 70, 315, 50, 0.0, 0.0]
[315, 237, 65, 315, 50, 0.0, 0.0]
[315, 242, 60, 315, 50, 0.0, 0.0]
[315, 247, 55, 315, 50, 0.0, 0.0]
[315, 252, 50, 315, 50, 0.0, 0.0]
[315, 257, 45, 315, 50, 0.0, 0.0]
[315, 262, 41, 315, 50, 0.0, 0.0]
[315, 267, 36, 315, 50, 0.0, 0.0]
[315, 272, 31, 315, 50, 0.0, 0.0]
[315, 277, 315, 315, 50, 0.5, 0.0]
[315, 282, 315, 315, 50, 0.5, 0.0]
[315, 286, 315, 315, 50, 0.5, 0.0]
[315, 291, 315, 315, 50, 0.5, 0.0]
[315, 296, 315, 315, 50, 0.5, 0.0]
[315, 301, 315, 315, 50, 0.5, 0.0]
[315, 306, 315, 315, 50, 0.5, 0.0]
[315, 311, 315, 315, 50, 0.5, 0.0]
[315, 315, 315, 315, 50, 0.5, 0.0]
[315, 315, 315, 315, 50, 0.5, 0.0]
[315, 315, 315, 315, 50, 0.5, 0.0]
[315, 315, 315, 315, 50, 0.5, 0.0]
[315, 315, 315, 315, 50, 0.5, 0.0]
[315, 315, 315, 315, 50, 0.5, 0.0]
[315, 311, 315, 315, 50, 0.5, 0.0]
[315, 306, 315, 315, 50, 0.5, 0.0]
[315, 301, 315, 315, 50, 0.5, 0.0]
[315, 296, 315, 315, 50, 0.5, 0.0]
[315, 291, 315, 315, 50, 0.5, 0.0]
[315, 286, 315, 315, 50, 0.5, 0.0]
[315, 282, 315, 315, 50, 0.5, 0.0]
[315, 277, 315, 315, 50, 0.5, 0.0]
[315, 272, 315, 315, 50, 0.5, 0.0]
[315, 267, 315, 315, 50, 0.5, 0.0]
[315, 262, 315, 315, 50, 0.5, 0.0]
[315, 257, 315, 315, 50, 0.5, 0.0]
[315, 252, 315, 315, 50, 0.5, 0.0]
[315, 247, 315, 315, 50, 0.5, 0.0]
[315, 242, 315, 315, 50, 0.5, 0.0]
[315, 237, 315, 315, 50, 0.5, 0.0]
[315, 232, 315, 315, 50, 0.5, 0.0]
[315, 227, 315, 315, 50, 0.5, 0.0]
[315, 222, 315, 315, 50, 0.5, 0.0]
[315, 217, 315, 315, 50, 0.5, 0.0]
[315, 212, 315, 315, 50, 0.5, 0.0]
[315, 207, 315, 315, 50, 0.5, 0.0]
[315, 202, 315, 315, 50, 0.5, 0.0]
[315, 197, 315, 315, 50, 0.5, 0.0]
[315, 191, 315, 315, 50, 0.5, 0.0]
[315, 185, 315, 315, 50, 0.5, 0.0]
[315, 179, 315, 315, 50, 0.5, 0.0]
[315, 173, 315, 315, 50, 0.5, 0.0]
[315, 167, 315, 315, 50, 0.5, 0.0]
[315, 161, 315, 315, 50, 0.5, 0.0]
[315, 155, 315, 315, 50, 0.5, 0.0]
[315, 149, 315, 315, 50, 0.5, 0.0]
[315, 144, 315, 315, 50, 0.5, 0.0]
[315, 138, 315, 315, 50, 0.5, 0.0]
[315, 132, 315, 315, 50, 0.5, 0.0]
[315, 126, 315, 315, 50, 0.5, 0.0]
[315, 120, 315, 315, 50, 0.5, 0.0]
[315, 114, 315, 315, 50, 0.5, 0.0]
[315, 108, 315, 315, 50, 0.5, 0.0]
[315, 102, 315, 315, 50, 0.5, 0.0]
[315, 96, 315, 315, 50, 0.5, 0.0]
[315, 90, 315, 315, 50, 0.5, 0.0]
[315, 84, 315, 315, 50, 0.5, 0.0]
[315, 78, 315, 315, 50, 0.5, 0.0]
[315, 72, 315, 315, 50, 0.5, 0.0]
[315, 66, 315, 315, 50, 0.5, 0.0]
[315, 78, 315, 315, 50, 0.5, 0.0]
[315, 72, 315, 315, 50, 0.5, 0.0]
[315, 67, 315, 315, 50, 0.5, 0.0]
[315, 315, 315, 315, 50, 0.5, 1.0]
[315, 315, 315, 315, 50, 0.5, 1.0]
[315, 315, 315, 315, 50, 0.5, 1.0]
[315, 315, 315, 315, 50, 0.5, 1.0]
[315, 315, 315, 315, 50, 0.5, 1.0]
[315, 315, 315, 315, 50, 0.5, 1.0]
[315, 315, 315, 315, 50, 0.5, 1.0]
[315, 315, 315, 315, 50, 0.5, 1.0]
[315, 315, 315, 315, 50, 0.5, 1.0]
[315, 315, 315, 315, 50, 0.5, 1.0]
[315, 315, 315, 315, 50, 0.5, 1.0]
[315, 315, 315, 315, 50, 0.5, 1.0]
[315, 315, 315, 315, 50, 0.5, 1.0]
[315, 315, 315, 315, 50, 0.5, 1.0]
[315, 315, 315, 315, 50, 0.5, 1.0]
[315, 315, 315, 315, 50, 0.5, 1.0]
[315, 315, 315, 315, 50, 0.5, 1.0]
[315, 315, 315, 315, 50, 0.5, 1.0]
[315, 315, 315, 315, 50, 0.5, 1.0]
[315, 315, 315, 315, 50, 0.5, 1.0]
[315, 315, 315, 315, 50, 0.5, 1.0]
[315, 315, 315, 315, 50, 0.5, 1.0]
[315, 315, 315, 315, 50, 0.5, 1.0]
[315, 315, 315, 315, 50, 0.5, 1.0]
[315, 315, 315, 315, 50, 0.5, 1.0]
[315, 315, 315, 315, 50, 0.5, 1.0]
[315, 315, 315, 315, 50, 0.5, 1.0]
[315, 315, 315, 315, 50, 0.5, 1.0]
[315, 315, 315, 315, 50, 0.5, 1.0]
[315, 315, 315, 315, 50, 0.5, 1.0]
[315, 315, 315, 315, 50, 0.5, 1.0]
[315, 315, 315, 315, 50, 0.5, 1.0]
[315, 315, 315, 315, 50, 0.5, 1.0]
[315, 315, 315, 315, 50, 0.5, 1.0]
[315, 315, 315, 315, 50, 0.5, 1.0]
[315, 315, 315, 315, 50, 0.5, 1.0]
[315, 315, 315, 315, 50, 0.5, 1.0]
[315, 315, 315, 315, 50, 0.5, 1.0]
[315, 315, 315, 315, 50, 0.5, 1.0]
[315, 315, 315, 315, 50, 0.5, 1.0]
[315, 315, 315, 315, 50, 0.5, 1.0]
[315, 315, 315, 315, 50, 0.5, 1.0]
[315, 315, 315, 315, 50, 0.5, 1.0]
[315, 315, 315, 315, 50, 0.5, 1.0]
[315, 315, 315, 315, 50, 0.5, 1.0]
[315, 315, 315, 315, 50, 0.5, 1.0]
[315, 315, 315, 315, 50, 0.5, 1.0]
[315, 315, 315, 315, 50, 0.5, 1.0]
[315, 315, 315, 315, 50, 0.5, 1.0]
[315, 315, 315, 315, 50, 0.5, 1.0]
[315, 315, 315, 315, 50, 0.5, 1.0]
[315, 315, 315, 315, 50, 0.5, 1.0]
[315, 315, 315, 315, 50, 0.5, 1.0]
[315, 315, 315, 315, 50, 0.5, 1.0]
[315, 315, 315, 315, 50, 0.5, 1.0]
[315, 315, 315, 315, 50, 0.5, 1.0]
[315, 315, 315, 315, 50, 0.5, 1.0]
[315, 315, 315, 315, 50, 0.5, 1.0]
[315, 315, 315, 315, 50, 0.5, 1.0]
[315, 315, 315, 315, 50, 0.5, 1.0]
[315, 315, 315, 315, 50, 0.5, 1.0]
[315, 315, 315, 315, 50, 0.5, 1.0]
[315, 315, 315, 315, 50, 0.5, 1.0]
[315, 315, 315, 315, 50, 0.5, 1.0]
[315, 315, 315, 315, 50, 0.5, 1.0]
[315, 315, 315, 315, 50, 0.5, 1.0]
[315, 315, 315, 315, 50, 0.5, 1.0]
[315, 315, 315, 315, 50, 0.5, 1.0]
[315, 315, 315, 315, 50, 0.5, 1.0]
[315, 315, 315, 315, 50, 0.5, 1.0]
[315, 315, 315, 315, 50, 0.5, 1.0]
[315, 315, 315, 315, 50, 0.5, 1.0]
[315, 315, 315, 315, 50, 0.5, 1.0]
[315, 315, 315, 315, 50, 0.5, 1.0]
[315, 315, 315, 315, 50, 0.5, 1.0]
[315, 315, 315, 315, 50, 0.5, 1.0]
[315, 315, 315, 315, 50, 0.5, 1.0]
[315, 315, 315, 315, 50, 0.5, 1.0]
[315, 315, 315, 315, 50, 0.5, 1.0]
[315, 315, 315, 315, 50, 0.5, 1.0]
[315, 315, 315, 315, 50, 0.5, 1.0]
[315, 315, 315, 315, 50, 0.5, 1.0]
[315, 315, 315, 315, 50, 0.5, 1.0]
[315, 315, 315, 315, 50, 0.5, 1.0]
[315, 315, 315, 315, 50, 0.5, 1.0]
[315, 315, 315, 315, 50, 0.5, 1.0]
[315, 315, 315, 315, 50, 0.5, 1.0]
[315, 315, 315, 315, 50, 0.5, 1.0]
[315, 315, 315, 315, 50, 0.5, 1.0]
[315, 315, 315, 315, 50, 0.5, 1.0]
[315, 315, 315, 315, 50, 0.5, 1.0]
[315, 315, 315, 315, 50, 0.5, 1.0]
[315, 315, 315, 315, 50, 0.5, 1.0]
[315, 315, 315, 315, 50, 0.5, 1.0]
[315, 315, 315, 315, 50, 0.5, 1.0]
[315, 315, 315, 315, 50, 0.5, 1.0]
[315, 315, 315, 315, 50, 0.5, 1.0]
[315, 315, 315, 315, 50, 0.5, 1.0]
[315, 315, 315, 315, 50, 0.5, 1.0]
[315, 315, 315, 315, 50, 0.5, 1.0]
[315, 315, 315, 315, 50, 0.5, 1.0]
[315, 315, 315, 315, 50, 0.5, 1.0]
[315, 315, 315, 315, 50, 0.5, 1.0]
[315, 315, 315, 315, 50, 0.5, 1.0]
[315, 315, 315, 315, 50, 0.5, 1.0]
[315, 315, 315, 315, 50, 0.5, 1.0]
[315, 315, 315, 315, 50, 0.5, 1.0]
[315, 315, 315, 315, 50, 0.5, 1.0]
[315, 315, 315, 315, 50, 0.5, 1.0]
[315, 315, 315, 315, 50, 0.5, 1.0]
[315, 315, 315, 315, 50, 0.5, 1.0]
[315, 315, 315, 315, 50, 0.5, 1.0]
[315, 315, 315, 315, 50, 0.5, 1.0]
[315, 315, 315, 315, 50, 0.5, 1.0]
[315, 315, 315, 315, 50, 0.5, 1.0]
[315, 315, 315, 315, 50, 0.5, 1.0]
[315, 315, 315, 315, 50, 0.5, 1.0]
[315, 315, 315, 315, 50, 0.5, 1.0]
[315, 315, 315, 315, 50, 0.5, 1.0]
[315, 315, 315, 315, 50, 0.5, 1.0]
[315, 315, 315, 315, 50, 0.5, 1.0]
[315, 315, 315, 315, 50, 0.5, 1.0]
[315, 315, 315, 315, 50, 0.5, 1.0]
[315, 315, 315, 315, 50, 0.5, 1.0]
[315, 315, 315, 315, 50, 0.5, 1.0]
[315, 315, 315, 315, 50, 0.5, 1.0]
[315, 315, 315, 315, 50, 0.5, 1.0]
[315, 315, 315, 315, 50, 0.5, 1.0]
[315, 315, 315, 315, 50, 0.5, 1.0]
[315, 315, 315, 315, 50, 0.5, 1.0]
[315, 315, 315, 315, 50, 0.5, 1.0]
[315, 315, 315, 315, 50, 0.5, 1.0]
[315, 315, 315, 315, 50, 0.5, 1.0]
[315, 315, 315, 315, 50, 0.5, 1.0]
[315, 315, 315, 315, 50, 0.5, 1.0]
[315, 315, 315, 315, 50, 0.5, 1.0]
[315, 315, 315, 315, 50, 0.5, 1.0]
[315, 315, 315, 315, 50, 0.5, 1.0]
[315, 315, 315, 315, 50, 0.5, 1.0]
[315, 315, 315, 315, 50, 0.5, 1.0]
[315, 315, 315, 315, 50, 0.5, 1.0]
[315, 315, 315, 315, 50, 0.5, 1.0]
[315, 315, 315, 315, 50, 0.5, 1.0]
[315, 315, 315, 315, 50, 0.5, 1.0]
[315, 315, 315, 315, 50, 0.5, 1.0]
[315, 315, 315, 315, 50, 0.5, 1.0]
[315, 315, 315, 315, 50, 0.5, 1.0]
[315, 315, 315, 315, 50, 0.5, 1.0]
[315, 315, 315, 315, 50, 0.5, 1.0]
[315, 315, 315, 315, 50, 0.5, 1.0]
[315, 315, 315, 315, 50, 0.5, 1.0]
[315, 315, 315, 315, 50, 0.5, 1.0]
[315, 315, 315, 315, 50, 0.5, 1.0]
[315, 315, 315, 315, 50, 0.5, 1.0]
[315, 315, 315, 315, 50, 0.5, 1.0]
[315, 315, 315, 315, 50, 0.5, 1.0]
[315, 315, 315, 315, 50, 0.5, 1.0]
[315, 315, 315, 315, 50, 0.5, 1.0]
[315, 315, 315, 315, 50, 0.5, 1.0]
[315, 315, 315, 315, 50, 0.5, 1.0]
[315, 315, 315, 315, 50, 0.5, 1.0]
[315, 315, 315, 315, 50, 0.5, 1.0]
[315, 315, 315, 315, 50, 0.5, 1.0]
[315, 315, 315, 315, 50, 0.5, 1.0]
[315, 315, 315, 315, 50, 0.5, 1.0]
[315, 315, 315, 315, 50, 0.5, 1.0]
[315, 315, 315, 315, 50, 0.5, 1.0]
[315, 315, 315, 315, 50, 0.5, 1.0]
[315, 315, 315, 315, 50, 0.5, 1.0]
[315, 315, 315, 315, 50, 0.5, 1.0]
[315, 315, 315, 315, 50, 0.5, 1.0]
[315, 315, 315, 315, 50, 0.5, 1.0]
[315, 315, 315, 315, 50, 0.5, 1.0]
[315, 315, 315, 315, 50, 0.5, 1.0]
[315, 315, 315, 315, 50, 0.5, 1.0]
[315, 315, 315, 315, 50, 0.5, 1.0]
[315, 315, 315, 315, 50, 0.5, 1.0]
[315, 315, 315, 315, 50, 0.5, 1.0]
[315, 315, 315, 315, 50, 0.5, 1.0]
[315, 315, 315, 315, 50, 0.5, 1.0]
[315, 315, 315, 315, 50, 0.5, 1.0]
[315, 315, 315, 315, 50, 0.5, 1.0]
[315, 315, 315, 315, 50, 0.5, 1.0]
[315, 315, 315, 315, 50, 0.5, 1.0]
[315, 315, 315, 315, 50, 0.5, 1.0]
[315, 315, 315, 315, 50, 0.5, 1.0]
[315, 315, 315, 315, 50, 0.5, 1.0]
[315, 315, 315, 315, 50, 0.5, 1.0]
[315, 315, 315, 315, 50, 0.5, 1.0]
[315, 315, 315, 315, 50, 0.5, 1.0]
[315, 315, 315, 315, 50, 0.5, 1.0]
[315, 315, 315, 315, 50, 0.5, 1.0]
[315, 315, 315, 315, 50, 0.5, 1.0]
[315, 315, 315, 315, 50, 0.5, 1.0]
[315, 315, 315, 315, 50, 0.5, 1.0]
[315, 315, 315, 315, 50, 0.5, 1.0]
[315, 315, 315, 315, 50, 0.5, 1.0]
[315, 315, 315, 315, 50, 0.5, 1.0]
[315, 315, 315, 315, 50, 0.5, 1.0]
[315, 315, 315, 315, 50, 0.5, 1.0]
[315, 315, 315, 315, 50, 0.5, 1.0]
[315, 315, 315, 315, 50, 0.5, 1.0]
[315, 315, 315, 315, 50, 0.5, 1.0]
[315, 315, 315, 315, 50, 0.5, 1.0]
[315, 315, 315, 315, 50, 0.5, 1.0]
[315, 315, 315, 315, 50, 0.5, 1.0]
[315, 315, 315, 315, 50, 0.5, 1.0]
[315, 315, 315, 315, 50, 0.5, 1.0]
[315, 315, 315, 315, 50, 0.5, 1.0]
[315, 315, 315, 315, 50, 0.5, 1.0]
[315, 315, 315, 315, 50, 0.5, 1.0]
[315, 315, 315, 315, 50, 0.5, 1.0]
[315, 315, 315, 315, 50, 0.5, 1.0]
[315, 315, 315, 315, 50, 0.5, 1.0]
[315, 315, 315, 315, 50, 0.5, 1.0]
[315, 315, 315, 315, 50, 0.5, 1.0]
[315, 315, 315, 315, 50, 0.5, 1.0]
[315, 315, 315, 315, 50, 0.5, 1.0]
[315, 315, 315, 315, 50, 0.5, 1.0]
[315, 315, 315, 315, 50, 0.5, 1.0]
[315, 315, 315, 315, 50, 0.5, 1.0]
[315, 315, 315, 315, 50, 0.5, 1.0]
[315, 315, 315, 315, 50, 0.5, 1.0]
[315, 315, 315, 315, 50, 0.5, 1.0]
[315, 315, 315, 315, 50, 0.5, 1.0]
[315, 315, 315, 315, 50, 0.5, 1.0]
[315, 315, 315, 315, 50, 0.5, 1.0]
[315, 315, 315, 315, 50, 0.5, 1.0]
[315, 315, 315, 315, 50, 0.5, 1.0]
[315, 315, 315, 315, 50, 0.5, 1.0]
[315, 315, 315, 315, 50, 0.5, 1.0]
[315, 315, 315, 315, 50, 0.5, 1.0]
[315, 315, 315, 315, 50, 0.5, 1.0]
[315, 315, 315, 315, 50, 0.5, 1.0]
[315, 315, 315, 315, 50, 0.5, 1.0]
[315, 315, 315, 315, 50, 0.5, 1.0]
[315, 315, 315, 315, 50, 0.5, 1.0]
[315, 315, 315, 315, 50, 0.5, 1.0]
[315, 315, 315, 315, 50, 0.5, 1.0]
[315, 315, 315, 315, 50, 0.5, 1.0]
[315, 315, 315, 315, 50, 0.5, 1.0]
[315, 315, 315, 315, 50, 0.5, 1.0]
[315, 315, 315, 315, 50, 0.5, 1.0]
[315, 315, 315, 315, 50, 0.5, 1.0]
[315, 315, 315, 315, 50, 0.5, 1.0]
[315, 315, 315, 315, 50, 0.5, 1.0]
[315, 315, 315, 315, 50, 0.5, 1.0]
[315, 315, 315, 315, 50, 0.5, 1.0]
[315, 315, 315, 315, 50, 0.5, 1.0]
[315, 315, 315, 315, 50, 0.5, 1.0]
[315, 315, 315, 315, 50, 0.5, 1.0]
[315, 315, 315, 315, 50, 0.5, 1.0]
[315, 315, 315, 315, 50, 0.5, 1.0]
[315, 315, 315, 315, 50, 0.5, 1.0]
[315, 315, 315, 315, 50, 0.5, 1.0]
[315, 315, 315, 315, 50, 0.5, 1.0]
[315, 315, 315, 315, 50, 0.5, 1.0]
[315, 315, 315, 315, 50, 0.5, 1.0]
[315, 315, 315, 315, 50, 0.5, 1.0]
[315, 315, 315, 315, 50, 0.5, 1.0]
[315, 315, 315, 315, 50, 0.5, 1.0]
[315, 315, 315, 315, 50, 0.5, 1.0]
[315, 315, 315, 315, 50, 0.5, 1.0]
[315, 315, 315, 315, 50, 0.5, 1.0]
[315, 315, 315, 315, 50, 0.5, 1.0]
[315, 315, 315, 315, 50, 0.5, 1.0]
[315, 315, 315, 315, 50, 0.5, 1.0]
[315, 315, 315, 315, 50, 0.5, 1.0]
[315, 315, 315, 315, 50, 0.5, 1.0]
[315, 315, 315, 315, 50, 0.5, 1.0]
[315, 315, 315, 315, 50, 0.5, 1.0]
[315, 315, 315, 315, 50, 0.5, 1.0]
[315, 315, 315, 315, 50, 0.5, 1.0]
[315, 315, 315, 315, 50, 0.5, 1.0]
[315, 315, 315, 315, 50, 0.5, 1.0]
[315, 315, 315, 315, 50, 0.5, 1.0]
[315, 315, 315, 315, 50, 0.5, 1.0]
[315, 315, 315, 315, 50, 0.5, 1.0]
[315, 315, 315, 315, 50, 0.5, 1.0]
[315, 315, 315, 315, 50, 0.5, 1.0]
[315, 315, 315, 315, 50, 0.5, 1.0]
[315, 315, 315, 315, 50, 0.5, 1.0]
[315, 315, 315, 315, 50, 0.5, 1.0]
[315, 315, 315, 315, 50, 0.5, 1.0]
[315, 315, 315, 315, 50, 0.5, 1.0]
[315, 315, 315, 315, 50, 0.5, 1.0]
[315, 315, 315, 315, 50, 0.5, 1.0]
[315, 315, 315, 315, 50, 0.5, 1.0]
[315, 315, 315, 315, 50, 0.5, 1.0]
[315, 315, 315, 315, 50, 0.5, 1.0]
[315, 315, 315, 315, 50, 0.5, 1.0]
[315, 315, 315, 315, 50, 0.5, 1.0]
[315, 315, 315, 315, 50, 0.5, 1.0]
[315, 315, 315, 315, 50, 0.5, 1.0]
[315, 315, 315, 315, 50, 0.5, 1.0]
[315, 315, 315, 315, 50, 0.5, 1.0]
[315, 315, 315, 315, 50, 0.5, 1.0]
[315, 315, 315, 315, 50, 0.5, 1.0]
[315, 315, 315, 315, 50, 0.5, 1.0]
[315, 315, 315, 315, 50, 0.5, 1.0]
[315, 315, 315, 315, 50, 0.5, 1.0]
[315, 315, 315, 315, 50, 0.5, 1.0]
[315, 315, 315, 315, 50, 0.5, 1.0]
[315, 315, 315, 315, 50, 0.5, 1.0]
[315, 315, 315, 315, 50, 0.5, 1.0]
[315, 315, 315, 315, 50, 0.5, 1.0]
[315, 315, 315, 315, 50, 0.5, 1.0]
[315, 315, 315, 315, 50, 0.5, 1.0]
[315, 315, 315, 315, 50, 0.5, 1.0]
[315, 315, 315, 315, 50, 0.5, 1.0]
[315, 315, 315, 315, 50, 0.5, 1.0]
[315, 315, 315, 315, 50, 0.5, 1.0]
[315, 315, 315, 315, 50, 0.5, 1.0]
[315, 315, 315, 315, 50, 0.5, 1.0]
[315, 315, 315, 315, 50, 0.5, 1.0]
[315, 315, 315, 315, 50, 0.5, 1.0]
[315, 315, 315, 315, 50, 0.5, 1.0]
[315, 315, 315, 315, 50, 0.5, 1.0]
[315, 315, 315, 315, 50, 0.5, 1.0]
[315, 315, 315, 315, 50, 0.5, 1.0]
[315, 315, 315, 315, 50, 0.5, 1.0]
[315, 315, 315, 315, 50, 0.5, 1.0]
[315, 315, 315, 315, 50, 0.5, 1.0]
[315, 315, 315, 315, 50, 0.5, 1.0]
[315, 315, 315, 315, 50, 0.5, 1.0]
[315, 315, 315, 315, 50, 0.5, 1.0]
[315, 315, 315, 315, 50, 0.5, 1.0]
[315, 315, 315, 315, 50, 0.5, 1.0]
[315, 315, 315, 315, 50, 0.5, 1.0]
[315, 315, 315, 315, 50, 0.5, 1.0]
[315, 315, 315, 315, 50, 0.5, 1.0]
[315, 315, 315, 315, 50, 0.5, 1.0]
[315, 315, 315, 315, 50, 0.5, 1.0]
[315, 315, 315, 315, 50, 0.5, 1.0]
[315, 315, 315, 315, 50, 0.5, 1.0]
[315, 315, 315, 315, 50, 0.5, 1.0]
[315, 315, 315, 315, 50, 0.5, 1.0]
[315, 315, 315, 315, 50, 0.5, 1.0]
[315, 315, 315, 315, 50, 0.5, 1.0]
[315, 315, 315, 315, 50, 0.5, 1.0]
[315, 315, 315, 315, 50, 0.5, 1.0]
[315, 315, 315, 315, 50, 0.5, 1.0]
[315, 315, 315, 315, 50, 0.5, 1.0]
[315, 315, 315, 315, 50, 0.5, 1.0]
[315, 315, 315, 315, 50, 0.5, 1.0]
[315, 315, 315, 315, 50, 0.5, 1.0]
[315, 315, 315, 315, 50, 0.5, 1.0]
[315, 315, 315, 315, 50, 0.5, 1.0]
[315, 315, 315, 315, 50, 0.5, 1.0]
[315, 315, 315, 315, 50, 0.5, 1.0]
[315, 315, 315, 315, 50, 0.5, 1.0]
[315, 315, 315, 315, 50, 0.5, 1.0]
[315, 315, 315, 315, 50, 0.5, 1.0]
[315, 315, 315, 315, 50, 0.5, 1.0]
[315, 315, 315, 315, 50, 0.5, 1.0]
[315, 315, 315, 315, 50, 0.5, 1.0]
[315, 315, 315, 315, 50, 0.5, 1.0]
[315, 315, 315, 315, 50, 0.5, 1.0]
[315, 315, 315, 315, 50, 0.5, 1.0]
[315, 315, 315, 315, 50, 0.5, 1.0]
[315, 315, 315, 315, 50, 0.5, 1.0]
[315, 315, 315, 315, 50, 0.5, 1.0]
[315, 315, 315, 315, 50, 0.5, 1.0]
[315, 315, 315, 315, 50, 0.5, 1.0]
[315, 315, 315, 315, 50, 0.5, 1.0]
[315, 315, 315, 315, 50, 0.5, 1.0]
[315, 315, 315, 315, 50, 0.5, 1.0]
[315, 315, 315, 315, 50, 0.5, 1.0]
[315, 315, 315, 315, 50, 0.5, 1.0]
[315, 315, 315, 315, 50, 0.5, 1.0]
[315, 315, 315, 315, 50, 0.5, 1.0]
[315, 315, 315, 315, 50, 0.5, 1.0]
[315, 315, 315, 315, 50, 0.5, 1.0]
[315, 315, 315, 315, 50, 0.5, 1.0]
[315, 315, 315, 315, 50, 0.5, 1.0]
[315, 315, 315, 315, 50, 0.5, 1.0]
[315, 315, 315, 315, 50, 0.5, 1.0]
[315, 315, 315, 315, 50, 0.5, 1.0]
[315, 315, 315, 315, 50, 0.5, 1.0]
[315, 315, 315, 315, 50, 0.5, 1.0]
[315, 315, 315, 315, 50, 0.5, 1.0]
[315, 315, 315, 315, 50, 0.5, 1.0]
[315, 315, 315, 315, 50, 0.5, 1.0]
[315, 315, 315, 315, 50, 0.5, 1.0]
[315, 315, 315, 315, 50, 0.5, 1.0]
[315, 315, 315, 315, 50, 0.5, 1.0]
[315, 315, 315, 315, 50, 0.5, 1.0]
[315, 315, 315, 315, 50, 0.5, 1.0]
[315, 315, 315, 315, 50, 0.5, 1.0]
[315, 315, 315, 315, 50, 0.5, 1.0]
[315, 315, 315, 315, 50, 0.5, 1.0]
[315, 315, 315, 315, 50, 0.5, 1.0]
[315, 315, 315, 315, 50, 0.5, 1.0]
[315, 315, 315, 315, 50, 0.5, 1.0]
[315, 315, 315, 315, 50, 0.5, 1.0]
[315, 315, 315, 315, 50, 0.5, 1.0]
[315, 315, 315, 315, 50, 0.5, 1.0]
[315, 315, 315, 315, 50, 0.5, 1.0]
[315, 315, 315, 315, 50, 0.5, 1.0]
[315, 315, 315, 315, 50, 0.5, 1.0]
[315, 315, 315, 315, 50, 0.5, 1.0]
[315, 315, 315, 315, 50, 0.5, 1.0]
[315, 315, 315, 315, 50, 0.5, 1.0]
[315, 315, 315, 315, 50, 0.5, 1.0]
[315, 315, 315, 315, 50, 0.5, 1.0]
[315, 315, 315, 315, 50, 0.5, 1.0]
[315, 315, 315, 315, 50, 0.5, 1.0]
[315, 315, 315, 315, 50, 0.5, 1.0]
[315, 315, 315, 315, 50, 0.5, 1.0]
[315, 315, 315, 315, 50, 0.5, 1.0]
[315, 315, 315, 315, 50, 0.5, 1.0]
[315, 315, 315, 315, 50, 0.5, 1.0]
[315, 315, 315, 315, 50, 0.5, 1.0]
[315, 315, 315, 315, 50, 0.5, 1.0]
[315, 315, 315, 315, 50, 0.5, 1.0]
[315, 315, 315, 315, 50, 0.5, 1.0]
[315, 315, 315, 315, 50, 0.5, 1.0]
[315, 315, 315, 315, 50, 0.5, 1.0]
[315, 315, 315, 315, 50, 0.5, 1.0]
[315, 315, 315, 315, 50, 0.5, 1.0]
[315, 315, 315, 315, 50, 0.5, 1.0]
[315, 315, 315, 315, 50, 0.5, 1.0]
[315, 315, 315, 315, 50, 0.5, 1.0]
[315, 315, 315, 315, 50, 0.5, 1.0]
[315, 315, 315, 315, 50, 0.5, 1.0]
[315, 315, 315, 315, 50, 0.5, 1.0]
[315, 315, 315, 315, 50, 0.5, 1.0]
[315, 315, 315, 315, 50, 0.5, 1.0]
[315, 315, 315, 315, 50, 0.5, 1.0]
[315, 315, 315, 315, 50, 0.5, 1.0]
[315, 315, 315, 315, 50, 0.5, 1.0]
[315, 315, 315, 315, 50, 0.5, 1.0]
[315, 315, 315, 315, 50, 0.5, 1.0]
[315, 315, 315, 315, 50, 0.5, 1.0]
[315, 315, 315, 315, 50, 0.5, 1.0]
[315, 315, 315, 315, 50, 0.5, 1.0]
[315, 315, 315, 315, 50, 0.5, 1.0]
[315, 315, 315, 315, 50, 0.5, 1.0]
[315, 315, 315, 315, 50, 0.5, 1.0]
[315, 315, 315, 315, 50, 0.5, 1.0]
[315, 315, 315, 315, 50, 0.5, 1.0]
[315, 315, 315, 315, 50, 0.5, 1.0]
[315, 315, 315, 315, 50, 0.5, 1.0]
[315, 315, 315, 315, 50, 0.5, 1.0]
[315, 315, 315, 315, 50, 0.5, 1.0]
[315, 315, 315, 315, 50, 0.5, 1.0]
[315, 315, 315, 315, 50, 0.5, 1.0]
[315, 315, 315, 315, 50, 0.5, 1.0]
[315, 315, 315, 315, 50, 0.5, 1.0]
[315, 315, 315, 315, 50, 0.5, 1.0]
[315, 315, 315, 315, 50, 0.5, 1.0]
[315, 315, 315, 315, 50, 0.5, 1.0]
[315, 315, 315, 315, 50, 0.5, 1.0]
[315, 315, 315, 315, 50, 0.5, 1.0]
[315, 315, 315, 315, 50, 0.5, 1.0]
[315, 315, 315, 315, 50, 0.5, 1.0]
[315, 315, 315, 315, 50, 0.5, 1.0]
[315, 315, 315, 315, 50, 0.5, 1.0]
[315, 315, 315, 315, 50, 0.5, 1.0]
[315, 315, 315, 315, 50, 0.5, 1.0]
[315, 315, 315, 315, 50, 0.5, 1.0]
[315, 315, 315, 315, 50, 0.5, 1.0]
[315, 315, 315, 315, 50, 0.5, 1.0]
[315, 315, 315, 315, 50, 0.5, 1.0]
[315, 315, 315, 315, 50, 0.5, 1.0]
[315, 315, 315, 315, 50, 0.5, 1.0]
[315, 315, 315, 315, 50, 0.5, 1.0]
[315, 315, 315, 315, 50, 0.5, 1.0]
[315, 315, 315, 315, 50, 0.5, 1.0]
[315, 315, 315, 315, 50, 0.5, 1.0]
[315, 315, 315, 315, 50, 0.5, 1.0]
[315, 315, 313, 315, 50, 0.5, 1.0]
[315, 315, 308, 315, 50, 0.5, 1.0]
[315, 315, 304, 315, 50, 0.5, 1.0]
[315, 315, 299, 315, 50, 0.5, 1.0]
[315, 315, 294, 315, 50, 0.5, 1.0]
[315, 315, 290, 315, 50, 0.5, 1.0]
[315, 315, 285, 315, 50, 0.5, 1.0]
[315, 315, 280, 315, 50, 0.5, 1.0]
[315, 315, 276, 315, 50, 0.5, 1.0]
[315, 315, 271, 315, 50, 0.5, 1.0]
[315, 315, 266, 315, 50, 0.5, 1.0]
[315, 315, 262, 315, 50, 0.5, 1.0]
[315, 315, 257, 315, 50, 0.5, 1.0]
[315, 315, 253, 315, 50, 0.5, 1.0]
[315, 315, 248, 315, 50, 0.5, 1.0]
[315, 315, 244, 315, 50, 0.5, 1.0]
[315, 315, 239, 315, 50, 0.5, 1.0]
[315, 315, 235, 315, 50, 0.5, 1.0]
[315, 315, 230, 315, 50, 0.5, 1.0]
[315, 315, 226, 315, 50, 0.5, 1.0]
[315, 315, 221, 315, 50, 0.5, 1.0]
[315, 315, 217, 315, 50, 0.5, 1.0]
[315, 315, 213, 315, 50, 0.5, 1.0]
[315, 315, 208, 315, 50, 0.5, 1.0]
[315, 315, 204, 315, 50, 0.5, 1.0]
[315, 315, 200, 315, 50, 0.5, 1.0]
[315, 315, 196, 315, 50, 0.5, 1.0]
[315, 315, 191, 315, 50, 0.5, 1.0]
[315, 315, 187, 315, 50, 0.5, 1.0]
[315, 315, 183, 315, 50, 0.5, 1.0]
[315, 315, 179, 315, 50, 0.5, 1.0]
[315, 315, 175, 315, 50, 0.5, 1.0]
[315, 315, 171, 315, 50, 0.5, 1.0]
[315, 315, 167, 315, 50, 0.5, 1.0]
[315, 315, 163, 315, 50, 0.5, 1.0]
[315, 315, 160, 315, 50, 0.5, 1.0]
[315, 315, 156, 315, 50, 0.5, 1.0]
[315, 315, 152, 315, 50, 0.5, 1.0]
[315, 315, 149, 315, 50, 0.5, 1.0]
[315, 315, 145, 315, 50, 0.5, 1.0]
[315, 315, 142, 315, 50, 0.5, 1.0]
[315, 315, 139, 315, 50, 0.5, 1.0]
[315, 315, 135, 315, 50, 0.5, 1.0]
[315, 315, 128, 315, 50, 0.5, 1.0]
[315, 315, 121, 315, 50, 0.5, 1.0]
[315, 315, 114, 315, 50, 0.5, 1.0]
[315, 315, 107, 315, 50, 0.5, 1.0]
[315, 315, 103, 315, 50, 0.5, 1.0]
[315, 315, 100, 315, 50, 0.5, 1.0]
[315, 315, 96, 315, 50, 0.5, 1.0]
[315, 315, 92, 315, 50, 0.5, 1.0]
[315, 315, 89, 315, 50, 0.5, 1.0]
[315, 315, 85, 315, 50, 0.5, 1.0]
[315, 315, 82, 315, 50, 0.5, 1.0]
[315, 315, 79, 315, 50, 0.5, 1.0]
[315, 315, 76, 315, 50, 0.5, 1.0]
[315, 315, 74, 315, 50, 0.5, 1.0]
[315, 315, 72, 315, 50, 0.5, 1.0]
[315, 315, 70, 315, 50, 0.5, 1.0]
[315, 315, 68, 315, 50, 0.5, 1.0]
[315, 315, 68, 315, 50, 0.5, 1.0]
[315, 315, 68, 315, 50, 0.5, 1.0]
[315, 315, 68, 315, 50, 0.5, 1.0]
[315, 315, 68, 315, 50, 0.5, 1.0]
[315, 315, 68, 315, 50, 0.5, 1.0]
[315, 315, 68, 315, 50, 0.5, 1.0]
[315, 315, 68, 315, 50, 0.5, 1.0]
[315, 315, 68, 315, 50, 0.5, 1.0]
[315, 315, 68, 315, 50, 0.5, 1.0]
[315, 315, 63, 315, 50, 0.5, 1.0]
[315, 315, 58, 315, 50, 0.5, 1.0]
[315, 315, 54, 315, 50, 0.5, 1.0]
[315, 315, 49, 315, 50, 0.5, 1.0]
[315, 315, 45, 315, 50, 0.5, 1.0]
[315, 315, 40, 315, 50, 0.5, 1.0]
[315, 315, 36, 315, 50, 0.5, 1.0]
[315, 315, 32, 315, 50, 0.5, 1.0]
[315, 315, 29, 315, 50, 0.5, 1.0]
[315, 315, 25, 315, 50, 0.5, 1.0]
[315, 315, 23, 315, 50, 0.5, 1.0]
[315, 315, 21, 315, 50, 0.5, 1.0]
[315, 315, 21, 315, 50, 0.5, 1.0]
[315, 315, 21, 315, 50, 0.5, 1.0]
[315, 315, 23, 315, 50, 0.5, 1.0]
[315, 315, 25, 315, 50, 0.5, 1.0]
[315, 315, 29, 315, 50, 0.5, 1.0]
[315, 315, 25, 315, 50, 0.5, 1.0]
[315, 315, 315, 315, 50, 1.0, 1.0]
[315, 315, 315, 315, 50, 1.0, 1.0]
[315, 315, 315, 315, 50, 1.0, 1.0]
[315, 315, 315, 315, 50, 1.0, 1.0]
[315, 315, 315, 315, 50, 1.0, 1.0]
[315, 315, 315, 315, 50, 1.0, 1.0]
[315, 315, 315, 315, 50, 1.0, 1.0]
[315, 315, 315, 315, 50, 1.0, 1.0]
[315, 315, 315, 315, 50, 1.0, 1.0]
[315, 315, 315, 315, 50, 1.0, 1.0]
[315, 315, 315, 315, 50, 1.0, 1.0]
[315, 315, 315, 315, 50, 1.0, 1.0]
[315, 315, 315, 315, 50, 1.0, 1.0]
[315, 315, 315, 315, 50, 1.0, 1.0]
[315, 315, 315, 315, 50, 1.0, 1.0]
[315, 315, 315, 315, 50, 1.0, 1.0]
[315, 315, 315, 315, 50, 1.0, 1.0]
[315, 315, 315, 315, 50, 1.0, 1.0]
[315, 315, 315, 315, 50, 1.0, 1.0]
[315, 315, 315, 315, 50, 1.0, 1.0]
[315, 315, 315, 315, 50, 1.0, 1.0]
[315, 315, 315, 315, 50, 1.0, 1.0]
[315, 315, 315, 315, 50, 1.0, 1.0]
[315, 315, 315, 315, 50, 1.0, 1.0]
[315, 315, 315, 315, 50, 1.0, 1.0]
[315, 315, 315, 315, 50, 1.0, 1.0]
[315, 315, 315, 315, 50, 1.0, 1.0]
[315, 315, 315, 315, 50, 1.0, 1.0]
[315, 315, 315, 315, 50, 1.0, 1.0]
[315, 315, 315, 315, 50, 1.0, 1.0]
[315, 315, 315, 315, 50, 1.0, 1.0]
[315, 315, 315, 315, 50, 1.0, 1.0]
[315, 315, 315, 315, 50, 1.0, 1.0]
[315, 315, 315, 315, 50, 1.0, 1.0]
[315, 315, 315, 315, 50, 1.0, 1.0]
[315, 315, 315, 315, 50, 1.0, 1.0]
[315, 315, 315, 315, 50, 1.0, 1.0]
[315, 315, 315, 315, 50, 1.0, 1.0]
[315, 315, 315, 315, 50, 1.0, 1.0]
[315, 315, 315, 315, 50, 1.0, 1.0]
[315, 315, 315, 315, 50, 1.0, 1.0]
[315, 315, 315, 315, 50, 1.0, 1.0]
[315, 315, 315, 315, 50, 1.0, 1.0]
[315, 315, 315, 315, 50, 1.0, 1.0]
[315, 315, 315, 315, 50, 1.0, 1.0]
[315, 315, 315, 315, 50, 1.0, 1.0]
[315, 315, 315, 315, 50, 1.0, 1.0]
[315, 315, 315, 315, 50, 1.0, 1.0]
[315, 315, 315, 315, 50, 1.0, 1.0]
[315, 315, 315, 315, 50, 1.0, 1.0]
[315, 315, 315, 315, 50, 1.0, 1.0]
[315, 315, 315, 315, 50, 1.0, 1.0]
[315, 315, 315, 315, 50, 1.0, 1.0]
[315, 315, 315, 315, 50, 1.0, 1.0]
[315, 315, 315, 315, 50, 1.0, 1.0]
[315, 315, 315, 315, 50, 1.0, 1.0]
[315, 315, 315, 315, 50, 1.0, 1.0]
[315, 315, 315, 315, 50, 1.0, 1.0]
[315, 315, 315, 315, 50, 1.0, 1.0]
[315, 315, 315, 315, 50, 1.0, 1.0]
[315, 315, 315, 315, 50, 1.0, 1.0]
[315, 315, 315, 315, 50, 1.0, 1.0]
[315, 315, 315, 315, 50, 1.0, 1.0]
[315, 315, 315, 315, 50, 1.0, 1.0]
[315, 315, 315, 315, 50, 1.0, 1.0]
[315, 315, 315, 315, 50, 1.0, 1.0]
[315, 315, 315, 315, 50, 1.0, 1.0]
[315, 315, 315, 315, 50, 1.0, 1.0]
[315, 315, 315, 315, 50, 1.0, 1.0]
[315, 315, 315, 315, 50, 1.0, 1.0]
[315, 315, 315, 315, 50, 1.0, 1.0]
[315, 315, 315, 315, 50, 1.0, 1.0]
[315, 315, 315, 315, 50, 1.0, 1.0]
[315, 315, 315, 315, 50, 1.0, 1.0]
[315, 315, 315, 315, 50, 1.0, 1.0]
[315, 315, 315, 315, 50, 1.0, 1.0]
[315, 315, 315, 315, 50, 1.0, 1.0]
[315, 315, 315, 315, 50, 1.0, 1.0]
[315, 315, 315, 315, 50, 1.0, 1.0]
[315, 315, 315, 315, 50, 1.0, 1.0]
[315, 315, 315, 315, 50, 1.0, 1.0]
[315, 315, 315, 315, 50, 1.0, 1.0]
[315, 315, 315, 315, 50, 1.0, 1.0]
[315, 315, 315, 315, 50, 1.0, 1.0]
[315, 315, 315, 315, 50, 1.0, 1.0]
[315, 315, 315, 315, 50, 1.0, 1.0]
[315, 315, 315, 315, 50, 1.0, 1.0]
[315, 315, 315, 315, 50, 1.0, 1.0]
[315, 315, 315, 315, 50, 1.0, 1.0]
[315, 315, 315, 315, 50, 1.0, 1.0]
[315, 315, 315, 315, 50, 1.0, 1.0]
[315, 315, 315, 315, 50, 1.0, 1.0]
[315, 315, 315, 315, 50, 1.0, 1.0]
[315, 315, 315, 315, 50, 1.0, 1.0]
[315, 315, 315, 315, 50, 1.0, 1.0]
[315, 315, 315, 315, 50, 1.0, 1.0]
[315, 315, 315, 315, 50, 1.0, 1.0]
[315, 315, 315, 315, 50, 1.0, 1.0]
[315, 315, 315, 315, 50, 1.0, 1.0]
[315, 315, 315, 315, 50, 1.0, 1.0]
[315, 315, 315, 315, 50, 1.0, 1.0]
[315, 315, 315, 315, 50, 1.0, 1.0]
[315, 315, 315, 315, 50, 1.0, 1.0]
[315, 315, 315, 315, 50, 1.0, 1.0]
[315, 315, 315, 315, 50, 1.0, 1.0]
[315, 315, 315, 315, 50, 1.0, 1.0]
[315, 315, 315, 315, 50, 1.0, 1.0]
[315, 315, 315, 315, 50, 1.0, 1.0]
[315, 315, 315, 315, 50, 1.0, 1.0]
[315, 315, 315, 315, 50, 1.0, 1.0]
[315, 315, 315, 315, 50, 1.0, 1.0]
[315, 315, 315, 315, 50, 1.0, 1.0]
[315, 315, 315, 315, 50, 1.0, 1.0]
[315, 315, 315, 315, 50, 1.0, 1.0]
[315, 315, 315, 315, 50, 1.0, 1.0]
[315, 315, 315, 315, 50, 1.0, 1.0]
[315, 315, 315, 315, 50, 1.0, 1.0]
[315, 315, 315, 315, 50, 1.0, 1.0]
[315, 315, 315, 315, 50, 1.0, 1.0]
[315, 315, 315, 315, 50, 1.0, 1.0]
[315, 315, 315, 315, 50, 1.0, 1.0]
[315, 315, 315, 315, 50, 1.0, 1.0]
[315, 315, 315, 315, 50, 1.0, 1.0]
[315, 315, 315, 315, 50, 1.0, 1.0]
[315, 315, 315, 315, 50, 1.0, 1.0]
[315, 315, 315, 315, 50, 1.0, 1.0]
[315, 315, 315, 315, 50, 1.0, 1.0]
[315, 315, 315, 315, 50, 1.0, 1.0]
[315, 315, 315, 315, 50, 1.0, 1.0]
[315, 315, 315, 315, 50, 1.0, 1.0]
[315, 315, 315, 315, 50, 1.0, 1.0]
[315, 315, 315, 315, 50, 1.0, 1.0]
[315, 315, 315, 315, 50, 1.0, 1.0]
[315, 315, 315, 315, 50, 1.0, 1.0]
[315, 315, 315, 315, 50, 1.0, 1.0]
[315, 315, 315, 315, 50, 1.0, 1.0]
[315, 315, 315, 315, 50, 1.0, 1.0]
[315, 315, 315, 315, 50, 1.0, 1.0]
[315, 315, 315, 315, 50, 1.0, 1.0]
[315, 315, 315, 315, 50, 1.0, 1.0]
[315, 315, 315, 315, 50, 1.0, 1.0]
[315, 315, 315, 315, 50, 1.0, 1.0]
[315, 315, 315, 315, 50, 1.0, 1.0]
[315, 315, 315, 315, 50, 1.0, 1.0]
[315, 315, 315, 315, 50, 1.0, 1.0]
[315, 315, 315, 315, 50, 1.0, 1.0]
[315, 315, 315, 315, 50, 1.0, 1.0]
[315, 315, 315, 315, 50, 1.0, 1.0]
[315, 315, 315, 315, 50, 1.0, 1.0]
[315, 315, 315, 315, 50, 1.0, 1.0]
[315, 315, 315, 315, 50, 1.0, 1.0]
[314, 315, 315, 315, 50, 1.0, 1.0]
[309, 315, 315, 315, 50, 1.0, 1.0]
[304, 315, 315, 315, 50, 1.0, 1.0]
[299, 315, 315, 315, 50, 1.0, 1.0]
[294, 315, 315, 315, 50, 1.0, 1.0]
[289, 315, 315, 315, 50, 1.0, 1.0]
[285, 315, 315, 315, 50, 1.0, 1.0]
[280, 315, 315, 315, 50, 1.0, 1.0]
[275, 315, 315, 315, 50, 1.0, 1.0]
[270, 315, 315, 315, 50, 1.0, 1.0]
[265, 315, 315, 315, 50, 1.0, 1.0]
[261, 315, 315, 315, 50, 1.0, 1.0]
[256, 315, 315, 315, 50, 1.0, 1.0]
[251, 315, 315, 315, 50, 1.0, 1.0]
[246, 315, 315, 315, 50, 1.0, 1.0]
[241, 315, 315, 315, 50, 1.0, 1.0]
[237, 315, 315, 315, 50, 1.0, 1.0]
[232, 315, 315, 315, 50, 1.0, 1.0]
[227, 315, 315, 315, 50, 1.0, 1.0]
[222, 315, 315, 315, 50, 1.0, 1.0]
[218, 315, 315, 315, 50, 1.0, 1.0]
[213, 315, 315, 315, 50, 1.0, 1.0]
[208, 315, 315, 315, 50, 1.0, 1.0]
[204, 315, 315, 315, 50, 1.0, 1.0]
[199, 315, 315, 315, 50, 1.0, 1.0]
[195, 315, 315, 315, 50, 1.0, 1.0]
[190, 315, 315, 315, 50, 1.0, 1.0]
[185, 315, 315, 315, 50, 1.0, 1.0]
[181, 315, 315, 315, 50, 1.0, 1.0]
[176, 315, 315, 315, 50, 1.0, 1.0]
[172, 315, 315, 315, 50, 1.0, 1.0]
[167, 315, 315, 315, 50, 1.0, 1.0]
[163, 315, 315, 315, 50, 1.0, 1.0]
[158, 315, 315, 315, 50, 1.0, 1.0]
[154, 315, 315, 315, 50, 1.0, 1.0]
[150, 315, 315, 315, 50, 1.0, 1.0]
[145, 315, 315, 315, 50, 1.0, 1.0]
[141, 315, 315, 315, 50, 1.0, 1.0]
[137, 315, 315, 315, 50, 1.0, 1.0]
[133, 315, 315, 315, 50, 1.0, 1.0]
[129, 315, 315, 315, 50, 1.0, 1.0]
[125, 315, 315, 315, 50, 1.0, 1.0]
[121, 315, 315, 315, 50, 1.0, 1.0]
[117, 315, 315, 315, 50, 1.0, 1.0]
[113, 315, 315, 315, 50, 1.0, 1.0]
[109, 315, 315, 315, 50, 1.0, 1.0]
[106, 315, 315, 315, 50, 1.0, 1.0]
[102, 315, 315, 315, 50, 1.0, 1.0]
[99, 315, 315, 315, 50, 1.0, 1.0]
[96, 315, 315, 315, 50, 1.0, 1.0]
[93, 315, 315, 315, 50, 1.0, 1.0]
[90, 315, 315, 315, 50, 1.0, 1.0]
[87, 315, 315, 315, 50, 1.0, 1.0]
[85, 315, 315, 315, 50, 1.0, 1.0]
[82, 315, 315, 315, 50, 1.0, 1.0]
[80, 315, 315, 315, 50, 1.0, 1.0]
[79, 315, 315, 315, 50, 1.0, 1.0]
[74, 315, 315, 315, 50, 1.0, 1.0]
[69, 315, 315, 315, 50, 1.0, 1.0]
[65, 315, 315, 315, 50, 1.0, 1.0]
[60, 315, 315, 315, 50, 1.0, 1.0]
[55, 315, 315, 315, 50, 1.0, 1.0]
[55, 315, 315, 315, 50, 1.0, 1.0]
[55, 315, 315, 315, 50, 1.0, 1.0]
[55, 315, 315, 315, 50, 1.0, 1.0]
[55, 315, 315, 315, 50, 1.0, 1.0]
[55, 315, 315, 315, 50, 1.0, 1.0]
[55, 315, 315, 315, 50, 1.0, 1.0]
[55, 315, 315, 315, 50, 1.0, 1.0]
[55, 315, 315, 315, 50, 1.0, 1.0]
[55, 315, 315, 315, 50, 1.0, 1.0]
[55, 315, 315, 315, 50, 1.0, 1.0]
[55, 315, 315, 315, 50, 1.0, 1.0]
[55, 315, 315, 315, 50, 1.0, 1.0]
[55, 315, 315, 315, 50, 1.0, 1.0]
[53, 315, 315, 315, 50, 1.0, 1.0]
[52, 315, 315, 315, 50, 1.0, 1.0]
[50, 315, 315, 315, 50, 1.0, 1.0]
[50, 315, 315, 315, 50, 1.0, 1.0]
[50, 315, 315, 315, 50, 1.0, 1.0]
[50, 315, 315, 315, 50, 1.0, 1.0]
[50, 315, 315, 315, 50, 1.0, 1.0]
[50, 315, 315, 315, 50, 1.0, 1.0]
[50, 315, 315, 315, 50, 1.0, 1.0]
[50, 315, 315, 315, 50, 1.0, 1.0]
[50, 315, 315, 315, 50, 1.0, 1.0]
[50, 315, 315, 315, 50, 1.0, 1.0]
[50, 315, 315, 315, 50, 1.0, 1.0]
[46, 315, 315, 315, 50, 1.0, 1.0]
[41, 315, 315, 315, 50, 1.0, 1.0]
[36, 315, 315, 315, 50, 1.0, 1.0]
[31, 315, 315, 315, 50, 1.0, 1.0]
