[315, 315, 315, 315, 100, 0.0, 0.0]
[315, 315, 315, 315, 100, 0.0, 0.0]
[315, 315, 315, 315, 100, 0.0, 0.0]
[315, 315, 315, 315, 100, 0.0, 0.0]
[315, 315, 315, 315, 100, 0.0, 0.0]
[315, 315, 315, 315, 100, 0.0, 0.0]
[315, 315, 315, 315, 100, 0.0, 0.0]
[315, 315, 315, 315, 100, 0.0, 0.0]
[315, 315, 315, 315, 100, 0.0, 0.0]
[315, 315, 315, 315, 100, 0.0, 0.0]
[315, 315, 315, 315, 100, 0.0, 0.0]
[315, 315, 315, 315, 100, 0.0, 0.0]
[315, 315, 315, 315, 100, 0.0, 0.0]
[315, 315, 315, 315, 100, 0.0, 0.0]
[315, 315, 315, 315, 100, 0.0, 0.0]
[315, 315, 315, 315, 100, 0.0, 0.0]
[315, 315, 315, 315, 100, 0.0, 0.0]
[315, 315, 315, 315, 100, 0.0, 0.0]
[315, 315, 315, 315, 100, 0.0, 0.0]
[315, 315, 315, 315, 100, 0.0, 0.0]
[315, 315, 315, 315, 100, 0.0, 0.0]
[315, 315, 315, 315, 100, 0.0, 0.0]
[315, 315, 315, 315, 100, 0.0, 0.0]
[315, 315, 315, 315, 100, 0.0, 0.0]
[315, 315, 315, 315, 100, 0.0, 0.0]
[315, 315, 315, 315, 100, 0.0, 0.0]
[315, 315, 315, 315, 100, 0.0, 0.0]
[315, 315, 315, 315, 100, 0.0, 0.0]
[315, 315, 315, 315, 100, 0.0, 0.0]
[315, 315, 315, 315, 100, 0.0, 0.0]
[315, 315, 315, 315, 100, 0.0, 0.0]
[315, 315, 315, 315, 100, 0.0, 0.0]
[315, 315, 315, 315, 100, 0.0, 0.0]
[315, 315, 315, 315, 100, 0.0, 0.0]
[315, 315, 315, 315, 100, 0.0, 0.0]
[315, 315, 315, 315, 100, 0.0, 0.0]
[315, 315, 315, 315, 100, 0.0, 0.0]
[315, 315, 315, 315, 100, 0.0, 0.0]
[315, 315, 315, 315, 100, 0.0, 0.0]
[315, 315, 315, 315, 100, 0.0, 0.0]
[315, 315, 315, 315, 100, 0.0, 0.0]
[315, 315, 315, 315, 100, 0.0, 0.0]
[315, 315, 315, 315, 100, 0.0, 0.0]
[315, 315, 315, 315, 100, 0.0, 0.0]
[315, 315, 315, 315, 100, 0.0, 0.0]
[315, 315, 315, 315, 100, 0.0, 0.0]
[315, 315, 315, 315, 100, 0.0, 0.0]
[315, 315, 315, 315, 100, 0.0, 0.0]
[315, 315, 315, 315, 100, 0.0, 0.0]
[315, 315, 315, 315, 100, 0.0, 0.0]
[315, 315, 315, 315, 100, 0.0, 0.0]
[315, 315, 315, 315, 100, 0.0, 0.0]
[315, 315, 315, 315, 100, 0.0, 0.0]
[315, 315, 315, 315, 100, 0.0, 0.0]
[315, 315, 315, 315, 100, 0.0, 0.0]
[315, 315, 315, 315, 100, 0.0, 0.0]
[315, 315, 315, 315, 100, 0.0, 0.0]
[315, 315, 315, 315, 100, 0.0, 0.0]
[315, 315, 315, 315, 100, 0.0, 0.0]
[315, 315, 315, 315, 100, 0.0, 0.0]
[315, 315, 315, 315, 100, 0.0, 0.0]
[315, 315, 315, 315, 100, 0.0, 0.0]
[315, 315, 315, 315, 100, 0.0, 0.0]
[315, 315, 315, 315, 100, 0.0, 0.0]
[315, 315, 315, 315, 100, 0.0, 0.0]
[315, 315, 315, 315, 100, 0.0, 0.0]
[315, 315, 315, 315, 100, 0.0, 0.0]
[315, 315, 315, 315, 100, 0.0, 0.0]
[315, 315, 315, 315, 100, 0.0, 0.0]
[315, 315, 315, 315, 100, 0.0, 0.0]
[315, 315, 315, 315, 100, 0.0, 0.0]
[315, 315, 315, 315, 100, 0.0, 0.0]
[315, 315, 315, 315, 100, 0.0, 0.0]
[315, 315, 315, 315, 100, 0.0, 0.0]
[315, 315, 315, 315, 100, 0.0, 0.0]
[315, 315, 315, 315, 100, 0.0, 0.0]
[315, 315, 315, 315, 100, 0.0, 0.0]
[315, 315, 315, 315, 100, 0.0, 0.0]
[315, 315, 315, 315, 100, 0.0, 0.0]
[315, 315, 315, 315, 100, 0.0, 0.0]
[315, 315, 315, 315, 100, 0.0, 0.0]
[315, 315, 315, 315, 100, 0.0, 0.0]
[315, 315, 315, 315, 100, 0.0, 0.0]
[315, 315, 315, 315, 100, 0.0, 0.0]
[315, 315, 315, 315, 100, 0.0, 0.0]
[315, 315, 315, 315, 100, 0.0, 0.0]
[315, 315, 315, 315, 100, 0.0, 0.0]
[315, 315, 315, 315, 100, 0.0, 0.0]
[315, 315, 315, 315, 100, 0.0, 0.0]
[315, 315, 315, 315, 100, 0.0, 0.0]
[315, 315, 315, 315, 100, 0.0, 0.0]
[315, 315, 315, 315, 100, 0.0, 0.0]
[315, 315, 315, 315, 100, 0.0, 0.0]
[315, 315, 315, 315, 100, 0.0, 0.0]
[315, 315, 315, 315, 100, 0.0, 0.0]
[315, 315, 315, 315, 100, 0.0, 0.0]
[315, 315, 315, 315, 100, 0.0, 0.0]
[315, 315, 315, 315, 100, 0.0, 0.0]
[315, 315, 315, 315, 100, 0.0, 0.0]
[315, 315, 315, 315, 100, 0.0, 0.0]
[315, 315, 315, 315, 100, 0.0, 0.0]
[315, 315, 315, 315, 100, 0.0, 0.0]
[315, 315, 315, 310, 100, 0.0, 0.0]
[315, 315, 315, 305, 100, 0.0, 0.0]
[315, 315, 315, 300, 100, 0.0, 0.0]
[315, 315, 315, 295, 100, 0.0, 0.0]
[315, 315, 315, 290, 100, 0.0, 0.0]
[315, 315, 315, 285, 100, 0.0, 0.0]
[315, 315, 315, 280, 100, 0.0, 0.0]
[315, 315, 315, 275, 100, 0.0, 0.0]
[315, 315, 315, 270, 100, 0.0, 0.0]
[315, 315, 315, 265, 100, 0.0, 0.0]
[315, 312, 315, 260, 100, 0.0, 0.0]
[315, 308, 315, 255, 100, 0.0, 0.0]
[315, 304, 315, 250, 100, 0.0, 0.0]
[315, 300, 315, 245, 100, 0.0, 0.0]
[315, 296, 315, 240, 100, 0.0, 0.0]
[315, 292, 315, 235, 100, 0.0, 0.0]
[315, 288, 315, 230, 100, 0.0, 0.0]
[315, 284, 315, 225, 100, 0.0, 0.0]
[315, 280, 315, 220, 100, 0.0, 0.0]
[315, 276, 315, 215, 100, 0.0, 0.0]
[315, 272, 315, 210, 100, 0.0, 0.0]
[315, 269, 315, 205, 100, 0.0, 0.0]
[315, 265, 315, 200, 100, 0.0, 0.0]
[315, 261, 315, 195, 100, 0.0, 0.0]
[315, 258, 315, 190, 100, 0.0, 0.0]
[315, 254, 315, 185, 100, 0.0, 0.0]
[315, 251, 315, 180, 100, 0.0, 0.0]
[315, 247, 315, 175, 100, 0.0, 0.0]
[315, 244, 315, 170, 100, 0.0, 0.0]
[315, 240, 315, 165, 100, 0.0, 0.0]
[315, 237, 315, 160, 100, 0.0, 0.0]
[315, 234, 315, 155, 100, 0.0, 0.0]
[315, 231, 315, 150, 100, 0.0, 0.0]
[315, 228, 315, 145, 100, 0.0, 0.0]
[315, 225, 315, 140, 100, 0.0, 0.0]
[315, 222, 315, 135, 100, 0.0, 0.0]
[315, 219, 315, 130, 100, 0.0, 0.0]
[315, 216, 315, 125, 100, 0.0, 0.0]
[315, 213, 315, 120, 100, 0.0, 0.0]
[315, 210, 315, 115, 100, 0.0, 0.0]
[315, 208, 315, 110, 100, 0.0, 0.0]
[315, 205, 315, 105, 100, 0.0, 0.0]
[315, 203, 315, 100, 100, 0.0, 0.0]
[315, 201, 315, 95, 100, 0.0, 0.0]
[315, 199, 315, 90, 100, 0.0, 0.0]
[315, 195, 315, 85, 100, 0.0, 0.0]
[315, 192, 315, 80, 100, 0.0, 0.0]
[315, 189, 315, 75, 100, 0.0, 0.0]
[315, 186, 315, 70, 100, 0.0, 0.0]
[315, 184, 315, 65, 100, 0.0, 0.0]
[315, 181, 315, 60, 100, 0.0, 0.0]
[315, 179, 315, 55, 100, 0.0, 0.0]
[315, 177, 315, 50, 100, 0.0, 0.0]
[315, 174, 315, 45, 100, 0.0, 0.0]
[315, 172, 315, 40, 100, 0.0, 0.0]
[315, 170, 315, 35, 100, 0.0, 0.0]
[315, 169, 315, 30, 100, 0.0, 0.0]
[315, 167, 315, 315, 100, 0.0, 0.0]
[315, 166, 315, 315, 100, 0.0, 0.0]
[315, 165, 315, 315, 100, 0.0, 0.0]
[315, 164, 315, 315, 100, 0.0, 0.0]
[315, 163, 315, 315, 100, 0.0, 0.0]
[315, 162, 315, 315, 100, 0.0, 0.0]
[315, 161, 315, 315, 100, 0.0, 0.0]
[315, 160, 315, 315, 100, 0.0, 0.0]
[315, 159, 315, 315, 100, 0.0, 0.0]
[315, 158, 315, 315, 100, 0.0, 0.0]
[315, 157, 315, 315, 100, 0.0, 0.0]
[315, 156, 315, 315, 100, 0.0, 0.0]
[315, 155, 315, 315, 100, 0.0, 0.0]
[315, 154, 315, 315, 100, 0.0, 0.0]
[315, 153, 315, 315, 100, 0.0, 0.0]
[315, 152, 315, 315, 100, 0.0, 0.0]
[315, 151, 315, 315, 100, 0.0, 0.0]
[315, 150, 315, 315, 100, 0.0, 0.0]
[315, 149, 315, 315, 100, 0.0, 0.0]
[315, 148, 315, 315, 100, 0.0, 0.0]
[315, 147, 315, 315, 100, 0.0, 0.0]
[315, 147, 315, 315, 100, 0.0, 0.0]
[315, 146, 315, 315, 100, 0.0, 0.0]
[315, 146, 315, 315, 100, 0.0, 0.0]
[315, 146, 315, 315, 100, 0.0, 0.0]
[315, 146, 315, 315, 100, 0.0, 0.0]
[315, 147, 315, 315, 100, 0.0, 0.0]
[315, 148, 315, 315, 100, 0.0, 0.0]
[315, 148, 315, 315, 100, 0.0, 0.0]
[315, 149, 315, 315, 100, 0.0, 0.0]
[315, 150, 315, 315, 100, 0.0, 0.0]
[315, 151, 315, 315, 100, 0.0, 0.0]
[315, 153, 315, 315, 100, 0.0, 0.0]
[315, 154, 315, 315, 100, 0.0, 0.0]
[315, 149, 315, 315, 100, 0.0, 0.0]
[315, 143, 315, 315, 100, 0.0, 0.0]
[315, 138, 315, 315, 100, 0.0, 0.0]
[315, 132, 315, 315, 100, 0.0, 0.0]
[315, 127, 315, 315, 100, 0.0, 0.0]
[315, 123, 315, 315, 100, 0.0, 0.0]
[315, 118, 315, 315, 100, 0.0, 0.0]
[315, 113, 315, 315, 100, 0.0, 0.0]
[315, 107, 315, 315, 100, 0.0, 0.0]
[315, 104, 315, 315, 100, 0.0, 0.0]
[315, 99, 315, 315, 100, 0.0, 0.0]
[315, 94, 315, 315, 100, 0.0, 0.0]
[315, 90, 315, 315, 100, 0.0, 0.0]
[315, 86, 315, 315, 100, 0.0, 0.0]
[315, 82, 315, 315, 100, 0.0, 0.0]
[315, 77, 315, 315, 100, 0.0, 0.0]
[315, 73, 315, 315, 100, 0.0, 0.0]
[315, 71, 315, 315, 100, 0.0, 0.0]
[315, 68, 315, 315, 100, 0.0, 0.0]
[315, 65, 315, 315, 100, 0.0, 0.0]
[315, 63, 315, 315, 100, 0.0, 0.0]
[315, 61, 315, 315, 100, 0.0, 0.0]
[315, 59, 315, 315, 100, 0.0, 0.0]
[315, 58, 315, 315, 100, 0.0, 0.0]
[315, 57, 315, 315, 100, 0.0, 0.0]
[315, 56, 315, 315, 100, 0.0, 0.0]
[315, 56, 315, 315, 100, 0.0, 0.0]
[315, 56, 315, 315, 100, 0.0, 0.0]
[315, 57, 315, 315, 100, 0.0, 0.0]
[315, 59, 315, 315, 100, 0.0, 0.0]
[315, 60, 315, 315, 100, 0.0, 0.0]
[315, 61, 315, 315, 100, 0.0, 0.0]
[315, 64, 315, 315, 100, 0.0, 0.0]
[315, 66, 315, 315, 100, 0.0, 0.0]
[315, 68, 315, 315, 100, 0.0, 0.0]
[315, 71, 315, 315, 100, 0.0, 0.0]
[315, 74, 315, 315, 100, 0.0, 0.0]
[315, 77, 315, 315, 100, 0.0, 0.0]
[315, 80, 315, 315, 100, 0.0, 0.0]
[315, 83, 315, 315, 100, 0.0, 0.0]
[315, 86, 315, 315, 100, 0.0, 0.0]
[315, 89, 315, 315, 100, 0.0, 0.0]
[315, 92, 315, 315, 100, 0.0, 0.0]
[315, 96, 315, 315, 100, 0.0, 0.0]
[315, 100, 315, 315, 100, 0.0, 0.0]
[315, 101, 315, 315, 100, 0.0, 0.0]
[315, 104, 315, 315, 100, 0.0, 0.0]
[315, 106, 315, 315, 100, 0.0, 0.0]
[315, 109, 315, 315, 100, 0.0, 0.0]
[315, 112, 315, 315, 100, 0.0, 0.0]
[315, 115, 315, 315, 100, 0.0, 0.0]
[315, 119, 315, 315, 100, 0.0, 0.0]
[315, 123, 315, 315, 100, 0.0, 0.0]
[315, 126, 315, 315, 100, 0.0, 0.0]
[315, 130, 315, 315, 100, 0.0, 0.0]
[315, 134, 315, 315, 100, 0.0, 0.0]
[315, 139, 315, 315, 100, 0.0, 0.0]
[315, 143, 310, 315, 100, 0.0, 0.0]
[315, 148, 305, 315, 100, 0.0, 0.0]
[315, 146, 305, 315, 100, 0.0, 0.0]
[315, 145, 305, 315, 100, 0.0, 0.0]
[315, 143, 305, 315, 100, 0.0, 0.0]
[315, 142, 305, 315, 100, 0.0, 0.0]
[315, 141, 306, 315, 100, 0.0, 0.0]
[315, 140, 306, 315, 100, 0.0, 0.0]
[315, 139, 307, 315, 100, 0.0, 0.0]
[315, 138, 307, 315, 100, 0.0, 0.0]
[315, 138, 308, 315, 100, 0.0, 0.0]
[315, 137, 309, 315, 100, 0.0, 0.0]
[315, 137, 310, 315, 100, 0.0, 0.0]
[315, 137, 311, 315, 100, 0.0, 0.0]
[315, 137, 312, 315, 100, 0.0, 0.0]
[315, 138, 313, 315, 100, 0.0, 0.0]
[315, 136, 312, 315, 100, 0.0, 0.0]
[315, 134, 311, 315, 100, 0.0, 0.0]
[315, 132, 310, 315, 100, 0.0, 0.0]
[315, 130, 309, 315, 100, 0.0, 0.0]
[315, 128, 308, 315, 100, 0.0, 0.0]
[315, 127, 307, 315, 100, 0.0, 0.0]
[315, 126, 307, 315, 100, 0.0, 0.0]
[315, 125, 306, 315, 100, 0.0, 0.0]
[315, 124, 306, 315, 100, 0.0, 0.0]
[315, 123, 305, 315, 100, 0.0, 0.0]
[315, 122, 305, 315, 100, 0.0, 0.0]
[315, 122, 305, 315, 100, 0.0, 0.0]
[315, 122, 305, 315, 100, 0.0, 0.0]
[315, 122, 305, 315, 100, 0.0, 0.0]
[315, 122, 305, 315, 100, 0.0, 0.0]
[315, 123, 305, 315, 100, 0.0, 0.0]
[315, 123, 305, 315, 100, 0.0, 0.0]
[315, 122, 305, 315, 100, 0.0, 0.0]
[315, 121, 305, 315, 100, 0.0, 0.0]
[315, 118, 305, 315, 100, 0.0, 0.0]
[315, 116, 305, 315, 100, 0.0, 0.0]
[315, 114, 305, 315, 100, 0.0, 0.0]
[315, 113, 305, 315, 100, 0.0, 0.0]
[315, 112, 305, 315, 100, 0.0, 0.0]
[315, 111, 305, 315, 100, 0.0, 0.0]
[315, 110, 305, 315, 100, 0.0, 0.0]
[315, 109, 305, 315, 100, 0.0, 0.0]
[315, 107, 305, 315, 100, 0.0, 0.0]
[315, 106, 305, 315, 100, 0.0, 0.0]
[315, 105, 305, 315, 100, 0.0, 0.0]
[315, 105, 305, 315, 100, 0.0, 0.0]
[315, 102, 305, 315, 100, 0.0, 0.0]
[315, 101, 305, 315, 100, 0.0, 0.0]
[315, 100, 305, 315, 100, 0.0, 0.0]
[315, 99, 305, 315, 100, 0.0, 0.0]
[315, 99, 305, 315, 100, 0.0, 0.0]
[315, 99, 305, 315, 100, 0.0, 0.0]
[315, 100, 305, 315, 100, 0.0, 0.0]
[315, 100, 305, 315, 100, 0.0, 0.0]
[315, 101, 305, 315, 100, 0.0, 0.0]
[315, 100, 305, 315, 100, 0.0, 0.0]
[315, 99, 305, 315, 100, 0.0, 0.0]
[315, 97, 305, 315, 100, 0.0, 0.0]
[315, 96, 305, 315, 100, 0.0, 0.0]
[315, 96, 305, 315, 100, 0.0, 0.0]
[315, 94, 305, 315, 100, 0.0, 0.0]
[315, 93, 305, 315, 100, 0.0, 0.0]
[315, 92, 305, 315, 100, 0.0, 0.0]
[315, 91, 305, 315, 100, 0.0, 0.0]
[315, 90, 305, 315, 100, 0.0, 0.0]
[315, 90, 305, 315, 100, 0.0, 0.0]
[315, 93, 300, 315, 100, 0.0, 0.0]
[315, 97, 295, 315, 100, 0.0, 0.0]
[315, 101, 290, 315, 100, 0.0, 0.0]
[315, 104, 285, 315, 100, 0.0, 0.0]
[315, 108, 280, 315, 100, 0.0, 0.0]
[315, 112, 275, 315, 100, 0.0, 0.0]
[315, 116, 270, 315, 100, 0.0, 0.0]
[315, 120, 265, 315, 100, 0.0, 0.0]
[315, 123, 260, 315, 100, 0.0, 0.0]
[315, 127, 255, 315, 100, 0.0, 0.0]
[315, 131, 250, 315, 100, 0.0, 0.0]
[315, 135, 245, 315, 100, 0.0, 0.0]
[315, 139, 240, 315, 100, 0.0, 0.0]
[315, 142, 235, 315, 100, 0.0, 0.0]
[315, 146, 230, 315, 100, 0.0, 0.0]
[315, 150, 225, 315, 100, 0.0, 0.0]
[315, 149, 225, 315, 100, 0.0, 0.0]
[315, 148, 225, 315, 100, 0.0, 0.0]
[315, 147, 225, 315, 100, 0.0, 0.0]
[315, 146, 225, 315, 100, 0.0, 0.0]
[315, 145, 225, 315, 100, 0.0, 0.0]
[315, 144, 225, 315, 100, 0.0, 0.0]
[315, 143, 225, 315, 100, 0.0, 0.0]
[315, 142, 225, 315, 100, 0.0, 0.0]
[315, 141, 225, 315, 100, 0.0, 0.0]
[315, 140, 225, 315, 100, 0.0, 0.0]
[315, 139, 225, 315, 100, 0.0, 0.0]
[315, 143, 220, 315, 100, 0.0, 0.0]
[315, 147, 215, 315, 100, 0.0, 0.0]
[315, 151, 210, 315, 100, 0.0, 0.0]
[315, 155, 205, 315, 100, 0.0, 0.0]
[315, 159, 200, 315, 100, 0.0, 0.0]
[315, 163, 195, 315, 100, 0.0, 0.0]
[315, 167, 190, 315, 100, 0.0, 0.0]
[315, 170, 185, 315, 100, 0.0, 0.0]
[315, 174, 180, 315, 100, 0.0, 0.0]
[315, 178, 175, 315, 100, 0.0, 0.0]
[315, 182, 170, 315, 100, 0.0, 0.0]
[315, 186, 165, 315, 100, 0.0, 0.0]
[315, 190, 160, 315, 100, 0.0, 0.0]
[315, 194, 155, 315, 100, 0.0, 0.0]
[315, 198, 150, 315, 100, 0.0, 0.0]
[315, 202, 145, 315, 100, 0.0, 0.0]
[315, 207, 140, 315, 100, 0.0, 0.0]
[315, 212, 135, 315, 100, 0.0, 0.0]
[315, 217, 130, 315, 100, 0.0, 0.0]
[315, 222, 125, 315, 100, 0.0, 0.0]
[315, 227, 120, 315, 100, 0.0, 0.0]
[315, 232, 115, 315, 100, 0.0, 0.0]
[315, 237, 110, 315, 100, 0.0, 0.0]
[315, 242, 105, 315, 100, 0.0, 0.0]
[315, 247, 100, 315, 100, 0.0, 0.0]
[315, 252, 96, 315, 100, 0.0, 0.0]
[315, 252, 96, 315, 100, 0.0, 0.0]
[315, 252, 96, 315, 100, 0.0, 0.0]
[315, 252, 96, 315, 100, 0.0, 0.0]
[315, 252, 96, 315, 100, 0.0, 0.0]
[315, 257, 91, 315, 100, 0.0, 0.0]
[315, 262, 86, 315, 100, 0.0, 0.0]
[315, 267, 81, 315, 100, 0.0, 0.0]
[315, 272, 76, 315, 100, 0.0, 0.0]
[315, 277, 71, 315, 100, 0.0, 0.0]
[315, 282, 66, 315, 100, 0.0, 0.0]
[315, 286, 61, 315, 100, 0.0, 0.0]
[315, 290, 56, 315, 100, 0.0, 0.0]
[315, 295, 51, 315, 100, 0.0, 0.0]
[315, 300, 47, 315, 100, 0.0, 0.0]
[315, 305, 42, 315, 100, 0.0, 0.0]
[315, 310, 37, 315, 100, 0.0, 0.0]
[315, 315, 33, 315, 100, 0.0, 0.0]
[315, 315, 315, 315, 100, 0.5, 0.0]
[315, 315, 315, 315, 100, 0.5, 0.0]
[315, 315, 315, 315, 100, 0.5, 0.0]
[315, 315, 315, 315, 100, 0.5, 0.0]
[315, 315, 315, 315, 100, 0.5, 0.0]
[315, 315, 315, 315, 100, 0.5, 0.0]
[315, 315, 315, 315, 100, 0.5, 0.0]
[315, 315, 315, 315, 100, 0.5, 0.0]
[315, 315, 315, 315, 100, 0.5, 0.0]
[315, 315, 315, 315, 100, 0.5, 0.0]
[315, 315, 315, 315, 100, 0.5, 0.0]
[315, 315, 315, 315, 100, 0.5, 0.0]
[315, 315, 315, 315, 100, 0.5, 0.0]
[315, 315, 315, 315, 100, 0.5, 0.0]
[315, 315, 315, 315, 100, 0.5, 0.0]
[315, 313, 315, 315, 100, 0.5, 0.0]
[315, 308, 315, 315, 100, 0.5, 0.0]
[315, 309, 315, 315, 100, 0.5, 0.0]
[315, 310, 315, 315, 100, 0.5, 0.0]
[315, 311, 315, 315, 100, 0.5, 0.0]
[315, 312, 315, 315, 100, 0.5, 0.0]
[315, 313, 315, 315, 100, 0.5, 0.0]
[315, 315, 315, 315, 100, 0.5, 0.0]
[315, 315, 315, 315, 100, 0.5, 0.0]
[315, 315, 315, 315, 100, 0.5, 0.0]
[315, 315, 315, 315, 100, 0.5, 0.0]
[315, 315, 315, 315, 100, 0.5, 0.0]
[315, 315, 315, 315, 100, 0.5, 0.0]
[315, 315, 315, 315, 100, 0.5, 0.0]
[315, 315, 315, 315, 100, 0.5, 0.0]
[315, 315, 315, 315, 100, 0.5, 0.0]
[315, 315, 315, 315, 100, 0.5, 0.0]
[315, 315, 315, 315, 100, 0.5, 0.0]
[315, 315, 315, 315, 100, 0.5, 0.0]
[315, 315, 315, 315, 100, 0.5, 0.0]
[315, 313, 315, 315, 100, 0.5, 0.0]
[315, 312, 315, 315, 100, 0.5, 0.0]
[315, 311, 315, 315, 100, 0.5, 0.0]
[315, 310, 315, 315, 100, 0.5, 0.0]
[315, 309, 315, 315, 100, 0.5, 0.0]
[315, 308, 315, 315, 100, 0.5, 0.0]
[315, 308, 315, 315, 100, 0.5, 0.0]
[315, 307, 315, 315, 100, 0.5, 0.0]
[315, 306, 315, 315, 100, 0.5, 0.0]
[315, 306, 315, 315, 100, 0.5, 0.0]
[315, 305, 315, 315, 100, 0.5, 0.0]
[315, 305, 315, 315, 100, 0.5, 0.0]
[315, 305, 315, 315, 100, 0.5, 0.0]
[315, 305, 315, 315, 100, 0.5, 0.0]
[315, 305, 315, 315, 100, 0.5, 0.0]
[315, 305, 315, 315, 100, 0.5, 0.0]
[315, 305, 315, 315, 100, 0.5, 0.0]
[315, 305, 315, 315, 100, 0.5, 0.0]
[315, 305, 315, 315, 100, 0.5, 0.0]
[315, 305, 315, 315, 100, 0.5, 0.0]
[315, 305, 315, 315, 100, 0.5, 0.0]
[315, 305, 315, 315, 100, 0.5, 0.0]
[315, 305, 315, 315, 100, 0.5, 0.0]
[315, 305, 315, 315, 100, 0.5, 0.0]
[315, 305, 315, 315, 100, 0.5, 0.0]
[315, 305, 315, 315, 100, 0.5, 0.0]
[315, 305, 315, 315, 100, 0.5, 0.0]
[315, 305, 315, 315, 100, 0.5, 0.0]
[315, 305, 315, 315, 100, 0.5, 0.0]
[315, 305, 315, 315, 100, 0.5, 0.0]
[315, 305, 315, 315, 100, 0.5, 0.0]
[315, 305, 315, 315, 100, 0.5, 0.0]
[315, 305, 315, 315, 100, 0.5, 0.0]
[315, 305, 315, 315, 100, 0.5, 0.0]
[315, 305, 315, 315, 100, 0.5, 0.0]
[315, 306, 315, 315, 100, 0.5, 0.0]
[315, 306, 315, 315, 100, 0.5, 0.0]
[315, 306, 315, 315, 100, 0.5, 0.0]
[315, 306, 315, 315, 100, 0.5, 0.0]
[315, 306, 315, 315, 100, 0.5, 0.0]
[315, 306, 315, 315, 100, 0.5, 0.0]
[315, 306, 315, 315, 100, 0.5, 0.0]
[315, 306, 315, 315, 100, 0.5, 0.0]
[315, 306, 315, 315, 100, 0.5, 0.0]
[315, 305, 315, 315, 100, 0.5, 0.0]
[315, 305, 315, 315, 100, 0.5, 0.0]
[315, 305, 315, 315, 100, 0.5, 0.0]
[315, 305, 315, 315, 100, 0.5, 0.0]
[315, 305, 315, 315, 100, 0.5, 0.0]
[315, 305, 315, 315, 100, 0.5, 0.0]
[315, 305, 315, 315, 100, 0.5, 0.0]
[315, 305, 315, 315, 100, 0.5, 0.0]
[315, 305, 315, 315, 100, 0.5, 0.0]
[315, 305, 315, 315, 100, 0.5, 0.0]
[315, 305, 315, 315, 100, 0.5, 0.0]
[315, 305, 315, 315, 100, 0.5, 0.0]
[315, 305, 315, 315, 100, 0.5, 0.0]
[315, 305, 315, 315, 100, 0.5, 0.0]
[315, 305, 315, 315, 100, 0.5, 0.0]
[315, 305, 315, 315, 100, 0.5, 0.0]
[315, 305, 315, 315, 100, 0.5, 0.0]
[315, 305, 315, 315, 100, 0.5, 0.0]
[315, 305, 315, 315, 100, 0.5, 0.0]
[315, 305, 315, 315, 100, 0.5, 0.0]
[315, 305, 315, 315, 100, 0.5, 0.0]
[315, 305, 315, 315, 100, 0.5, 0.0]
[315, 305, 315, 315, 100, 0.5, 0.0]
[315, 305, 315, 315, 100, 0.5, 0.0]
[315, 305, 315, 315, 100, 0.5, 0.0]
[315, 305, 315, 315, 100, 0.5, 0.0]
[315, 300, 315, 315, 100, 0.5, 0.0]
[315, 295, 315, 315, 100, 0.5, 0.0]
[315, 290, 315, 315, 100, 0.5, 0.0]
[315, 285, 315, 315, 100, 0.5, 0.0]
[315, 281, 315, 315, 100, 0.5, 0.0]
[315, 276, 315, 315, 100, 0.5, 0.0]
[315, 271, 315, 315, 100, 0.5, 0.0]
[315, 266, 315, 315, 100, 0.5, 0.0]
[315, 261, 315, 315, 100, 0.5, 0.0]
[315, 256, 315, 315, 100, 0.5, 0.0]
[315, 251, 315, 315, 100, 0.5, 0.0]
[315, 246, 315, 315, 100, 0.5, 0.0]
[315, 241, 315, 315, 100, 0.5, 0.0]
[315, 236, 315, 315, 100, 0.5, 0.0]
[315, 231, 315, 315, 100, 0.5, 0.0]
[315, 226, 315, 315, 100, 0.5, 0.0]
[315, 221, 315, 315, 100, 0.5, 0.0]
[315, 216, 315, 315, 100, 0.5, 0.0]
[315, 211, 315, 315, 100, 0.5, 0.0]
[315, 206, 315, 315, 100, 0.5, 0.0]
[315, 201, 315, 315, 100, 0.5, 0.0]
[315, 196, 315, 315, 100, 0.5, 0.0]
[315, 190, 315, 315, 100, 0.5, 0.0]
[315, 184, 315, 315, 100, 0.5, 0.0]
[315, 178, 315, 315, 100, 0.5, 0.0]
[315, 172, 315, 315, 100, 0.5, 0.0]
[315, 166, 315, 315, 100, 0.5, 0.0]
[315, 160, 315, 315, 100, 0.5, 0.0]
[315, 154, 315, 315, 100, 0.5, 0.0]
[315, 148, 315, 315, 100, 0.5, 0.0]
[315, 142, 315, 315, 100, 0.5, 0.0]
[315, 136, 315, 315, 100, 0.5, 0.0]
[315, 130, 315, 315, 100, 0.5, 0.0]
[315, 124, 315, 315, 100, 0.5, 0.0]
[315, 118, 315, 315, 100, 0.5, 0.0]
[315, 112, 315, 315, 100, 0.5, 0.0]
[315, 111, 315, 315, 100, 0.5, 0.0]
[315, 110, 315, 315, 100, 0.5, 0.0]
[315, 109, 315, 315, 100, 0.5, 0.0]
[315, 108, 315, 315, 100, 0.5, 0.0]
[315, 107, 315, 315, 100, 0.5, 0.0]
[315, 106, 315, 315, 100, 0.5, 0.0]
[315, 105, 315, 315, 100, 0.5, 0.0]
[315, 104, 315, 315, 100, 0.5, 0.0]
[315, 103, 315, 315, 100, 0.5, 0.0]
[315, 102, 315, 315, 100, 0.5, 0.0]
[315, 101, 315, 315, 100, 0.5, 0.0]
[315, 100, 315, 315, 100, 0.5, 0.0]
[315, 94, 315, 315, 100, 0.5, 0.0]
[315, 88, 315, 315, 100, 0.5, 0.0]
[315, 82, 315, 315, 100, 0.5, 0.0]
[315, 77, 315, 315, 100, 0.5, 0.0]
[315, 71, 315, 315, 100, 0.5, 0.0]
[315, 65, 315, 315, 100, 0.5, 0.0]
[315, 77, 315, 315, 100, 0.5, 0.0]
[315, 71, 315, 315, 100, 0.5, 0.0]
[315, 65, 315, 315, 100, 0.5, 0.0]
[315, 59, 315, 315, 100, 0.5, 0.0]
[315, 53, 315, 315, 100, 0.5, 0.0]
[315, 47, 315, 315, 100, 0.5, 0.0]
[315, 49, 315, 315, 95, 0.5, 0.0]
[315, 50, 315, 315, 90, 0.5, 0.0]
[315, 51, 315, 315, 85, 0.5, 0.0]
[315, 72, 315, 315, 80, 0.5, 0.0]
[315, 67, 315, 315, 80, 0.5, 0.0]
[315, 61, 315, 315, 80, 0.5, 0.0]
[315, 56, 315, 315, 80, 0.5, 0.0]
[315, 50, 315, 315, 80, 0.5, 0.0]
[315, 51, 315, 315, 75, 0.5, 0.0]
[315, 53, 315, 315, 70, 0.5, 0.0]
[315, 55, 315, 315, 65, 0.5, 0.0]
[315, 57, 315, 315, 60, 0.5, 0.0]
[315, 52, 315, 315, 60, 0.5, 0.0]
[315, 47, 315, 315, 60, 0.5, 0.0]
[315, 50, 315, 315, 55, 0.5, 0.0]
[315, 46, 315, 315, 55, 0.5, 0.0]
[315, 42, 315, 315, 55, 0.5, 0.0]
[315, 37, 315, 315, 55, 0.5, 0.0]
[315, 34, 315, 315, 55, 0.5, 0.0]
[315, 31, 315, 315, 55, 0.5, 0.0]
[315, 37, 315, 315, 50, 0.5, 0.0]
[315, 36, 315, 315, 50, 0.5, 0.0]
[315, 35, 315, 315, 50, 0.5, 0.0]
[315, 35, 315, 315, 50, 0.5, 0.0]
[315, 35, 315, 315, 50, 0.5, 0.0]
[315, 36, 315, 315, 50, 0.5, 0.0]
[315, 38, 315, 315, 50, 0.5, 0.0]
[315, 40, 315, 315, 50, 0.5, 0.0]
[315, 42, 315, 315, 50, 0.5, 0.0]
[315, 45, 315, 315, 50, 0.5, 0.0]
[315, 48, 315, 315, 50, 0.5, 0.0]
[315, 51, 315, 315, 50, 0.5, 0.0]
[315, 55, 315, 315, 50, 0.5, 0.0]
[315, 58, 315, 315, 50, 0.5, 0.0]
[315, 61, 315, 315, 50, 0.5, 0.0]
[315, 65, 315, 315, 50, 0.5, 0.0]
[315, 68, 315, 315, 50, 0.5, 0.0]
[315, 72, 315, 315, 50, 0.5, 0.0]
[315, 75, 315, 315, 50, 0.5, 0.0]
[315, 79, 315, 315, 50, 0.5, 0.0]
[315, 78, 315, 315, 50, 0.5, 0.0]
[315, 77, 315, 315, 50, 0.5, 0.0]
[315, 75, 315, 315, 50, 0.5, 0.0]
[315, 73, 315, 315, 50, 0.5, 0.0]
[315, 71, 315, 315, 50, 0.5, 0.0]
[315, 70, 315, 315, 50, 0.5, 0.0]
[315, 69, 315, 315, 50, 0.5, 0.0]
[315, 68, 315, 315, 50, 0.5, 0.0]
[315, 68, 315, 315, 50, 0.5, 0.0]
[315, 68, 315, 315, 50, 0.5, 0.0]
[315, 68, 315, 315, 50, 0.5, 0.0]
[315, 69, 315, 315, 50, 0.5, 0.0]
[315, 69, 315, 315, 50, 0.5, 0.0]
[315, 71, 315, 315, 50, 0.5, 0.0]
[315, 69, 315, 315, 50, 0.5, 0.0]
[315, 73, 315, 315, 50, 0.5, 0.0]
[315, 76, 315, 315, 50, 0.5, 0.0]
[315, 80, 315, 315, 50, 0.5, 0.0]
[315, 83, 315, 315, 50, 0.5, 0.0]
[315, 87, 315, 315, 50, 0.5, 0.0]
[315, 90, 315, 315, 50, 0.5, 0.0]
[315, 94, 315, 315, 50, 0.5, 0.0]
[315, 98, 315, 315, 50, 0.5, 0.0]
[315, 101, 315, 315, 50, 0.5, 0.0]
[315, 105, 315, 315, 50, 0.5, 0.0]
[315, 109, 315, 315, 50, 0.5, 0.0]
[315, 113, 315, 315, 50, 0.5, 0.0]
[315, 116, 315, 315, 50, 0.5, 0.0]
[315, 120, 315, 315, 50, 0.5, 0.0]
[315, 124, 315, 315, 50, 0.5, 0.0]
[315, 128, 315, 315, 50, 0.5, 0.0]
[315, 132, 315, 315, 50, 0.5, 0.0]
[315, 136, 315, 315, 50, 0.5, 0.0]
[315, 139, 315, 315, 50, 0.5, 0.0]
[315, 138, 315, 315, 50, 0.5, 0.0]
[315, 137, 315, 315, 50, 0.5, 0.0]
[315, 136, 315, 315, 50, 0.5, 0.0]
[315, 135, 315, 315, 50, 0.5, 0.0]
[315, 135, 315, 315, 50, 0.5, 0.0]
[315, 136, 315, 315, 50, 0.5, 0.0]
[315, 136, 315, 315, 50, 0.5, 0.0]
[315, 136, 315, 315, 50, 0.5, 0.0]
[315, 137, 315, 315, 50, 0.5, 0.0]
[315, 138, 315, 315, 50, 0.5, 0.0]
[315, 139, 315, 315, 50, 0.5, 0.0]
[315, 141, 315, 315, 50, 0.5, 0.0]
[315, 142, 315, 315, 50, 0.5, 0.0]
[315, 144, 315, 315, 50, 0.5, 0.0]
[315, 145, 315, 315, 50, 0.5, 0.0]
[315, 147, 315, 315, 50, 0.5, 0.0]
[315, 149, 315, 315, 50, 0.5, 0.0]
[315, 150, 315, 315, 50, 0.5, 0.0]
[315, 153, 315, 315, 50, 0.5, 0.0]
[315, 155, 315, 315, 50, 0.5, 0.0]
[315, 157, 315, 315, 50, 0.5, 0.0]
[315, 159, 315, 315, 50, 0.5, 0.0]
[315, 162, 315, 315, 50, 0.5, 0.0]
[315, 164, 315, 315, 50, 0.5, 0.0]
[315, 167, 315, 315, 50, 0.5, 0.0]
[315, 169, 315, 315, 50, 0.5, 0.0]
[315, 172, 315, 315, 50, 0.5, 0.0]
[315, 175, 315, 315, 50, 0.5, 0.0]
[315, 178, 315, 315, 50, 0.5, 0.0]
[315, 181, 315, 315, 50, 0.5, 0.0]
[315, 184, 315, 315, 50, 0.5, 0.0]
[315, 187, 315, 315, 50, 0.5, 0.0]
[315, 190, 315, 315, 50, 0.5, 0.0]
[315, 192, 315, 315, 50, 0.5, 0.0]
[315, 196, 315, 315, 50, 0.5, 0.0]
[315, 199, 315, 315, 50, 0.5, 0.0]
[315, 203, 315, 315, 50, 0.5, 0.0]
[315, 207, 315, 315, 50, 0.5, 0.0]
[315, 211, 315, 315, 50, 0.5, 0.0]
[315, 215, 315, 315, 50, 0.5, 0.0]
[315, 220, 315, 315, 50, 0.5, 0.0]
[315, 224, 315, 315, 50, 0.5, 0.0]
[315, 229, 315, 315, 50, 0.5, 0.0]
[315, 233, 315, 315, 50, 0.5, 0.0]
[315, 237, 315, 315, 50, 0.5, 0.0]
[315, 242, 315, 315, 50, 0.5, 0.0]
[315, 246, 315, 315, 50, 0.5, 0.0]
[315, 251, 315, 315, 50, 0.5, 0.0]
[315, 255, 315, 315, 50, 0.5, 0.0]
[315, 260, 315, 315, 50, 0.5, 0.0]
[315, 265, 315, 315, 50, 0.5, 0.0]
[315, 269, 315, 315, 50, 0.5, 0.0]
[315, 274, 315, 315, 50, 0.5, 0.0]
[315, 278, 315, 315, 50, 0.5, 0.0]
[315, 283, 315, 315, 50, 0.5, 0.0]
[315, 288, 315, 315, 50, 0.5, 0.0]
[315, 292, 315, 315, 50, 0.5, 0.0]
[315, 297, 315, 315, 50, 0.5, 0.0]
[315, 301, 315, 315, 50, 0.5, 0.0]
[315, 305, 315, 315, 50, 0.5, 0.0]
[315, 310, 315, 315, 50, 0.5, 0.0]
[315, 315, 315, 315, 50, 0.5, 0.0]
[315, 315, 315, 315, 50, 0.5, 0.0]
[315, 315, 315, 315, 50, 0.5, 0.0]
[315, 315, 315, 315, 50, 0.5, 0.0]
[315, 315, 315, 315, 50, 0.5, 0.0]
[315, 315, 315, 315, 50, 0.5, 0.0]
[315, 315, 315, 315, 50, 0.5, 0.0]
[315, 315, 315, 315, 50, 0.5, 0.0]
[315, 315, 315, 315, 50, 0.5, 0.0]
[315, 315, 315, 315, 50, 0.5, 0.0]
[315, 315, 315, 315, 50, 0.5, 0.0]
[315, 315, 315, 315, 50, 0.5, 0.0]
[315, 315, 315, 315, 50, 0.5, 0.0]
[315, 315, 315, 315, 50, 0.5, 0.0]
[315, 315, 315, 315, 50, 0.5, 0.0]
[315, 315, 315, 315, 50, 0.5, 0.0]
[315, 315, 315, 315, 50, 0.5, 0.0]
[315, 315, 315, 315, 50, 0.5, 0.0]
[315, 315, 315, 315, 50, 0.5, 0.0]
[315, 315, 315, 315, 50, 0.5, 0.0]
[315, 315, 315, 315, 50, 0.5, 0.0]
[315, 315, 315, 315, 50, 0.5, 0.0]
[315, 315, 315, 315, 50, 0.5, 0.0]
[315, 315, 315, 315, 50, 0.5, 0.0]
[315, 315, 315, 315, 50, 0.5, 0.0]
[315, 315, 315, 315, 50, 0.5, 0.0]
[315, 315, 315, 315, 50, 0.5, 0.0]
[315, 315, 315, 315, 50, 0.5, 0.0]
[315, 315, 315, 315, 50, 0.5, 0.0]
[315, 315, 315, 315, 50, 0.5, 0.0]
[315, 315, 315, 315, 50, 0.5, 0.0]
[315, 315, 315, 315, 50, 0.5, 0.0]
[315, 315, 315, 315, 50, 0.5, 0.0]
[315, 315, 315, 315, 50, 0.5, 0.0]
[315, 315, 315, 315, 50, 0.5, 0.0]
[315, 315, 315, 315, 50, 0.5, 0.0]
[315, 315, 315, 315, 50, 0.5, 0.0]
[315, 315, 315, 315, 50, 0.5, 0.0]
[315, 315, 315, 315, 50, 0.5, 0.0]
[315, 315, 315, 315, 50, 0.5, 0.0]
[315, 315, 315, 315, 50, 0.5, 0.0]
[315, 315, 315, 315, 50, 0.5, 0.0]
[315, 315, 315, 315, 50, 0.5, 0.0]
[315, 315, 315, 315, 50, 0.5, 0.0]
[315, 315, 315, 315, 50, 0.5, 0.0]
[315, 315, 315, 315, 50, 0.5, 0.0]
[315, 315, 315, 315, 50, 0.5, 0.0]
[315, 315, 315, 315, 50, 0.5, 0.0]
[315, 315, 315, 315, 50, 0.5, 0.0]
[315, 315, 315, 315, 50, 0.5, 0.0]
[315, 315, 315, 315, 50, 0.5, 0.0]
[315, 315, 315, 315, 50, 0.5, 0.0]
[315, 315, 315, 315, 50, 0.5, 0.0]
[315, 315, 315, 315, 50, 0.5, 0.0]
[315, 315, 315, 315, 50, 0.5, 0.0]
[315, 315, 315, 315, 50, 0.5, 0.0]
[315, 315, 315, 315, 50, 0.5, 0.0]
[315, 315, 315, 315, 50, 0.5, 0.0]
[315, 315, 315, 315, 50, 0.5, 0.0]
[315, 315, 315, 315, 50, 0.5, 0.0]
[315, 315, 315, 315, 50, 0.5, 0.0]
[315, 315, 315, 315, 50, 0.5, 0.0]
[315, 315, 315, 315, 50, 0.5, 0.0]
[315, 315, 315, 315, 50, 0.5, 0.0]
[315, 315, 315, 315, 50, 0.5, 0.0]
[315, 315, 315, 315, 50, 0.5, 0.0]
[315, 315, 315, 315, 50, 0.5, 0.0]
[315, 315, 315, 315, 50, 0.5, 0.0]
[315, 315, 315, 315, 50, 0.5, 0.0]
[315, 315, 315, 315, 50, 0.5, 0.0]
[315, 315, 315, 315, 50, 0.5, 0.0]
[315, 315, 315, 315, 50, 0.5, 0.0]
[315, 315, 315, 315, 50, 0.5, 0.0]
[315, 315, 315, 315, 50, 0.5, 0.0]
[315, 315, 315, 315, 50, 0.5, 0.0]
[315, 315, 315, 315, 50, 0.5, 0.0]
[315, 315, 315, 315, 50, 0.5, 0.0]
[315, 315, 315, 315, 50, 0.5, 0.0]
[315, 315, 315, 315, 50, 0.5, 0.0]
[315, 315, 315, 315, 50, 0.5, 0.0]
[315, 315, 315, 315, 50, 0.5, 0.0]
[315, 315, 315, 315, 50, 0.5, 0.0]
[315, 315, 315, 315, 50, 0.5, 0.0]
[315, 315, 315, 315, 50, 0.5, 0.0]
[315, 315, 315, 315, 50, 0.5, 0.0]
[315, 315, 315, 315, 50, 0.5, 0.0]
[315, 315, 315, 315, 50, 0.5, 0.0]
[315, 315, 315, 315, 50, 0.5, 0.0]
[315, 315, 315, 315, 50, 0.5, 0.0]
[315, 315, 315, 315, 50, 0.5, 0.0]
[315, 315, 315, 315, 50, 0.5, 0.0]
[315, 315, 315, 315, 50, 0.5, 0.0]
[315, 315, 315, 315, 50, 0.5, 0.0]
[315, 315, 315, 315, 50, 0.5, 0.0]
[315, 315, 315, 315, 50, 0.5, 0.0]
[315, 315, 315, 315, 50, 0.5, 0.0]
[315, 315, 315, 315, 50, 0.5, 0.0]
[315, 315, 315, 315, 50, 0.5, 0.0]
[315, 315, 315, 315, 50, 0.5, 0.0]
[315, 315, 315, 315, 50, 0.5, 0.0]
[315, 315, 315, 315, 50, 0.5, 0.0]
[315, 315, 315, 315, 50, 0.5, 0.0]
[315, 315, 315, 315, 50, 0.5, 0.0]
[315, 315, 315, 315, 50, 0.5, 0.0]
[315, 315, 315, 315, 50, 0.5, 0.0]
[315, 315, 315, 315, 50, 0.5, 0.0]
[315, 315, 315, 315, 50, 0.5, 0.0]
[315, 315, 315, 315, 50, 0.5, 0.0]
[315, 315, 315, 315, 50, 0.5, 0.0]
[315, 315, 315, 315, 50, 0.5, 0.0]
[315, 315, 315, 315, 50, 0.5, 0.0]
[315, 315, 315, 315, 50, 0.5, 0.0]
[315, 315, 315, 315, 50, 0.5, 0.0]
[315, 315, 315, 315, 50, 0.5, 0.0]
[315, 315, 315, 315, 50, 0.5, 0.0]
[315, 315, 315, 315, 50, 0.5, 0.0]
[315, 315, 315, 315, 50, 0.5, 0.0]
[315, 315, 315, 315, 50, 0.5, 0.0]
[315, 315, 315, 315, 50, 0.5, 0.0]
[315, 315, 315, 315, 50, 0.5, 0.0]
[315, 315, 315, 315, 50, 0.5, 0.0]
[315, 315, 315, 315, 50, 0.5, 0.0]
[315, 315, 315, 315, 50, 0.5, 0.0]
[315, 315, 315, 315, 50, 0.5, 0.0]
[315, 315, 315, 315, 50, 0.5, 0.0]
[315, 315, 315, 315, 50, 0.5, 0.0]
[315, 315, 315, 315, 50, 0.5, 0.0]
[315, 315, 315, 315, 50, 0.5, 0.0]
[315, 315, 315, 315, 50, 0.5, 0.0]
[315, 315, 315, 315, 50, 0.5, 0.0]
[315, 315, 315, 315, 50, 0.5, 0.0]
[315, 315, 315, 315, 50, 0.5, 0.0]
[315, 315, 315, 315, 50, 0.5, 0.0]
[315, 315, 315, 315, 50, 0.5, 0.0]
[315, 315, 315, 315, 50, 0.5, 0.0]
[315, 315, 315, 315, 50, 0.5, 0.0]
[315, 315, 315, 315, 50, 0.5, 0.0]
[315, 315, 315, 315, 50, 0.5, 0.0]
[315, 315, 315, 315, 50, 0.5, 0.0]
[315, 315, 315, 315, 50, 0.5, 0.0]
[315, 315, 315, 315, 50, 0.5, 0.0]
[315, 315, 315, 315, 50, 0.5, 0.0]
[315, 315, 315, 315, 50, 0.5, 0.0]
[315, 315, 315, 315, 50, 0.5, 0.0]
[315, 315, 315, 315, 50, 0.5, 0.0]
[315, 315, 315, 315, 50, 0.5, 0.0]
[315, 315, 315, 315, 50, 0.5, 0.0]
[315, 315, 315, 315, 50, 0.5, 0.0]
[315, 315, 315, 315, 50, 0.5, 0.0]
[315, 315, 315, 315, 50, 0.5, 0.0]
[315, 315, 315, 315, 50, 0.5, 0.0]
[315, 315, 315, 315, 50, 0.5, 0.0]
[315, 315, 315, 315, 50, 0.5, 0.0]
[315, 315, 315, 315, 50, 0.5, 0.0]
[315, 315, 315, 315, 50, 0.5, 0.0]
[315, 315, 315, 315, 50, 0.5, 0.0]
[315, 315, 315, 315, 50, 0.5, 0.0]
[315, 315, 315, 315, 50, 0.5, 0.0]
[315, 315, 315, 315, 50, 0.5, 0.0]
[315, 315, 315, 315, 50, 0.5, 0.0]
[315, 315, 315, 315, 50, 0.5, 0.0]
[315, 315, 315, 315, 50, 0.5, 0.0]
[315, 315, 315, 315, 50, 0.5, 0.0]
[315, 315, 315, 315, 50, 0.5, 0.0]
[315, 315, 315, 315, 50, 0.5, 0.0]
[315, 315, 315, 315, 50, 0.5, 0.0]
[315, 315, 315, 315, 50, 0.5, 0.0]
[315, 315, 315, 315, 50, 0.5, 0.0]
[315, 315, 315, 315, 50, 0.5, 0.0]
[315, 315, 315, 315, 50, 0.5, 0.0]
[315, 315, 315, 315, 50, 0.5, 0.0]
[315, 315, 315, 315, 50, 0.5, 0.0]
[315, 315, 315, 315, 50, 0.5, 0.0]
[315, 315, 315, 315, 50, 0.5, 0.0]
[315, 315, 315, 315, 50, 0.5, 0.0]
[315, 315, 315, 315, 50, 0.5, 0.0]
[315, 315, 315, 315, 50, 0.5, 0.0]
[315, 315, 315, 315, 50, 0.5, 0.0]
[315, 315, 315, 315, 50, 0.5, 0.0]
[315, 315, 315, 315, 50, 0.5, 0.0]
[315, 315, 315, 315, 50, 0.5, 0.0]
[315, 315, 315, 315, 50, 0.5, 0.0]
[315, 315, 315, 315, 50, 0.5, 0.0]
[315, 315, 315, 315, 50, 0.5, 0.0]
[315, 315, 315, 315, 50, 0.5, 0.0]
[315, 315, 315, 315, 50, 0.5, 0.0]
[315, 315, 315, 315, 50, 0.5, 0.0]
[315, 315, 315, 315, 50, 0.5, 0.0]
[315, 315, 315, 315, 50, 0.5, 0.0]
[315, 315, 315, 315, 50, 0.5, 0.0]
[315, 315, 315, 315, 50, 0.5, 0.0]
[315, 315, 315, 315, 50, 0.5, 0.0]
[315, 315, 315, 315, 50, 0.5, 0.0]
[315, 315, 315, 315, 50, 0.5, 0.0]
[315, 315, 315, 315, 50, 0.5, 0.0]
[315, 315, 315, 315, 50, 0.5, 0.0]
[315, 315, 315, 315, 50, 0.5, 0.0]
[315, 315, 315, 315, 50, 0.5, 0.0]
[315, 315, 315, 315, 50, 0.5, 0.0]
[315, 315, 315, 315, 50, 0.5, 0.0]
[315, 315, 315, 315, 50, 0.5, 0.0]
[315, 315, 315, 315, 50, 0.5, 0.0]
[315, 315, 315, 315, 50, 0.5, 0.0]
[315, 315, 315, 315, 50, 0.5, 0.0]
[315, 315, 315, 315, 50, 0.5, 0.0]
[315, 315, 315, 315, 50, 0.5, 0.0]
[315, 315, 315, 315, 50, 0.5, 0.0]
[315, 315, 315, 315, 50, 0.5, 0.0]
[315, 315, 315, 315, 50, 0.5, 0.0]
[315, 315, 315, 315, 50, 0.5, 0.0]
[315, 315, 315, 315, 50, 0.5, 0.0]
[315, 315, 315, 315, 50, 0.5, 0.0]
[315, 315, 315, 315, 50, 0.5, 0.0]
[315, 315, 315, 315, 50, 0.5, 0.0]
[315, 315, 315, 315, 50, 0.5, 0.0]
[315, 315, 315, 315, 50, 0.5, 0.0]
[315, 315, 315, 315, 50, 0.5, 0.0]
[315, 315, 315, 315, 50, 0.5, 0.0]
[315, 315, 315, 315, 50, 0.5, 0.0]
[315, 315, 315, 315, 50, 0.5, 0.0]
[315, 315, 315, 315, 50, 0.5, 0.0]
[315, 315, 315, 315, 50, 0.5, 0.0]
[315, 315, 315, 315, 50, 0.5, 0.0]
[315, 315, 315, 315, 50, 0.5, 0.0]
[315, 315, 315, 315, 50, 0.5, 0.0]
[315, 315, 315, 315, 50, 0.5, 0.0]
[315, 315, 315, 315, 50, 0.5, 0.0]
[315, 315, 315, 315, 50, 0.5, 0.0]
[315, 315, 315, 315, 50, 0.5, 0.0]
[315, 315, 315, 315, 50, 0.5, 0.0]
[315, 315, 315, 315, 50, 0.5, 0.0]
[315, 315, 315, 315, 50, 0.5, 0.0]
[315, 315, 315, 315, 50, 0.5, 0.0]
[315, 315, 315, 315, 50, 0.5, 0.0]
[315, 315, 315, 315, 50, 0.5, 0.0]
[315, 315, 315, 315, 50, 0.5, 0.0]
[315, 315, 315, 315, 50, 0.5, 0.0]
[315, 315, 315, 315, 50, 0.5, 0.0]
[315, 315, 315, 315, 50, 0.5, 0.0]
[315, 315, 315, 315, 50, 0.5, 0.0]
[315, 315, 315, 315, 50, 0.5, 0.0]
[315, 315, 315, 315, 50, 0.5, 0.0]
[315, 315, 315, 315, 50, 0.5, 0.0]
[315, 315, 315, 315, 50, 0.5, 0.0]
[315, 315, 315, 315, 50, 0.5, 0.0]
[315, 315, 315, 315, 50, 0.5, 0.0]
[315, 315, 315, 315, 50, 0.5, 0.0]
[315, 315, 315, 315, 50, 0.5, 0.0]
[315, 315, 315, 315, 50, 0.5, 0.0]
[315, 315, 315, 315, 50, 0.5, 0.0]
[315, 315, 315, 315, 50, 0.5, 0.0]
[315, 315, 315, 315, 50, 0.5, 0.0]
[315, 315, 315, 315, 50, 0.5, 0.0]
[315, 315, 315, 315, 50, 0.5, 0.0]
[315, 315, 315, 315, 50, 0.5, 0.0]
[315, 315, 315, 315, 50, 0.5, 0.0]
[315, 315, 315, 315, 50, 0.5, 0.0]
[315, 315, 315, 315, 50, 0.5, 0.0]
[315, 315, 315, 315, 50, 0.5, 0.0]
[315, 315, 315, 315, 50, 0.5, 0.0]
[315, 315, 315, 315, 50, 0.5, 0.0]
[315, 315, 315, 315, 50, 0.5, 0.0]
[315, 315, 315, 315, 50, 0.5, 0.0]
[315, 315, 315, 315, 50, 0.5, 0.0]
[315, 315, 315, 315, 50, 0.5, 0.0]
[315, 315, 315, 315, 50, 0.5, 0.0]
[315, 315, 315, 315, 50, 0.5, 0.0]
[315, 315, 315, 315, 50, 0.5, 0.0]
[315, 315, 315, 315, 50, 0.5, 0.0]
[315, 315, 315, 315, 50, 0.5, 0.0]
[315, 315, 315, 315, 50, 0.5, 0.0]
[315, 315, 315, 315, 50, 0.5, 0.0]
[315, 315, 315, 315, 50, 0.5, 0.0]
[315, 315, 315, 315, 50, 0.5, 0.0]
[315, 315, 315, 315, 50, 0.5, 0.0]
[315, 315, 315, 315, 50, 0.5, 0.0]
[315, 315, 315, 315, 50, 0.5, 0.0]
[315, 315, 315, 315, 50, 0.5, 0.0]
[315, 315, 315, 315, 50, 0.5, 0.0]
[315, 315, 315, 315, 50, 0.5, 0.0]
[315, 315, 315, 315, 50, 0.5, 0.0]
[315, 315, 315, 315, 50, 0.5, 0.0]
[315, 315, 315, 315, 50, 0.5, 0.0]
[315, 315, 315, 315, 50, 0.5, 0.0]
[315, 315, 315, 315, 50, 0.5, 0.0]
[315, 315, 315, 315, 50, 0.5, 0.0]
[315, 315, 315, 315, 50, 0.5, 0.0]
[315, 315, 315, 315, 50, 0.5, 0.0]
[315, 315, 315, 315, 50, 0.5, 0.0]
[315, 315, 315, 315, 50, 0.5, 0.0]
[315, 315, 315, 315, 50, 0.5, 0.0]
[315, 315, 315, 315, 50, 0.5, 0.0]
[315, 315, 315, 315, 50, 0.5, 0.0]
[315, 315, 315, 315, 50, 0.5, 0.0]
[315, 315, 315, 315, 50, 0.5, 0.0]
[315, 315, 315, 315, 50, 0.5, 0.0]
[315, 315, 315, 315, 50, 0.5, 0.0]
[315, 315, 315, 315, 50, 0.5, 0.0]
[315, 315, 315, 315, 50, 0.5, 0.0]
[315, 315, 315, 315, 50, 0.5, 0.0]
[315, 315, 315, 315, 50, 0.5, 0.0]
[315, 315, 315, 315, 50, 0.5, 0.0]
[315, 315, 315, 315, 50, 0.5, 0.0]
[315, 315, 315, 315, 50, 0.5, 0.0]
[315, 315, 315, 315, 50, 0.5, 0.0]
[315, 315, 315, 315, 50, 0.5, 0.0]
[315, 315, 315, 315, 50, 0.5, 0.0]
[315, 315, 315, 315, 50, 0.5, 0.0]
[315, 315, 315, 315, 50, 0.5, 0.0]
[315, 315, 315, 315, 50, 0.5, 0.0]
[315, 315, 315, 315, 50, 0.5, 0.0]
[315, 315, 315, 315, 50, 0.5, 0.0]
[315, 315, 315, 315, 50, 0.5, 0.0]
[315, 315, 315, 315, 50, 0.5, 0.0]
[315, 315, 315, 315, 50, 0.5, 0.0]
[315, 315, 315, 315, 50, 0.5, 0.0]
[315, 315, 315, 315, 50, 0.5, 0.0]
[315, 315, 315, 315, 50, 0.5, 0.0]
[315, 315, 315, 315, 50, 0.5, 0.0]
[315, 315, 315, 315, 50, 0.5, 0.0]
[315, 315, 315, 315, 50, 0.5, 0.0]
[315, 315, 313, 315, 50, 0.5, 0.0]
[315, 315, 308, 315, 50, 0.5, 0.0]
[315, 315, 303, 315, 50, 0.5, 0.0]
[315, 315, 299, 315, 50, 0.5, 0.0]
[315, 315, 294, 315, 50, 0.5, 0.0]
[315, 315, 289, 315, 50, 0.5, 0.0]
[315, 315, 284, 315, 50, 0.5, 0.0]
[315, 315, 280, 315, 50, 0.5, 0.0]
[315, 315, 275, 315, 50, 0.5, 0.0]
[315, 315, 270, 315, 50, 0.5, 0.0]
[315, 315, 266, 315, 50, 0.5, 0.0]
[315, 315, 261, 315, 50, 0.5, 0.0]
[315, 315, 256, 315, 50, 0.5, 0.0]
[315, 315, 252, 315, 50, 0.5, 0.0]
[315, 315, 247, 315, 50, 0.5, 0.0]
[315, 315, 242, 315, 50, 0.5, 0.0]
[315, 315, 238, 315, 50, 0.5, 0.0]
[315, 315, 233, 315, 50, 0.5, 0.0]
[315, 315, 228, 315, 50, 0.5, 0.0]
[315, 315, 224, 315, 50, 0.5, 0.0]
[315, 315, 219, 315, 50, 0.5, 0.0]
[315, 315, 215, 315, 50, 0.5, 0.0]
[315, 315, 210, 315, 50, 0.5, 0.0]
[315, 315, 206, 315, 50, 0.5, 0.0]
[315, 315, 201, 315, 50, 0.5, 0.0]
[315, 315, 197, 315, 50, 0.5, 0.0]
[315, 315, 192, 315, 50, 0.5, 0.0]
[315, 315, 188, 315, 50, 0.5, 0.0]
[315, 315, 184, 315, 50, 0.5, 0.0]
[315, 315, 179, 315, 50, 0.5, 0.0]
[315, 315, 175, 315, 50, 0.5, 0.0]
[315, 315, 171, 315, 50, 0.5, 0.0]
[315, 315, 166, 315, 50, 0.5, 0.0]
[315, 315, 162, 315, 50, 0.5, 0.0]
[315, 315, 158, 315, 50, 0.5, 0.0]
[315, 315, 154, 315, 50, 0.5, 0.0]
[315, 315, 150, 315, 50, 0.5, 0.0]
[315, 315, 146, 315, 50, 0.5, 0.0]
[315, 315, 142, 315, 50, 0.5, 0.0]
[315, 315, 138, 315, 50, 0.5, 0.0]
[315, 315, 135, 315, 50, 0.5, 0.0]
[315, 315, 131, 315, 50, 0.5, 0.0]
[315, 315, 127, 315, 50, 0.5, 0.0]
[315, 315, 124, 315, 50, 0.5, 0.0]
[315, 315, 121, 315, 50, 0.5, 0.0]
[315, 315, 117, 315, 50, 0.5, 0.0]
[315, 315, 114, 315, 50, 0.5, 0.0]
[315, 315, 111, 315, 50, 0.5, 0.0]
[315, 315, 109, 315, 50, 0.5, 0.0]
[315, 315, 106, 315, 50, 0.5, 0.0]
[315, 315, 102, 315, 50, 0.5, 0.0]
[315, 315, 97, 315, 50, 0.5, 0.0]
[315, 315, 93, 315, 50, 0.5, 0.0]
[315, 315, 89, 315, 50, 0.5, 0.0]
[315, 315, 85, 315, 50, 0.5, 0.0]
[315, 315, 82, 315, 50, 0.5, 0.0]
[315, 315, 78, 315, 50, 0.5, 0.0]
[315, 315, 75, 315, 50, 0.5, 0.0]
[315, 315, 71, 315, 50, 0.5, 0.0]
[315, 315, 68, 315, 50, 0.5, 0.0]
[315, 315, 65, 315, 50, 0.5, 0.0]
[315, 315, 63, 315, 50, 0.5, 0.0]
[315, 315, 60, 315, 50, 0.5, 0.0]
[315, 315, 58, 315, 50, 0.5, 0.0]
[315, 315, 58, 315, 50, 0.5, 0.0]
[315, 315, 58, 315, 50, 0.5, 0.0]
[315, 315, 58, 315, 50, 0.5, 0.0]
[315, 315, 54, 315, 50, 0.5, 0.0]
[315, 315, 49, 315, 50, 0.5, 0.0]
[315, 315, 45, 315, 50, 0.5, 0.0]
[315, 315, 40, 315, 50, 0.5, 0.0]
[315, 315, 36, 315, 50, 0.5, 0.0]
[315, 315, 32, 315, 50, 0.5, 0.0]
[315, 315, 29, 315, 50, 0.5, 0.0]
[315, 315, 25, 315, 50, 0.5, 0.0]
[315, 315, 23, 315, 50, 0.5, 0.0]
[315, 315, 21, 315, 50, 0.5, 0.0]
[315, 315, 21, 315, 50, 0.5, 0.0]
[315, 315, 21, 315, 50, 0.5, 0.0]
[315, 315, 21, 315, 50, 0.5, 0.0]
[315, 315, 21, 315, 50, 0.5, 0.0]
[315, 315, 21, 315, 50, 0.5, 0.0]
[315, 315, 21, 315, 50, 0.5, 0.0]
[315, 315, 16, 315, 50, 0.5, 0.0]
[315, 315, 315, 315, 50, 1.0, 0.0]
[315, 315, 315, 315, 50, 1.0, 0.0]
[315, 315, 315, 315, 50, 1.0, 0.0]
[315, 315, 315, 315, 50, 1.0, 0.0]
[315, 315, 315, 315, 50, 1.0, 0.0]
[315, 315, 315, 315, 50, 1.0, 0.0]
[315, 315, 315, 315, 50, 1.0, 0.0]
[315, 315, 315, 315, 50, 1.0, 0.0]
[315, 315, 315, 315, 50, 1.0, 0.0]
[315, 315, 315, 315, 50, 1.0, 0.0]
[315, 315, 315, 315, 50, 1.0, 0.0]
[315, 315, 315, 315, 50, 1.0, 0.0]
[315, 315, 315, 315, 50, 1.0, 0.0]
[315, 315, 315, 315, 50, 1.0, 0.0]
[315, 315, 315, 315, 50, 1.0, 0.0]
[315, 315, 315, 315, 50, 1.0, 0.0]
[315, 315, 315, 315, 50, 1.0, 0.0]
[315, 315, 315, 315, 50, 1.0, 0.0]
[315, 315, 315, 315, 50, 1.0, 0.0]
[315, 315, 315, 315, 50, 1.0, 0.0]
[315, 315, 315, 315, 50, 1.0, 0.0]
[315, 315, 315, 315, 50, 1.0, 0.0]
[315, 315, 315, 315, 50, 1.0, 0.0]
[315, 315, 315, 315, 50, 1.0, 0.0]
[315, 315, 315, 315, 50, 1.0, 0.0]
[315, 315, 315, 315, 50, 1.0, 0.0]
[315, 315, 315, 315, 50, 1.0, 0.0]
[315, 315, 315, 315, 50, 1.0, 0.0]
[315, 315, 315, 315, 50, 1.0, 0.0]
[315, 315, 315, 315, 50, 1.0, 0.0]
[315, 315, 315, 315, 50, 1.0, 0.0]
[315, 315, 315, 315, 50, 1.0, 0.0]
[315, 315, 315, 315, 50, 1.0, 0.0]
[315, 315, 315, 315, 50, 1.0, 0.0]
[315, 315, 315, 315, 50, 1.0, 0.0]
[315, 315, 315, 315, 50, 1.0, 0.0]
[315, 315, 315, 315, 50, 1.0, 0.0]
[315, 315, 315, 315, 50, 1.0, 0.0]
[315, 315, 315, 315, 50, 1.0, 0.0]
[315, 315, 315, 315, 50, 1.0, 0.0]
[315, 315, 315, 315, 50, 1.0, 0.0]
[315, 315, 315, 315, 50, 1.0, 0.0]
[315, 315, 315, 315, 50, 1.0, 0.0]
[315, 315, 315, 315, 50, 1.0, 0.0]
[315, 315, 315, 315, 50, 1.0, 0.0]
[315, 315, 315, 315, 50, 1.0, 0.0]
[315, 315, 315, 315, 50, 1.0, 0.0]
[315, 315, 315, 315, 50, 1.0, 0.0]
[315, 315, 315, 315, 50, 1.0, 0.0]
[315, 315, 315, 315, 50, 1.0, 0.0]
[315, 315, 315, 315, 50, 1.0, 0.0]
[315, 315, 315, 315, 50, 1.0, 0.0]
[315, 315, 315, 315, 50, 1.0, 0.0]
[315, 315, 315, 315, 50, 1.0, 0.0]
[315, 315, 315, 315, 50, 1.0, 0.0]
[315, 315, 315, 315, 50, 1.0, 0.0]
[315, 315, 315, 315, 50, 1.0, 0.0]
[315, 315, 315, 315, 50, 1.0, 0.0]
[315, 315, 315, 315, 50, 1.0, 0.0]
[315, 315, 315, 315, 50, 1.0, 0.0]
[315, 315, 315, 315, 50, 1.0, 0.0]
[315, 315, 315, 315, 50, 1.0, 0.0]
[315, 315, 315, 315, 50, 1.0, 0.0]
[315, 315, 315, 315, 50, 1.0, 0.0]
[315, 315, 315, 315, 50, 1.0, 0.0]
[315, 315, 315, 315, 50, 1.0, 0.0]
[315, 315, 315, 315, 50, 1.0, 0.0]
[315, 315, 315, 315, 50, 1.0, 0.0]
[315, 315, 315, 315, 50, 1.0, 0.0]
[315, 315, 315, 315, 50, 1.0, 0.0]
[315, 315, 315, 315, 50, 1.0, 0.0]
[315, 315, 315, 315, 50, 1.0, 0.0]
[315, 315, 315, 315, 50, 1.0, 0.0]
[315, 315, 315, 315, 50, 1.0, 0.0]
[315, 315, 315, 315, 50, 1.0, 0.0]
[315, 315, 315, 315, 50, 1.0, 0.0]
[315, 315, 315, 315, 50, 1.0, 0.0]
[315, 315, 315, 315, 50, 1.0, 0.0]
[315, 315, 315, 315, 50, 1.0, 0.0]
[315, 315, 315, 315, 50, 1.0, 0.0]
[315, 315, 315, 315, 50, 1.0, 0.0]
[315, 315, 315, 315, 50, 1.0, 0.0]
[315, 315, 315, 315, 50, 1.0, 0.0]
[315, 315, 315, 315, 50, 1.0, 0.0]
[315, 315, 315, 315, 50, 1.0, 0.0]
[315, 315, 315, 315, 50, 1.0, 0.0]
[315, 315, 315, 315, 50, 1.0, 0.0]
[315, 315, 315, 315, 50, 1.0, 0.0]
[315, 315, 315, 315, 50, 1.0, 0.0]
[315, 315, 315, 315, 50, 1.0, 0.0]
[315, 315, 315, 315, 50, 1.0, 0.0]
[315, 315, 315, 315, 50, 1.0, 0.0]
[315, 315, 315, 315, 50, 1.0, 0.0]
[315, 315, 315, 315, 50, 1.0, 0.0]
[315, 315, 315, 315, 50, 1.0, 0.0]
[315, 315, 315, 315, 50, 1.0, 0.0]
[315, 315, 315, 315, 50, 1.0, 0.0]
[315, 315, 315, 315, 50, 1.0, 0.0]
[315, 315, 315, 315, 50, 1.0, 0.0]
[315, 315, 315, 315, 50, 1.0, 0.0]
[315, 315, 315, 315, 50, 1.0, 0.0]
[315, 315, 315, 315, 50, 1.0, 0.0]
[315, 315, 315, 315, 50, 1.0, 0.0]
[315, 315, 315, 315, 50, 1.0, 0.0]
[315, 315, 315, 315, 50, 1.0, 0.0]
[315, 315, 315, 315, 50, 1.0, 0.0]
[315, 315, 315, 315, 50, 1.0, 0.0]
[315, 315, 315, 315, 50, 1.0, 0.0]
[315, 315, 315, 315, 50, 1.0, 0.0]
[315, 315, 315, 315, 50, 1.0, 0.0]
[315, 315, 315, 315, 50, 1.0, 0.0]
[315, 315, 315, 315, 50, 1.0, 0.0]
[315, 315, 315, 315, 50, 1.0, 0.0]
[315, 315, 315, 315, 50, 1.0, 0.0]
[315, 315, 315, 315, 50, 1.0, 0.0]
[315, 315, 315, 315, 50, 1.0, 0.0]
[315, 315, 315, 315, 50, 1.0, 0.0]
[315, 315, 315, 315, 50, 1.0, 0.0]
[315, 315, 315, 315, 50, 1.0, 0.0]
[315, 315, 315, 315, 50, 1.0, 0.0]
[315, 315, 315, 315, 50, 1.0, 0.0]
[315, 315, 315, 315, 50, 1.0, 0.0]
[315, 315, 315, 315, 50, 1.0, 0.0]
[315, 315, 315, 315, 50, 1.0, 0.0]
[315, 315, 315, 315, 50, 1.0, 0.0]
[315, 315, 315, 315, 50, 1.0, 0.0]
[315, 315, 315, 315, 50, 1.0, 0.0]
[315, 315, 315, 315, 50, 1.0, 0.0]
[315, 315, 315, 315, 50, 1.0, 0.0]
[315, 315, 315, 315, 50, 1.0, 0.0]
[315, 315, 315, 315, 50, 1.0, 0.0]
[315, 315, 315, 315, 50, 1.0, 0.0]
[315, 315, 315, 315, 50, 1.0, 0.0]
[315, 315, 315, 315, 50, 1.0, 0.0]
[315, 315, 315, 315, 50, 1.0, 0.0]
[315, 315, 315, 315, 50, 1.0, 0.0]
[315, 315, 315, 315, 50, 1.0, 0.0]
[315, 315, 315, 315, 50, 1.0, 0.0]
[315, 315, 315, 315, 50, 1.0, 0.0]
[315, 315, 315, 315, 50, 1.0, 0.0]
[315, 315, 315, 315, 50, 1.0, 0.0]
[315, 315, 315, 315, 50, 1.0, 0.0]
[315, 315, 315, 315, 50, 1.0, 0.0]
[315, 315, 315, 315, 50, 1.0, 0.0]
[315, 315, 315, 315, 50, 1.0, 0.0]
[315, 315, 315, 315, 50, 1.0, 0.0]
[315, 315, 315, 315, 50, 1.0, 0.0]
[315, 315, 315, 315, 50, 1.0, 0.0]
[315, 315, 315, 315, 50, 1.0, 0.0]
[315, 315, 315, 315, 50, 1.0, 0.0]
[315, 315, 315, 315, 50, 1.0, 0.0]
[315, 315, 315, 315, 50, 1.0, 0.0]
[315, 315, 315, 315, 50, 1.0, 0.0]
[315, 315, 315, 315, 50, 1.0, 0.0]
[315, 315, 315, 315, 50, 1.0, 0.0]
[315, 315, 315, 315, 50, 1.0, 0.0]
[315, 315, 315, 315, 50, 1.0, 0.0]
[315, 315, 315, 315, 50, 1.0, 0.0]
[315, 315, 315, 315, 50, 1.0, 0.0]
[315, 315, 315, 315, 50, 1.0, 0.0]
[315, 315, 315, 315, 50, 1.0, 0.0]
[315, 315, 315, 315, 50, 1.0, 0.0]
[315, 315, 315, 315, 50, 1.0, 0.0]
[315, 315, 315, 315, 50, 1.0, 0.0]
[311, 315, 315, 315, 50, 1.0, 0.0]
[307, 315, 315, 315, 50, 1.0, 0.0]
[302, 315, 315, 315, 50, 1.0, 0.0]
[297, 315, 315, 315, 50, 1.0, 0.0]
[292, 315, 315, 315, 50, 1.0, 0.0]
[287, 315, 315, 315, 50, 1.0, 0.0]
[283, 315, 315, 315, 50, 1.0, 0.0]
[278, 315, 315, 315, 50, 1.0, 0.0]
[273, 315, 315, 315, 50, 1.0, 0.0]
[268, 315, 315, 315, 50, 1.0, 0.0]
[264, 315, 315, 315, 50, 1.0, 0.0]
[259, 315, 315, 315, 50, 1.0, 0.0]
[254, 315, 315, 315, 50, 1.0, 0.0]
[249, 315, 315, 315, 50, 1.0, 0.0]
[245, 315, 315, 315, 50, 1.0, 0.0]
[240, 315, 315, 315, 50, 1.0, 0.0]
[235, 315, 315, 315, 50, 1.0, 0.0]
[231, 315, 315, 315, 50, 1.0, 0.0]
[226, 315, 315, 315, 50, 1.0, 0.0]
[221, 315, 315, 315, 50, 1.0, 0.0]
[217, 315, 315, 315, 50, 1.0, 0.0]
[212, 315, 315, 315, 50, 1.0, 0.0]
[208, 315, 315, 315, 50, 1.0, 0.0]
[203, 315, 315, 315, 50, 1.0, 0.0]
[199, 315, 315, 315, 50, 1.0, 0.0]
[194, 315, 315, 315, 50, 1.0, 0.0]
[190, 315, 315, 315, 50, 1.0, 0.0]
[185, 315, 315, 315, 50, 1.0, 0.0]
[181, 315, 315, 315, 50, 1.0, 0.0]
[176, 315, 315, 315, 50, 1.0, 0.0]
[172, 315, 315, 315, 50, 1.0, 0.0]
[168, 315, 315, 315, 50, 1.0, 0.0]
[163, 315, 315, 315, 50, 1.0, 0.0]
[159, 315, 315, 315, 50, 1.0, 0.0]
[155, 315, 315, 315, 50, 1.0, 0.0]
[151, 315, 315, 315, 50, 1.0, 0.0]
[147, 315, 315, 315, 50, 1.0, 0.0]
[143, 315, 315, 315, 50, 1.0, 0.0]
[139, 315, 315, 315, 50, 1.0, 0.0]
[135, 315, 315, 315, 50, 1.0, 0.0]
[131, 315, 315, 315, 50, 1.0, 0.0]
[127, 315, 315, 315, 50, 1.0, 0.0]
[123, 315, 315, 315, 50, 1.0, 0.0]
[120, 315, 315, 315, 50, 1.0, 0.0]
[116, 315, 315, 315, 50, 1.0, 0.0]
[113, 315, 315, 315, 50, 1.0, 0.0]
[110, 315, 315, 315, 50, 1.0, 0.0]
[107, 315, 315, 315, 50, 1.0, 0.0]
[104, 315, 315, 315, 50, 1.0, 0.0]
[101, 315, 315, 315, 50, 1.0, 0.0]
[98, 315, 315, 315, 50, 1.0, 0.0]
[96, 315, 315, 315, 50, 1.0, 0.0]
[93, 315, 315, 315, 50, 1.0, 0.0]
[91, 315, 315, 315, 50, 1.0, 0.0]
[90, 315, 315, 315, 50, 1.0, 0.0]
[88, 315, 315, 315, 50, 1.0, 0.0]
[87, 315, 315, 315, 50, 1.0, 0.0]
[86, 315, 315, 315, 50, 1.0, 0.0]
[85, 315, 315, 315, 50, 1.0, 0.0]
[80, 315, 315, 315, 50, 1.0, 0.0]
[75, 315, 315, 315, 50, 1.0, 0.0]
[70, 315, 315, 315, 50, 1.0, 0.0]
[65, 315, 315, 315, 50, 1.0, 0.0]
[60, 315, 315, 315, 50, 1.0, 0.0]
[55, 315, 315, 315, 50, 1.0, 0.0]
[55, 315, 315, 315, 50, 1.0, 0.0]
[55, 315, 315, 315, 50, 1.0, 0.0]
[55, 315, 315, 315, 50, 1.0, 0.0]
[55, 315, 315, 315, 50, 1.0, 0.0]
[50, 315, 315, 315, 50, 1.0, 0.0]
[46, 315, 315, 315, 50, 1.0, 0.0]
[41, 315, 315, 315, 50, 1.0, 0.0]
[36, 315, 315, 315, 50, 1.0, 0.0]
[31, 315, 315, 315, 50, 1.0, 0.0]
