[315, 315, 315, 315, 100, 0.0, 0.0]
[315, 315, 315, 315, 100, 0.0, 0.0]
[315, 315, 315, 315, 100, 0.0, 0.0]
[315, 315, 315, 315, 100, 0.0, 0.0]
[315, 315, 315, 315, 100, 0.0, 0.0]
[315, 315, 315, 315, 100, 0.0, 0.0]
[315, 315, 315, 315, 100, 0.0, 0.0]
[315, 315, 315, 315, 100, 0.0, 0.0]
[315, 315, 315, 315, 100, 0.0, 0.0]
[315, 315, 315, 315, 100, 0.0, 0.0]
[315, 315, 315, 315, 100, 0.0, 0.0]
[315, 315, 315, 315, 100, 0.0, 0.0]
[315, 315, 315, 315, 100, 0.0, 0.0]
[315, 315, 315, 315, 100, 0.0, 0.0]
[315, 315, 315, 315, 100, 0.0, 0.0]
[315, 315, 315, 315, 100, 0.0, 0.0]
[315, 315, 315, 315, 100, 0.0, 0.0]
[315, 315, 315, 315, 100, 0.0, 0.0]
[315, 315, 315, 315, 100, 0.0, 0.0]
[315, 315, 315, 315, 100, 0.0, 0.0]
[315, 315, 315, 315, 100, 0.0, 0.0]
[315, 315, 315, 315, 100, 0.0, 0.0]
[315, 315, 315, 315, 100, 0.0, 0.0]
[315, 315, 315, 315, 100, 0.0, 0.0]
[315, 315, 315, 315, 100, 0.0, 0.0]
[315, 315, 315, 315, 100, 0.0, 0.0]
[315, 315, 315, 315, 100, 0.0, 0.0]
[315, 315, 315, 315, 100, 0.0, 0.0]
[315, 315, 315, 315, 100, 0.0, 0.0]
[315, 315, 315, 315, 100, 0.0, 0.0]
[315, 315, 315, 315, 100, 0.0, 0.0]
[315, 315, 315, 315, 100, 0.0, 0.0]
[315, 315, 315, 315, 100, 0.0, 0.0]
[315, 315, 315, 315, 100, 0.0, 0.0]
[315, 315, 315, 315, 100, 0.0, 0.0]
[315, 315, 315, 315, 100, 0.0, 0.0]
[315, 315, 315, 315, 100, 0.0, 0.0]
[315, 315, 315, 315, 100, 0.0, 0.0]
[315, 315, 315, 315, 100, 0.0, 0.0]
[315, 315, 315, 315, 100, 0.0, 0.0]
[315, 315, 315, 315, 100, 0.0, 0.0]
[315, 315, 315, 315, 100, 0.0, 0.0]
[315, 315, 315, 315, 100, 0.0, 0.0]
[315, 315, 315, 315, 100, 0.0, 0.0]
[315, 315, 315, 315, 100, 0.0, 0.0]
[315, 315, 315, 315, 100, 0.0, 0.0]
[315, 315, 315, 315, 100, 0.0, 0.0]
[315, 315, 315, 315, 100, 0.0, 0.0]
[315, 315, 315, 315, 100, 0.0, 0.0]
[315, 315, 315, 315, 100, 0.0, 0.0]
[315, 315, 315, 315, 100, 0.0, 0.0]
[315, 315, 315, 315, 100, 0.0, 0.0]
[315, 315, 315, 315, 100, 0.0, 0.0]
[315, 315, 315, 315, 100, 0.0, 0.0]
[315, 315, 315, 315, 100, 0.0, 0.0]
[315, 315, 315, 315, 100, 0.0, 0.0]
[315, 315, 315, 315, 100, 0.0, 0.0]
[315, 315, 315, 315, 100, 0.0, 0.0]
[315, 315, 315, 315, 100, 0.0, 0.0]
[315, 315, 315, 315, 100, 0.0, 0.0]
[315, 315, 315, 315, 100, 0.0, 0.0]
[315, 315, 315, 315, 100, 0.0, 0.0]
[315, 315, 315, 315, 100, 0.0, 0.0]
[315, 315, 315, 315, 100, 0.0, 0.0]
[315, 315, 315, 315, 100, 0.0, 0.0]
[315, 315, 315, 315, 100, 0.0, 0.0]
[315, 315, 315, 315, 100, 0.0, 0.0]
[315, 315, 315, 315, 100, 0.0, 0.0]
[315, 315, 315, 315, 100, 0.0, 0.0]
[315, 315, 315, 315, 100, 0.0, 0.0]
[315, 315, 315, 315, 100, 0.0, 0.0]
[315, 315, 315, 315, 100, 0.0, 0.0]
[315, 315, 315, 315, 100, 0.0, 0.0]
[315, 315, 315, 315, 100, 0.0, 0.0]
[315, 315, 315, 315, 100, 0.0, 0.0]
[315, 315, 315, 315, 100, 0.0, 0.0]
[315, 315, 315, 315, 100, 0.0, 0.0]
[315, 315, 315, 315, 100, 0.0, 0.0]
[315, 315, 315, 315, 100, 0.0, 0.0]
[315, 315, 315, 315, 100, 0.0, 0.0]
[315, 315, 315, 315, 100, 0.0, 0.0]
[315, 315, 315, 315, 100, 0.0, 0.0]
[315, 315, 315, 315, 100, 0.0, 0.0]
[315, 315, 315, 315, 100, 0.0, 0.0]
[315, 315, 315, 315, 100, 0.0, 0.0]
[315, 315, 315, 315, 100, 0.0, 0.0]
[315, 315, 315, 315, 100, 0.0, 0.0]
[315, 315, 315, 315, 100, 0.0, 0.0]
[315, 315, 315, 315, 100, 0.0, 0.0]
[315, 315, 315, 315, 100, 0.0, 0.0]
[315, 315, 315, 315, 100, 0.0, 0.0]
[315, 315, 315, 315, 100, 0.0, 0.0]
[315, 315, 315, 315, 100, 0.0, 0.0]
[315, 315, 315, 315, 100, 0.0, 0.0]
[315, 315, 315, 315, 100, 0.0, 0.0]
[315, 315, 315, 315, 100, 0.0, 0.0]
[315, 315, 315, 315, 100, 0.0, 0.0]
[315, 315, 315, 315, 100, 0.0, 0.0]
[315, 315, 315, 315, 100, 0.0, 0.0]
[315, 315, 315, 315, 100, 0.0, 0.0]
[315, 315, 315, 315, 100, 0.0, 0.0]
[315, 315, 315, 315, 100, 0.0, 0.0]
[315, 315, 315, 315, 100, 0.0, 0.0]
[315, 315, 315, 315, 100, 0.0, 0.0]
[315, 315, 315, 315, 100, 0.0, 0.0]
[315, 315, 315, 315, 100, 0.0, 0.0]
[315, 315, 315, 315, 100, 0.0, 0.0]
[315, 315, 315, 315, 100, 0.0, 0.0]
[315, 315, 315, 315, 100, 0.0, 0.0]
[315, 315, 315, 315, 100, 0.0, 0.0]
[315, 315, 315, 315, 100, 0.0, 0.0]
[315, 315, 315, 315, 100, 0.0, 0.0]
[315, 315, 315, 315, 100, 0.0, 0.0]
[315, 315, 315, 315, 100, 0.0, 0.0]
[315, 315, 315, 315, 100, 0.0, 0.0]
[315, 315, 315, 315, 100, 0.0, 0.0]
[315, 315, 315, 315, 100, 0.0, 0.0]
[315, 315, 315, 315, 100, 0.0, 0.0]
[315, 315, 315, 315, 100, 0.0, 0.0]
[315, 315, 315, 315, 100, 0.0, 0.0]
[315, 315, 315, 315, 100, 0.0, 0.0]
[315, 315, 315, 315, 100, 0.0, 0.0]
[315, 315, 315, 315, 100, 0.0, 0.0]
[315, 315, 315, 310, 100, 0.0, 0.0]
[315, 315, 315, 305, 100, 0.0, 0.0]
[315, 315, 315, 300, 100, 0.0, 0.0]
[315, 315, 315, 295, 100, 0.0, 0.0]
[315, 315, 315, 290, 100, 0.0, 0.0]
[315, 315, 315, 285, 100, 0.0, 0.0]
[315, 315, 315, 280, 100, 0.0, 0.0]
[315, 315, 315, 275, 100, 0.0, 0.0]
[315, 315, 315, 270, 100, 0.0, 0.0]
[315, 315, 315, 265, 100, 0.0, 0.0]
[315, 312, 315, 260, 100, 0.0, 0.0]
[315, 308, 315, 255, 100, 0.0, 0.0]
[315, 304, 315, 250, 100, 0.0, 0.0]
[315, 300, 315, 245, 100, 0.0, 0.0]
[315, 300, 315, 245, 100, 0.0, 0.0]
[315, 300, 315, 245, 100, 0.0, 0.0]
[315, 300, 315, 245, 100, 0.0, 0.0]
[315, 300, 315, 245, 100, 0.0, 0.0]
[315, 300, 315, 245, 100, 0.0, 0.0]
[315, 300, 315, 245, 100, 0.0, 0.0]
[315, 300, 315, 245, 100, 0.0, 0.0]
[315, 300, 315, 245, 100, 0.0, 0.0]
[315, 300, 315, 245, 100, 0.0, 0.0]
[315, 300, 315, 245, 100, 0.0, 0.0]
[315, 300, 315, 245, 100, 0.0, 0.0]
[315, 300, 315, 245, 100, 0.0, 0.0]
[315, 300, 315, 245, 100, 0.0, 0.0]
[315, 300, 315, 245, 100, 0.0, 0.0]
[315, 296, 315, 240, 100, 0.0, 0.0]
[315, 292, 315, 235, 100, 0.0, 0.0]
[315, 288, 315, 230, 100, 0.0, 0.0]
[315, 284, 315, 225, 100, 0.0, 0.0]
[315, 280, 315, 220, 100, 0.0, 0.0]
[315, 276, 315, 215, 100, 0.0, 0.0]
[315, 272, 315, 210, 100, 0.0, 0.0]
[315, 269, 315, 205, 100, 0.0, 0.0]
[315, 265, 315, 200, 100, 0.0, 0.0]
[315, 265, 315, 200, 100, 0.0, 0.0]
[315, 265, 315, 200, 100, 0.0, 0.0]
[315, 265, 315, 200, 100, 0.0, 0.0]
[315, 265, 315, 200, 100, 0.0, 0.0]
[315, 265, 315, 200, 100, 0.0, 0.0]
[315, 265, 315, 200, 100, 0.0, 0.0]
[315, 265, 315, 200, 100, 0.0, 0.0]
[315, 265, 315, 200, 100, 0.0, 0.0]
[315, 265, 315, 200, 100, 0.0, 0.0]
[315, 261, 315, 195, 100, 0.0, 0.0]
[315, 258, 315, 190, 100, 0.0, 0.0]
[315, 254, 315, 185, 100, 0.0, 0.0]
[315, 251, 315, 180, 100, 0.0, 0.0]
[315, 247, 315, 175, 100, 0.0, 0.0]
[315, 243, 315, 175, 100, 0.0, 0.0]
[315, 240, 315, 175, 100, 0.0, 0.0]
[315, 236, 315, 175, 100, 0.0, 0.0]
[315, 233, 315, 175, 100, 0.0, 0.0]
[315, 230, 315, 176, 100, 0.0, 0.0]
[315, 226, 315, 176, 100, 0.0, 0.0]
[315, 226, 315, 176, 100, 0.0, 0.0]
[315, 226, 315, 176, 100, 0.0, 0.0]
[315, 226, 315, 176, 100, 0.0, 0.0]
[315, 226, 315, 176, 100, 0.0, 0.0]
[315, 226, 315, 176, 100, 0.0, 0.0]
[315, 226, 315, 176, 100, 0.0, 0.0]
[315, 226, 315, 176, 100, 0.0, 0.0]
[315, 226, 315, 176, 100, 0.0, 0.0]
[315, 226, 315, 176, 100, 0.0, 0.0]
[315, 226, 315, 176, 100, 0.0, 0.0]
[315, 226, 315, 176, 100, 0.0, 0.0]
[315, 226, 315, 176, 100, 0.0, 0.0]
[315, 226, 315, 176, 100, 0.0, 0.0]
[315, 226, 315, 176, 100, 0.0, 0.0]
[315, 226, 315, 176, 100, 0.0, 0.0]
[315, 222, 315, 171, 100, 0.0, 0.0]
[315, 219, 315, 166, 100, 0.0, 0.0]
[315, 219, 315, 166, 100, 0.0, 0.0]
[315, 219, 315, 166, 100, 0.0, 0.0]
[315, 219, 315, 166, 100, 0.0, 0.0]
[315, 219, 315, 166, 100, 0.0, 0.0]
[315, 219, 315, 166, 100, 0.0, 0.0]
[315, 219, 315, 166, 100, 0.0, 0.0]
[315, 219, 315, 166, 100, 0.0, 0.0]
[315, 219, 315, 166, 100, 0.0, 0.0]
[315, 219, 315, 166, 100, 0.0, 0.0]
[315, 219, 315, 166, 100, 0.0, 0.0]
[315, 219, 315, 166, 100, 0.0, 0.0]
[315, 219, 315, 166, 100, 0.0, 0.0]
[315, 215, 315, 167, 100, 0.0, 0.0]
[315, 212, 315, 168, 100, 0.0, 0.0]
[315, 209, 315, 169, 100, 0.0, 0.0]
[315, 206, 315, 171, 100, 0.0, 0.0]
[315, 203, 315, 172, 100, 0.0, 0.0]
[315, 200, 315, 173, 100, 0.0, 0.0]
[315, 195, 315, 175, 100, 0.0, 0.0]
[315, 191, 315, 177, 100, 0.0, 0.0]
[315, 187, 315, 179, 100, 0.0, 0.0]
[315, 183, 315, 181, 100, 0.0, 0.0]
[315, 180, 315, 183, 100, 0.0, 0.0]
[315, 177, 315, 185, 100, 0.0, 0.0]
[315, 174, 315, 187, 100, 0.0, 0.0]
[315, 170, 315, 190, 100, 0.0, 0.0]
[315, 167, 315, 192, 100, 0.0, 0.0]
[315, 164, 315, 195, 100, 0.0, 0.0]
[315, 161, 315, 198, 100, 0.0, 0.0]
[315, 160, 315, 198, 100, 0.0, 0.0]
[315, 158, 315, 198, 100, 0.0, 0.0]
[315, 158, 315, 198, 100, 0.0, 0.0]
[315, 157, 315, 198, 100, 0.0, 0.0]
[315, 155, 315, 198, 100, 0.0, 0.0]
[315, 154, 315, 198, 100, 0.0, 0.0]
[315, 153, 315, 198, 100, 0.0, 0.0]
[315, 153, 315, 198, 100, 0.0, 0.0]
[315, 150, 315, 201, 100, 0.0, 0.0]
[315, 148, 315, 204, 100, 0.0, 0.0]
[315, 145, 315, 207, 100, 0.0, 0.0]
[315, 143, 315, 210, 100, 0.0, 0.0]
[315, 141, 315, 213, 100, 0.0, 0.0]
[315, 139, 315, 216, 100, 0.0, 0.0]
[315, 137, 315, 219, 100, 0.0, 0.0]
[315, 135, 315, 222, 100, 0.0, 0.0]
[315, 134, 315, 226, 100, 0.0, 0.0]
[315, 133, 315, 229, 100, 0.0, 0.0]
[315, 132, 315, 233, 100, 0.0, 0.0]
[315, 131, 315, 233, 100, 0.0, 0.0]
[315, 130, 315, 233, 100, 0.0, 0.0]
[315, 129, 315, 233, 100, 0.0, 0.0]
[315, 128, 315, 233, 100, 0.0, 0.0]
[315, 127, 315, 233, 100, 0.0, 0.0]
[315, 126, 315, 233, 100, 0.0, 0.0]
[315, 125, 315, 233, 100, 0.0, 0.0]
[315, 124, 315, 233, 100, 0.0, 0.0]
[315, 123, 315, 233, 100, 0.0, 0.0]
[315, 122, 315, 233, 100, 0.0, 0.0]
[315, 121, 315, 233, 100, 0.0, 0.0]
[315, 115, 315, 229, 100, 0.0, 0.0]
[315, 114, 315, 229, 100, 0.0, 0.0]
[315, 113, 315, 229, 100, 0.0, 0.0]
[315, 112, 315, 229, 100, 0.0, 0.0]
[315, 111, 315, 229, 100, 0.0, 0.0]
[315, 110, 315, 229, 100, 0.0, 0.0]
[315, 109, 315, 229, 100, 0.0, 0.0]
[315, 108, 315, 229, 100, 0.0, 0.0]
[315, 107, 315, 229, 100, 0.0, 0.0]
[315, 101, 315, 226, 100, 0.0, 0.0]
[315, 95, 315, 222, 100, 0.0, 0.0]
[315, 89, 315, 219, 100, 0.0, 0.0]
[315, 83, 315, 216, 100, 0.0, 0.0]
[315, 77, 315, 213, 100, 0.0, 0.0]
[315, 71, 315, 210, 100, 0.0, 0.0]
[315, 65, 315, 207, 100, 0.0, 0.0]
[315, 64, 315, 207, 100, 0.0, 0.0]
[315, 63, 315, 207, 100, 0.0, 0.0]
[315, 62, 315, 207, 100, 0.0, 0.0]
[315, 61, 315, 207, 100, 0.0, 0.0]
[315, 60, 315, 207, 100, 0.0, 0.0]
[315, 59, 315, 207, 100, 0.0, 0.0]
[315, 58, 315, 207, 100, 0.0, 0.0]
[315, 57, 315, 207, 100, 0.0, 0.0]
[315, 56, 315, 207, 100, 0.0, 0.0]
[315, 55, 315, 207, 100, 0.0, 0.0]
[315, 54, 315, 207, 100, 0.0, 0.0]
[315, 53, 315, 207, 100, 0.0, 0.0]
[315, 52, 315, 207, 100, 0.0, 0.0]
[315, 51, 315, 207, 100, 0.0, 0.0]
[315, 50, 315, 207, 100, 0.0, 0.0]
[315, 49, 315, 207, 100, 0.0, 0.0]
[315, 48, 315, 207, 100, 0.0, 0.0]
[315, 47, 315, 207, 100, 0.0, 0.0]
[315, 46, 315, 207, 100, 0.0, 0.0]
[315, 45, 315, 207, 100, 0.0, 0.0]
[315, 64, 315, 207, 100, 0.0, 0.0]
[315, 63, 315, 207, 100, 0.0, 0.0]
[315, 62, 315, 207, 100, 0.0, 0.0]
[315, 61, 315, 207, 100, 0.0, 0.0]
[315, 60, 315, 207, 100, 0.0, 0.0]
[315, 59, 315, 207, 100, 0.0, 0.0]
[315, 58, 315, 207, 100, 0.0, 0.0]
[315, 57, 315, 207, 100, 0.0, 0.0]
[315, 56, 315, 207, 100, 0.0, 0.0]
[315, 55, 315, 207, 100, 0.0, 0.0]
[315, 54, 315, 207, 100, 0.0, 0.0]
[315, 53, 315, 207, 100, 0.0, 0.0]
[315, 52, 315, 207, 100, 0.0, 0.0]
[315, 51, 315, 207, 100, 0.0, 0.0]
[315, 50, 315, 207, 100, 0.0, 0.0]
[315, 49, 315, 207, 100, 0.0, 0.0]
[315, 48, 315, 207, 100, 0.0, 0.0]
[315, 47, 315, 207, 100, 0.0, 0.0]
[315, 46, 315, 207, 100, 0.0, 0.0]
[315, 45, 315, 207, 100, 0.0, 0.0]
[315, 63, 315, 207, 100, 0.0, 0.0]
[315, 62, 315, 207, 100, 0.0, 0.0]
[315, 61, 315, 207, 100, 0.0, 0.0]
[315, 60, 315, 207, 100, 0.0, 0.0]
[315, 59, 315, 207, 100, 0.0, 0.0]
[315, 58, 315, 207, 100, 0.0, 0.0]
[315, 57, 315, 207, 100, 0.0, 0.0]
[315, 56, 315, 207, 100, 0.0, 0.0]
[315, 55, 315, 207, 100, 0.0, 0.0]
[315, 54, 315, 207, 100, 0.0, 0.0]
[315, 53, 315, 207, 100, 0.0, 0.0]
[315, 52, 315, 207, 100, 0.0, 0.0]
[315, 51, 315, 207, 100, 0.0, 0.0]
[315, 50, 315, 207, 100, 0.0, 0.0]
[315, 49, 315, 207, 100, 0.0, 0.0]
[315, 48, 315, 207, 100, 0.0, 0.0]
[315, 47, 315, 207, 100, 0.0, 0.0]
[315, 46, 315, 207, 100, 0.0, 0.0]
[315, 45, 315, 207, 100, 0.0, 0.0]
[315, 64, 315, 207, 100, 0.0, 0.0]
[315, 63, 315, 207, 100, 0.0, 0.0]
[315, 62, 315, 207, 100, 0.0, 0.0]
[315, 61, 315, 207, 100, 0.0, 0.0]
[315, 60, 315, 207, 100, 0.0, 0.0]
[315, 59, 315, 207, 100, 0.0, 0.0]
[315, 58, 315, 207, 100, 0.0, 0.0]
[315, 57, 315, 207, 100, 0.0, 0.0]
[315, 56, 315, 207, 100, 0.0, 0.0]
[315, 55, 315, 207, 100, 0.0, 0.0]
[315, 54, 315, 207, 100, 0.0, 0.0]
[315, 53, 315, 207, 100, 0.0, 0.0]
[315, 52, 315, 207, 100, 0.0, 0.0]
[315, 51, 315, 207, 100, 0.0, 0.0]
[315, 50, 315, 207, 100, 0.0, 0.0]
[315, 49, 315, 207, 100, 0.0, 0.0]
[315, 48, 315, 207, 100, 0.0, 0.0]
[315, 47, 315, 207, 100, 0.0, 0.0]
[315, 46, 315, 207, 100, 0.0, 0.0]
[315, 45, 315, 207, 100, 0.0, 0.0]
[315, 63, 315, 207, 100, 0.0, 0.0]
[315, 62, 315, 207, 100, 0.0, 0.0]
[315, 61, 315, 207, 100, 0.0, 0.0]
[315, 60, 315, 207, 100, 0.0, 0.0]
[315, 59, 315, 207, 100, 0.0, 0.0]
[315, 58, 315, 207, 100, 0.0, 0.0]
[315, 57, 315, 207, 100, 0.0, 0.0]
[315, 56, 315, 207, 100, 0.0, 0.0]
[315, 55, 315, 207, 100, 0.0, 0.0]
[315, 54, 315, 207, 100, 0.0, 0.0]
[315, 53, 315, 207, 100, 0.0, 0.0]
[315, 52, 315, 207, 100, 0.0, 0.0]
[315, 51, 315, 207, 100, 0.0, 0.0]
[315, 50, 315, 207, 100, 0.0, 0.0]
[315, 49, 315, 207, 100, 0.0, 0.0]
[315, 48, 315, 207, 100, 0.0, 0.0]
[315, 47, 315, 207, 100, 0.0, 0.0]
[315, 46, 315, 207, 100, 0.0, 0.0]
[315, 45, 315, 207, 100, 0.0, 0.0]
[315, 315, 315, 207, 100, 0.0, 1.0]
[315, 315, 315, 207, 100, 0.0, 1.0]
[315, 315, 315, 207, 100, 0.0, 1.0]
[315, 315, 315, 207, 100, 0.0, 1.0]
[315, 315, 315, 207, 100, 0.0, 1.0]
[315, 315, 315, 207, 100, 0.0, 1.0]
[315, 315, 315, 207, 100, 0.0, 1.0]
[315, 315, 315, 207, 100, 0.0, 1.0]
[315, 315, 315, 207, 100, 0.0, 1.0]
[315, 315, 315, 207, 100, 0.0, 1.0]
[315, 315, 315, 204, 100, 0.0, 1.0]
[315, 315, 315, 201, 100, 0.0, 1.0]
[315, 315, 315, 198, 100, 0.0, 1.0]
[315, 315, 315, 195, 100, 0.0, 1.0]
[315, 315, 315, 192, 100, 0.0, 1.0]
[315, 315, 315, 190, 100, 0.0, 1.0]
[315, 315, 315, 187, 100, 0.0, 1.0]
[315, 315, 315, 185, 100, 0.0, 1.0]
[315, 315, 315, 183, 100, 0.0, 1.0]
[315, 315, 315, 181, 100, 0.0, 1.0]
[315, 315, 315, 179, 100, 0.0, 1.0]
[315, 315, 315, 177, 100, 0.0, 1.0]
[315, 315, 315, 175, 100, 0.0, 1.0]
[315, 315, 315, 180, 100, 0.0, 1.0]
[315, 315, 315, 185, 100, 0.0, 1.0]
[315, 315, 315, 189, 100, 0.0, 1.0]
[315, 315, 315, 194, 100, 0.0, 1.0]
[315, 315, 315, 199, 100, 0.0, 1.0]
[315, 315, 315, 204, 100, 0.0, 1.0]
[315, 315, 315, 208, 100, 0.0, 1.0]
[315, 315, 315, 213, 100, 0.0, 1.0]
[315, 315, 315, 218, 100, 0.0, 1.0]
[315, 315, 315, 223, 100, 0.0, 1.0]
[315, 315, 315, 228, 100, 0.0, 1.0]
[315, 315, 315, 232, 100, 0.0, 1.0]
[315, 315, 315, 237, 100, 0.0, 1.0]
[315, 315, 315, 242, 100, 0.0, 1.0]
[315, 315, 315, 247, 100, 0.0, 1.0]
[315, 315, 315, 252, 100, 0.0, 1.0]
[315, 315, 315, 257, 100, 0.0, 1.0]
[315, 315, 315, 261, 100, 0.0, 1.0]
[315, 315, 315, 260, 100, 0.0, 1.0]
[315, 315, 315, 259, 100, 0.0, 1.0]
[315, 315, 315, 258, 100, 0.0, 1.0]
[315, 315, 315, 258, 100, 0.0, 1.0]
[315, 315, 315, 257, 100, 0.0, 1.0]
[315, 315, 315, 256, 100, 0.0, 1.0]
[315, 315, 315, 256, 100, 0.0, 1.0]
[315, 315, 315, 261, 100, 0.0, 1.0]
[315, 315, 315, 266, 100, 0.0, 1.0]
[315, 315, 315, 271, 100, 0.0, 1.0]
[315, 315, 315, 276, 100, 0.0, 1.0]
[315, 315, 315, 281, 100, 0.0, 1.0]
[315, 315, 310, 286, 100, 0.0, 1.0]
[315, 315, 305, 291, 100, 0.0, 1.0]
[315, 315, 300, 296, 100, 0.0, 1.0]
[315, 315, 295, 301, 100, 0.0, 1.0]
[315, 315, 290, 306, 100, 0.0, 1.0]
[315, 315, 286, 315, 100, 0.0, 1.0]
[315, 315, 281, 315, 100, 0.0, 1.0]
[315, 315, 276, 315, 100, 0.0, 1.0]
[315, 315, 271, 315, 100, 0.0, 1.0]
[315, 315, 266, 315, 100, 0.0, 1.0]
[315, 315, 261, 315, 100, 0.0, 1.0]
[315, 315, 256, 315, 100, 0.0, 1.0]
[315, 315, 251, 315, 100, 0.0, 1.0]
[315, 315, 246, 315, 100, 0.0, 1.0]
[315, 315, 241, 315, 100, 0.0, 1.0]
[315, 315, 236, 315, 100, 0.0, 1.0]
[315, 315, 231, 315, 100, 0.0, 1.0]
[315, 315, 226, 315, 100, 0.0, 1.0]
[315, 315, 221, 315, 100, 0.0, 1.0]
[315, 315, 216, 315, 100, 0.0, 1.0]
[315, 315, 211, 315, 100, 0.0, 1.0]
[315, 315, 206, 315, 100, 0.0, 1.0]
[315, 315, 201, 315, 100, 0.0, 1.0]
[315, 315, 196, 315, 100, 0.0, 1.0]
[315, 315, 191, 315, 100, 0.0, 1.0]
[315, 315, 186, 315, 100, 0.0, 1.0]
[315, 315, 181, 315, 100, 0.0, 1.0]
[315, 315, 176, 315, 100, 0.0, 1.0]
[315, 315, 171, 315, 100, 0.0, 1.0]
[315, 315, 166, 315, 100, 0.0, 1.0]
[315, 315, 161, 315, 100, 0.0, 1.0]
[315, 315, 156, 315, 100, 0.0, 1.0]
[315, 315, 151, 315, 100, 0.0, 1.0]
[315, 315, 146, 315, 100, 0.0, 1.0]
[315, 315, 142, 315, 100, 0.0, 1.0]
[315, 315, 137, 315, 100, 0.0, 1.0]
[315, 315, 132, 315, 100, 0.0, 1.0]
[315, 315, 127, 315, 100, 0.0, 1.0]
[315, 315, 122, 315, 100, 0.0, 1.0]
[315, 315, 117, 315, 100, 0.0, 1.0]
[315, 315, 112, 315, 100, 0.0, 1.0]
[315, 315, 107, 315, 100, 0.0, 1.0]
[315, 315, 102, 315, 100, 0.0, 1.0]
[315, 315, 97, 315, 100, 0.0, 1.0]
[315, 315, 93, 315, 100, 0.0, 1.0]
[315, 315, 88, 315, 100, 0.0, 1.0]
[315, 315, 83, 315, 100, 0.0, 1.0]
[315, 315, 78, 315, 100, 0.0, 1.0]
[315, 315, 74, 315, 100, 0.0, 1.0]
[315, 315, 69, 315, 100, 0.0, 1.0]
[315, 315, 64, 315, 100, 0.0, 1.0]
[315, 315, 60, 315, 100, 0.0, 1.0]
[315, 315, 55, 315, 100, 0.0, 1.0]
[315, 315, 51, 315, 100, 0.0, 1.0]
[315, 315, 46, 315, 100, 0.0, 1.0]
[315, 315, 42, 315, 100, 0.0, 1.0]
[315, 315, 38, 315, 100, 0.0, 1.0]
[315, 315, 315, 315, 100, 0.5, 1.0]
[315, 315, 315, 315, 100, 0.5, 1.0]
[315, 315, 315, 315, 100, 0.5, 1.0]
[315, 315, 315, 315, 100, 0.5, 1.0]
[315, 315, 315, 315, 100, 0.5, 1.0]
[315, 315, 315, 315, 100, 0.5, 1.0]
[315, 315, 315, 315, 100, 0.5, 1.0]
[315, 315, 315, 315, 100, 0.5, 1.0]
[315, 315, 315, 315, 100, 0.5, 1.0]
[315, 315, 315, 315, 100, 0.5, 1.0]
[315, 315, 315, 315, 100, 0.5, 1.0]
[315, 315, 315, 315, 100, 0.5, 1.0]
[315, 315, 315, 315, 100, 0.5, 1.0]
[315, 315, 315, 315, 100, 0.5, 1.0]
[315, 315, 315, 315, 100, 0.5, 1.0]
[315, 315, 315, 315, 100, 0.5, 1.0]
[315, 315, 315, 315, 100, 0.5, 1.0]
[315, 315, 315, 315, 100, 0.5, 1.0]
[315, 315, 315, 315, 100, 0.5, 1.0]
[315, 315, 315, 315, 100, 0.5, 1.0]
[315, 315, 315, 315, 100, 0.5, 1.0]
[315, 315, 315, 315, 100, 0.5, 1.0]
[315, 315, 315, 315, 100, 0.5, 1.0]
[315, 315, 315, 315, 100, 0.5, 1.0]
[315, 315, 315, 315, 100, 0.5, 1.0]
[315, 315, 315, 315, 100, 0.5, 1.0]
[315, 315, 315, 315, 100, 0.5, 1.0]
[315, 315, 315, 315, 100, 0.5, 1.0]
[315, 315, 315, 315, 100, 0.5, 1.0]
[315, 315, 315, 315, 100, 0.5, 1.0]
[315, 315, 315, 315, 100, 0.5, 1.0]
[315, 315, 315, 315, 100, 0.5, 1.0]
[315, 315, 315, 315, 100, 0.5, 1.0]
[315, 315, 315, 315, 100, 0.5, 1.0]
[315, 315, 315, 315, 100, 0.5, 1.0]
[315, 315, 315, 315, 100, 0.5, 1.0]
[315, 315, 315, 315, 100, 0.5, 1.0]
[315, 315, 315, 315, 100, 0.5, 1.0]
[315, 315, 315, 315, 100, 0.5, 1.0]
[315, 315, 315, 315, 100, 0.5, 1.0]
[315, 315, 315, 315, 100, 0.5, 1.0]
[315, 315, 315, 315, 100, 0.5, 1.0]
[315, 315, 315, 315, 100, 0.5, 1.0]
[315, 315, 315, 315, 100, 0.5, 1.0]
[315, 315, 315, 315, 100, 0.5, 1.0]
[315, 315, 315, 315, 100, 0.5, 1.0]
[315, 315, 315, 315, 100, 0.5, 1.0]
[315, 315, 315, 315, 100, 0.5, 1.0]
[315, 315, 315, 315, 100, 0.5, 1.0]
[315, 315, 315, 315, 100, 0.5, 1.0]
[315, 315, 315, 315, 100, 0.5, 1.0]
[315, 315, 315, 315, 100, 0.5, 1.0]
[315, 315, 315, 315, 100, 0.5, 1.0]
[315, 315, 315, 315, 100, 0.5, 1.0]
[315, 315, 315, 315, 100, 0.5, 1.0]
[315, 315, 315, 315, 100, 0.5, 1.0]
[315, 315, 315, 315, 100, 0.5, 1.0]
[315, 315, 315, 315, 100, 0.5, 1.0]
[315, 315, 315, 315, 100, 0.5, 1.0]
[315, 315, 315, 315, 100, 0.5, 1.0]
[315, 315, 315, 315, 100, 0.5, 1.0]
[315, 315, 315, 315, 100, 0.5, 1.0]
[315, 315, 315, 315, 100, 0.5, 1.0]
[315, 315, 315, 306, 100, 0.5, 1.0]
[315, 315, 315, 301, 100, 0.5, 1.0]
[315, 315, 315, 296, 100, 0.5, 1.0]
[315, 315, 315, 291, 100, 0.5, 1.0]
[315, 315, 315, 286, 100, 0.5, 1.0]
[315, 315, 315, 281, 100, 0.5, 1.0]
[315, 315, 315, 276, 100, 0.5, 1.0]
[315, 315, 315, 271, 100, 0.5, 1.0]
[315, 315, 315, 266, 100, 0.5, 1.0]
[315, 315, 315, 261, 100, 0.5, 1.0]
[315, 315, 315, 256, 100, 0.5, 1.0]
[315, 315, 315, 251, 100, 0.5, 1.0]
[315, 315, 315, 246, 100, 0.5, 1.0]
[315, 315, 315, 241, 100, 0.5, 1.0]
[315, 315, 315, 236, 100, 0.5, 1.0]
[315, 315, 315, 231, 100, 0.5, 1.0]
[315, 315, 315, 226, 100, 0.5, 1.0]
[315, 315, 315, 221, 100, 0.5, 1.0]
[315, 315, 315, 216, 100, 0.5, 1.0]
[315, 315, 315, 211, 100, 0.5, 1.0]
[315, 315, 315, 206, 100, 0.5, 1.0]
[315, 315, 315, 201, 100, 0.5, 1.0]
[315, 315, 315, 196, 100, 0.5, 1.0]
[315, 315, 315, 191, 100, 0.5, 1.0]
[315, 315, 315, 186, 100, 0.5, 1.0]
[315, 315, 315, 181, 100, 0.5, 1.0]
[315, 315, 315, 176, 100, 0.5, 1.0]
[315, 315, 315, 171, 100, 0.5, 1.0]
[315, 315, 315, 166, 100, 0.5, 1.0]
[315, 315, 315, 161, 100, 0.5, 1.0]
[315, 315, 315, 157, 100, 0.5, 1.0]
[315, 315, 315, 152, 100, 0.5, 1.0]
[315, 315, 315, 147, 100, 0.5, 1.0]
[315, 315, 315, 142, 100, 0.5, 1.0]
[315, 315, 315, 137, 100, 0.5, 1.0]
[315, 315, 315, 132, 100, 0.5, 1.0]
[315, 315, 315, 127, 100, 0.5, 1.0]
[315, 315, 315, 122, 100, 0.5, 1.0]
[315, 315, 315, 117, 100, 0.5, 1.0]
[315, 315, 315, 112, 100, 0.5, 1.0]
[315, 315, 315, 107, 100, 0.5, 1.0]
[315, 315, 315, 103, 100, 0.5, 1.0]
[315, 315, 315, 98, 100, 0.5, 1.0]
[315, 315, 315, 93, 100, 0.5, 1.0]
[315, 315, 315, 88, 100, 0.5, 1.0]
[315, 315, 315, 83, 100, 0.5, 1.0]
[315, 315, 315, 79, 100, 0.5, 1.0]
[315, 315, 315, 74, 100, 0.5, 1.0]
[315, 315, 315, 74, 100, 0.5, 1.0]
[315, 315, 315, 74, 100, 0.5, 1.0]
[315, 315, 315, 74, 100, 0.5, 1.0]
[315, 315, 315, 74, 100, 0.5, 1.0]
[315, 315, 315, 74, 100, 0.5, 1.0]
[315, 315, 315, 74, 100, 0.5, 1.0]
[315, 315, 315, 74, 100, 0.5, 1.0]
[315, 315, 315, 74, 100, 0.5, 1.0]
[315, 315, 315, 72, 100, 0.5, 1.0]
[315, 315, 315, 71, 100, 0.5, 1.0]
[315, 315, 315, 70, 100, 0.5, 1.0]
[315, 315, 315, 70, 100, 0.5, 1.0]
[315, 315, 315, 70, 100, 0.5, 1.0]
[315, 315, 315, 70, 100, 0.5, 1.0]
[315, 315, 315, 70, 100, 0.5, 1.0]
[315, 315, 315, 71, 100, 0.5, 1.0]
[315, 315, 315, 72, 100, 0.5, 1.0]
[315, 315, 315, 74, 100, 0.5, 1.0]
[315, 315, 315, 76, 100, 0.5, 1.0]
[315, 315, 315, 78, 100, 0.5, 1.0]
[315, 315, 315, 80, 100, 0.5, 1.0]
[315, 315, 315, 79, 100, 0.5, 1.0]
[315, 315, 315, 75, 100, 0.5, 1.0]
[315, 315, 315, 71, 100, 0.5, 1.0]
[315, 315, 315, 67, 100, 0.5, 1.0]
[315, 315, 315, 63, 100, 0.5, 1.0]
[315, 315, 315, 60, 100, 0.5, 1.0]
[315, 315, 315, 57, 100, 0.5, 1.0]
[315, 315, 315, 54, 100, 0.5, 1.0]
[315, 315, 315, 51, 100, 0.5, 1.0]
[315, 315, 315, 49, 100, 0.5, 1.0]
[315, 315, 315, 47, 100, 0.5, 1.0]
[315, 315, 315, 46, 100, 0.5, 1.0]
[315, 315, 315, 45, 100, 0.5, 1.0]
[315, 315, 315, 45, 100, 0.5, 1.0]
[315, 315, 315, 50, 100, 0.5, 1.0]
[315, 315, 315, 55, 100, 0.5, 1.0]
[315, 315, 315, 60, 100, 0.5, 1.0]
[315, 315, 315, 65, 100, 0.5, 1.0]
[315, 315, 315, 70, 100, 0.5, 1.0]
[315, 315, 315, 75, 100, 0.5, 1.0]
[315, 315, 315, 80, 100, 0.5, 1.0]
[315, 315, 315, 85, 100, 0.5, 1.0]
[315, 315, 315, 90, 100, 0.5, 1.0]
[315, 315, 315, 95, 100, 0.5, 1.0]
[315, 315, 315, 100, 100, 0.5, 1.0]
[315, 315, 315, 105, 100, 0.5, 1.0]
[315, 315, 315, 110, 100, 0.5, 1.0]
[315, 315, 315, 115, 100, 0.5, 1.0]
[315, 315, 315, 120, 100, 0.5, 1.0]
[315, 315, 315, 125, 100, 0.5, 1.0]
[315, 315, 315, 130, 100, 0.5, 1.0]
[315, 315, 315, 135, 100, 0.5, 1.0]
[315, 315, 315, 140, 100, 0.5, 1.0]
[315, 315, 315, 145, 100, 0.5, 1.0]
[315, 315, 315, 150, 100, 0.5, 1.0]
[315, 315, 315, 155, 100, 0.5, 1.0]
[315, 315, 315, 160, 100, 0.5, 1.0]
[315, 315, 315, 165, 100, 0.5, 1.0]
[315, 315, 315, 170, 100, 0.5, 1.0]
[315, 315, 315, 175, 100, 0.5, 1.0]
[315, 315, 315, 180, 100, 0.5, 1.0]
[315, 315, 315, 185, 100, 0.5, 1.0]
[315, 315, 315, 190, 100, 0.5, 1.0]
[315, 315, 315, 195, 100, 0.5, 1.0]
[315, 315, 315, 200, 100, 0.5, 1.0]
[315, 315, 315, 205, 100, 0.5, 1.0]
[315, 315, 315, 210, 100, 0.5, 1.0]
[315, 315, 315, 215, 100, 0.5, 1.0]
[315, 315, 315, 220, 100, 0.5, 1.0]
[315, 315, 315, 225, 100, 0.5, 1.0]
[315, 315, 315, 230, 100, 0.5, 1.0]
[315, 315, 315, 235, 100, 0.5, 1.0]
[315, 315, 315, 240, 100, 0.5, 1.0]
[315, 315, 315, 245, 100, 0.5, 1.0]
[315, 315, 315, 250, 100, 0.5, 1.0]
[315, 315, 315, 255, 100, 0.5, 1.0]
[315, 315, 315, 260, 100, 0.5, 1.0]
[315, 315, 315, 265, 100, 0.5, 1.0]
[315, 315, 315, 270, 100, 0.5, 1.0]
[315, 315, 315, 275, 100, 0.5, 1.0]
[315, 315, 315, 280, 100, 0.5, 1.0]
[315, 315, 315, 285, 100, 0.5, 1.0]
[315, 315, 315, 290, 100, 0.5, 1.0]
[315, 315, 315, 295, 100, 0.5, 1.0]
[315, 315, 315, 300, 100, 0.5, 1.0]
[315, 315, 315, 305, 100, 0.5, 1.0]
[315, 315, 315, 315, 100, 0.5, 1.0]
[315, 315, 315, 315, 100, 0.5, 1.0]
[315, 315, 315, 315, 100, 0.5, 1.0]
[315, 315, 315, 315, 100, 0.5, 1.0]
[315, 315, 315, 315, 100, 0.5, 1.0]
[315, 315, 315, 315, 100, 0.5, 1.0]
[315, 315, 315, 315, 100, 0.5, 1.0]
[315, 315, 315, 315, 100, 0.5, 1.0]
[315, 315, 315, 315, 100, 0.5, 1.0]
[315, 315, 315, 315, 100, 0.5, 1.0]
[315, 315, 315, 315, 100, 0.5, 1.0]
[315, 315, 315, 315, 100, 0.5, 1.0]
[315, 315, 315, 315, 100, 0.5, 1.0]
[315, 315, 315, 315, 100, 0.5, 1.0]
[315, 315, 315, 315, 100, 0.5, 1.0]
[315, 315, 315, 315, 100, 0.5, 1.0]
[315, 315, 315, 315, 100, 0.5, 1.0]
[315, 315, 315, 315, 100, 0.5, 1.0]
[315, 315, 315, 315, 100, 0.5, 1.0]
[315, 315, 315, 315, 100, 0.5, 1.0]
[315, 315, 315, 315, 100, 0.5, 1.0]
[315, 315, 315, 315, 100, 0.5, 1.0]
[315, 315, 315, 315, 100, 0.5, 1.0]
[315, 315, 315, 315, 100, 0.5, 1.0]
[315, 315, 315, 315, 100, 0.5, 1.0]
[315, 315, 315, 315, 100, 0.5, 1.0]
[315, 315, 315, 315, 100, 0.5, 1.0]
[315, 315, 315, 315, 100, 0.5, 1.0]
[315, 315, 315, 315, 100, 0.5, 1.0]
[315, 315, 315, 315, 100, 0.5, 1.0]
[315, 315, 315, 315, 100, 0.5, 1.0]
[315, 315, 315, 315, 100, 0.5, 1.0]
[315, 315, 315, 315, 100, 0.5, 1.0]
[315, 315, 315, 315, 100, 0.5, 1.0]
[315, 315, 315, 315, 100, 0.5, 1.0]
[315, 315, 315, 315, 100, 0.5, 1.0]
[315, 315, 315, 315, 100, 0.5, 1.0]
[315, 315, 315, 315, 100, 0.5, 1.0]
[315, 315, 315, 315, 100, 0.5, 1.0]
[315, 315, 315, 315, 100, 0.5, 1.0]
[315, 315, 315, 315, 100, 0.5, 1.0]
[315, 315, 315, 315, 100, 0.5, 1.0]
[315, 315, 315, 315, 100, 0.5, 1.0]
[315, 315, 315, 315, 100, 0.5, 1.0]
[315, 315, 315, 315, 100, 0.5, 1.0]
[315, 315, 315, 315, 100, 0.5, 1.0]
[315, 315, 315, 315, 100, 0.5, 1.0]
[315, 315, 315, 315, 100, 0.5, 1.0]
[315, 315, 315, 315, 100, 0.5, 1.0]
[315, 315, 315, 315, 100, 0.5, 1.0]
[315, 315, 315, 315, 100, 0.5, 1.0]
[315, 315, 315, 315, 100, 0.5, 1.0]
[315, 315, 315, 315, 100, 0.5, 1.0]
[315, 315, 315, 315, 100, 0.5, 1.0]
[315, 315, 315, 315, 100, 0.5, 1.0]
[315, 315, 315, 315, 100, 0.5, 1.0]
[315, 315, 315, 315, 100, 0.5, 1.0]
[315, 315, 315, 315, 100, 0.5, 1.0]
[315, 315, 315, 315, 100, 0.5, 1.0]
[315, 315, 315, 315, 100, 0.5, 1.0]
[315, 315, 315, 315, 100, 0.5, 1.0]
[315, 315, 315, 315, 100, 0.5, 1.0]
[315, 315, 315, 315, 100, 0.5, 1.0]
[315, 315, 315, 315, 100, 0.5, 1.0]
[315, 315, 315, 315, 100, 0.5, 1.0]
[315, 315, 315, 315, 100, 0.5, 1.0]
[315, 315, 315, 315, 100, 0.5, 1.0]
[315, 315, 315, 315, 100, 0.5, 1.0]
[315, 315, 315, 315, 100, 0.5, 1.0]
[315, 315, 315, 315, 100, 0.5, 1.0]
[315, 315, 315, 315, 100, 0.5, 1.0]
[315, 315, 315, 315, 100, 0.5, 1.0]
[315, 315, 315, 315, 100, 0.5, 1.0]
[315, 315, 315, 315, 100, 0.5, 1.0]
[315, 315, 315, 315, 100, 0.5, 1.0]
[315, 315, 315, 315, 100, 0.5, 1.0]
[315, 315, 315, 315, 100, 0.5, 1.0]
[315, 315, 315, 315, 100, 0.5, 1.0]
[315, 315, 315, 315, 100, 0.5, 1.0]
[315, 315, 315, 315, 100, 0.5, 1.0]
[315, 315, 315, 315, 100, 0.5, 1.0]
[315, 315, 315, 315, 100, 0.5, 1.0]
[315, 315, 315, 315, 100, 0.5, 1.0]
[315, 315, 315, 315, 100, 0.5, 1.0]
[315, 315, 315, 315, 100, 0.5, 1.0]
[315, 315, 315, 315, 100, 0.5, 1.0]
[315, 315, 315, 315, 100, 0.5, 1.0]
[315, 315, 315, 315, 100, 0.5, 1.0]
[315, 315, 315, 315, 100, 0.5, 1.0]
[315, 315, 315, 315, 100, 0.5, 1.0]
[315, 315, 315, 315, 100, 0.5, 1.0]
[315, 315, 315, 315, 100, 0.5, 1.0]
[315, 315, 315, 315, 100, 0.5, 1.0]
[315, 315, 315, 315, 100, 0.5, 1.0]
[315, 315, 315, 315, 100, 0.5, 1.0]
[315, 315, 315, 315, 100, 0.5, 1.0]
[315, 315, 315, 315, 100, 0.5, 1.0]
[315, 315, 315, 315, 100, 0.5, 1.0]
[315, 315, 315, 315, 100, 0.5, 1.0]
[315, 315, 315, 315, 100, 0.5, 1.0]
[315, 315, 315, 315, 100, 0.5, 1.0]
[315, 315, 315, 315, 100, 0.5, 1.0]
[315, 315, 315, 315, 100, 0.5, 1.0]
[315, 315, 315, 315, 100, 0.5, 1.0]
[315, 315, 315, 315, 100, 0.5, 1.0]
[315, 315, 315, 315, 100, 0.5, 1.0]
[315, 315, 315, 315, 100, 0.5, 1.0]
[315, 315, 315, 315, 100, 0.5, 1.0]
[315, 315, 315, 315, 100, 0.5, 1.0]
[315, 315, 315, 315, 100, 0.5, 1.0]
[315, 315, 315, 315, 100, 0.5, 1.0]
[315, 315, 315, 315, 100, 0.5, 1.0]
[315, 315, 315, 315, 100, 0.5, 1.0]
[315, 315, 315, 315, 100, 0.5, 1.0]
[315, 315, 315, 315, 100, 0.5, 1.0]
[315, 315, 315, 315, 100, 0.5, 1.0]
[315, 315, 315, 315, 100, 0.5, 1.0]
[315, 315, 315, 315, 100, 0.5, 1.0]
[315, 315, 315, 315, 100, 0.5, 1.0]
[315, 315, 315, 315, 100, 0.5, 1.0]
[315, 315, 315, 315, 100, 0.5, 1.0]
[315, 315, 315, 315, 100, 0.5, 1.0]
[315, 315, 315, 315, 100, 0.5, 1.0]
[315, 315, 315, 315, 100, 0.5, 1.0]
[315, 315, 315, 315, 100, 0.5, 1.0]
[315, 315, 315, 315, 100, 0.5, 1.0]
[315, 315, 315, 315, 100, 0.5, 1.0]
[315, 315, 315, 315, 100, 0.5, 1.0]
[315, 315, 315, 315, 100, 0.5, 1.0]
[315, 315, 315, 315, 100, 0.5, 1.0]
[315, 315, 315, 315, 100, 0.5, 1.0]
[315, 315, 315, 315, 100, 0.5, 1.0]
[315, 315, 315, 315, 100, 0.5, 1.0]
[315, 315, 315, 315, 100, 0.5, 1.0]
[315, 315, 315, 315, 100, 0.5, 1.0]
[315, 315, 315, 315, 100, 0.5, 1.0]
[315, 315, 315, 315, 100, 0.5, 1.0]
[315, 315, 315, 315, 100, 0.5, 1.0]
[315, 315, 315, 315, 100, 0.5, 1.0]
[315, 315, 315, 315, 100, 0.5, 1.0]
[315, 315, 315, 315, 100, 0.5, 1.0]
[315, 315, 315, 315, 100, 0.5, 1.0]
[315, 315, 315, 315, 100, 0.5, 1.0]
[315, 315, 315, 315, 100, 0.5, 1.0]
[315, 315, 315, 315, 100, 0.5, 1.0]
[315, 315, 315, 315, 100, 0.5, 1.0]
[315, 315, 315, 315, 100, 0.5, 1.0]
[315, 315, 315, 315, 100, 0.5, 1.0]
[315, 315, 315, 315, 100, 0.5, 1.0]
[315, 315, 315, 315, 100, 0.5, 1.0]
[315, 315, 315, 315, 100, 0.5, 1.0]
[315, 315, 315, 315, 100, 0.5, 1.0]
[315, 315, 315, 315, 100, 0.5, 1.0]
[315, 315, 315, 315, 100, 0.5, 1.0]
[315, 315, 315, 315, 100, 0.5, 1.0]
[315, 315, 315, 315, 100, 0.5, 1.0]
[315, 315, 315, 315, 100, 0.5, 1.0]
[315, 315, 315, 315, 100, 0.5, 1.0]
[315, 315, 315, 315, 100, 0.5, 1.0]
[315, 315, 315, 315, 100, 0.5, 1.0]
[315, 315, 315, 315, 100, 0.5, 1.0]
[315, 315, 315, 315, 100, 0.5, 1.0]
[315, 315, 315, 315, 100, 0.5, 1.0]
[315, 315, 315, 315, 100, 0.5, 1.0]
[315, 315, 315, 315, 100, 0.5, 1.0]
[315, 315, 315, 315, 100, 0.5, 1.0]
[315, 315, 315, 315, 100, 0.5, 1.0]
[315, 315, 315, 315, 100, 0.5, 1.0]
[315, 315, 315, 315, 100, 0.5, 1.0]
[315, 315, 315, 315, 100, 0.5, 1.0]
[315, 315, 315, 315, 100, 0.5, 1.0]
[315, 315, 315, 315, 100, 0.5, 1.0]
[315, 315, 315, 315, 100, 0.5, 1.0]
[315, 315, 315, 315, 100, 0.5, 1.0]
[315, 315, 315, 315, 100, 0.5, 1.0]
[315, 315, 315, 315, 100, 0.5, 1.0]
[315, 315, 315, 315, 100, 0.5, 1.0]
[315, 315, 315, 315, 100, 0.5, 1.0]
[315, 315, 315, 315, 100, 0.5, 1.0]
[315, 315, 315, 315, 100, 0.5, 1.0]
[315, 315, 315, 315, 100, 0.5, 1.0]
[315, 315, 315, 315, 100, 0.5, 1.0]
[315, 315, 315, 315, 100, 0.5, 1.0]
[315, 315, 315, 315, 100, 0.5, 1.0]
[315, 315, 315, 315, 100, 0.5, 1.0]
[315, 315, 315, 315, 100, 0.5, 1.0]
[315, 315, 315, 315, 100, 0.5, 1.0]
[315, 315, 315, 315, 100, 0.5, 1.0]
[315, 315, 315, 315, 100, 0.5, 1.0]
[315, 315, 315, 315, 100, 0.5, 1.0]
[315, 315, 315, 315, 100, 0.5, 1.0]
[315, 315, 315, 315, 100, 0.5, 1.0]
[315, 315, 315, 315, 100, 0.5, 1.0]
[315, 315, 315, 315, 100, 0.5, 1.0]
[315, 315, 315, 315, 100, 0.5, 1.0]
[315, 315, 315, 315, 100, 0.5, 1.0]
[315, 315, 315, 315, 100, 0.5, 1.0]
[315, 315, 315, 315, 100, 0.5, 1.0]
[315, 315, 315, 315, 100, 0.5, 1.0]
[315, 315, 315, 315, 100, 0.5, 1.0]
[315, 315, 315, 315, 100, 0.5, 1.0]
[315, 315, 315, 315, 100, 0.5, 1.0]
[315, 315, 315, 315, 100, 0.5, 1.0]
[315, 315, 315, 315, 100, 0.5, 1.0]
[315, 315, 315, 315, 100, 0.5, 1.0]
[315, 315, 315, 315, 100, 0.5, 1.0]
[315, 315, 315, 315, 100, 0.5, 1.0]
[315, 315, 315, 315, 100, 0.5, 1.0]
[315, 315, 315, 315, 100, 0.5, 1.0]
[315, 315, 315, 315, 100, 0.5, 1.0]
[315, 315, 315, 315, 100, 0.5, 1.0]
[315, 315, 315, 315, 100, 0.5, 1.0]
[315, 315, 315, 315, 100, 0.5, 1.0]
[315, 315, 315, 315, 100, 0.5, 1.0]
[315, 315, 315, 315, 100, 0.5, 1.0]
[315, 315, 315, 315, 100, 0.5, 1.0]
[315, 315, 315, 315, 100, 0.5, 1.0]
[315, 315, 315, 315, 100, 0.5, 1.0]
[315, 315, 315, 315, 100, 0.5, 1.0]
[315, 315, 315, 315, 100, 0.5, 1.0]
[315, 315, 315, 315, 100, 0.5, 1.0]
[315, 315, 315, 315, 100, 0.5, 1.0]
[315, 315, 315, 315, 100, 0.5, 1.0]
[315, 315, 315, 315, 100, 0.5, 1.0]
[315, 315, 315, 315, 100, 0.5, 1.0]
[315, 315, 315, 315, 100, 0.5, 1.0]
[315, 315, 315, 315, 100, 0.5, 1.0]
[315, 315, 315, 315, 100, 0.5, 1.0]
[315, 315, 315, 315, 100, 0.5, 1.0]
[315, 315, 315, 315, 100, 0.5, 1.0]
[315, 315, 315, 315, 100, 0.5, 1.0]
[315, 315, 315, 315, 100, 0.5, 1.0]
[315, 315, 315, 315, 100, 0.5, 1.0]
[315, 315, 315, 315, 100, 0.5, 1.0]
[315, 315, 315, 315, 100, 0.5, 1.0]
[315, 315, 315, 315, 100, 0.5, 1.0]
[315, 315, 315, 315, 100, 0.5, 1.0]
[315, 315, 315, 315, 100, 0.5, 1.0]
[315, 315, 315, 315, 100, 0.5, 1.0]
[315, 315, 315, 315, 100, 0.5, 1.0]
[315, 315, 315, 315, 100, 0.5, 1.0]
[315, 315, 315, 315, 100, 0.5, 1.0]
[315, 315, 315, 315, 100, 0.5, 1.0]
[315, 315, 315, 315, 100, 0.5, 1.0]
[315, 315, 315, 315, 100, 0.5, 1.0]
[315, 315, 315, 315, 100, 0.5, 1.0]
[315, 315, 315, 315, 100, 0.5, 1.0]
[315, 315, 315, 315, 100, 0.5, 1.0]
[315, 315, 315, 315, 100, 0.5, 1.0]
[315, 315, 315, 315, 100, 0.5, 1.0]
[315, 315, 315, 315, 100, 0.5, 1.0]
[315, 315, 315, 315, 100, 0.5, 1.0]
[315, 315, 315, 315, 100, 0.5, 1.0]
[315, 315, 315, 315, 100, 0.5, 1.0]
[315, 315, 315, 315, 100, 0.5, 1.0]
[315, 315, 315, 315, 100, 0.5, 1.0]
[315, 315, 315, 315, 100, 0.5, 1.0]
[315, 315, 315, 315, 100, 0.5, 1.0]
[315, 315, 315, 315, 100, 0.5, 1.0]
[315, 315, 315, 315, 100, 0.5, 1.0]
[315, 315, 315, 315, 100, 0.5, 1.0]
[315, 315, 315, 315, 100, 0.5, 1.0]
[315, 315, 315, 315, 100, 0.5, 1.0]
[315, 315, 315, 315, 100, 0.5, 1.0]
[315, 315, 315, 315, 100, 0.5, 1.0]
[315, 315, 315, 315, 100, 0.5, 1.0]
[315, 315, 315, 315, 100, 0.5, 1.0]
[315, 315, 315, 315, 100, 0.5, 1.0]
[315, 315, 315, 315, 100, 0.5, 1.0]
[315, 315, 315, 315, 100, 0.5, 1.0]
[315, 315, 315, 315, 100, 0.5, 1.0]
[315, 315, 315, 315, 100, 0.5, 1.0]
[315, 315, 315, 315, 100, 0.5, 1.0]
[315, 315, 315, 315, 100, 0.5, 1.0]
[315, 315, 315, 315, 100, 0.5, 1.0]
[315, 315, 315, 315, 100, 0.5, 1.0]
[315, 315, 315, 315, 100, 0.5, 1.0]
[315, 315, 315, 315, 100, 0.5, 1.0]
[315, 315, 315, 315, 100, 0.5, 1.0]
[315, 315, 315, 315, 100, 0.5, 1.0]
[315, 315, 315, 315, 100, 0.5, 1.0]
[315, 315, 315, 315, 100, 0.5, 1.0]
[315, 315, 315, 315, 100, 0.5, 1.0]
[315, 315, 315, 315, 100, 0.5, 1.0]
[315, 315, 315, 315, 100, 0.5, 1.0]
[315, 315, 315, 315, 100, 0.5, 1.0]
[315, 315, 315, 315, 100, 0.5, 1.0]
[315, 315, 315, 315, 100, 0.5, 1.0]
[315, 315, 315, 315, 100, 0.5, 1.0]
[315, 315, 315, 315, 100, 0.5, 1.0]
[315, 315, 315, 315, 100, 0.5, 1.0]
[315, 315, 315, 315, 100, 0.5, 1.0]
[315, 315, 315, 315, 100, 0.5, 1.0]
[315, 315, 315, 315, 100, 0.5, 1.0]
[315, 315, 315, 315, 100, 0.5, 1.0]
[315, 315, 315, 315, 100, 0.5, 1.0]
[315, 315, 315, 315, 100, 0.5, 1.0]
[315, 315, 315, 315, 100, 0.5, 1.0]
[315, 315, 315, 315, 100, 0.5, 1.0]
[315, 315, 315, 315, 100, 0.5, 1.0]
[315, 315, 315, 315, 100, 0.5, 1.0]
[315, 315, 315, 315, 100, 0.5, 1.0]
[315, 315, 315, 315, 100, 0.5, 1.0]
[315, 315, 315, 315, 100, 0.5, 1.0]
[315, 315, 315, 315, 100, 0.5, 1.0]
[315, 315, 314, 315, 100, 0.5, 1.0]
[315, 315, 310, 315, 100, 0.5, 1.0]
[315, 315, 305, 315, 100, 0.5, 1.0]
[315, 315, 300, 315, 100, 0.5, 1.0]
[315, 315, 296, 315, 100, 0.5, 1.0]
[315, 315, 291, 315, 100, 0.5, 1.0]
[315, 315, 286, 315, 100, 0.5, 1.0]
[315, 315, 281, 315, 100, 0.5, 1.0]
[315, 315, 277, 315, 100, 0.5, 1.0]
[315, 315, 272, 315, 100, 0.5, 1.0]
[315, 315, 267, 315, 100, 0.5, 1.0]
[315, 315, 263, 315, 100, 0.5, 1.0]
[315, 315, 258, 315, 100, 0.5, 1.0]
[315, 315, 253, 315, 100, 0.5, 1.0]
[315, 315, 249, 315, 100, 0.5, 1.0]
[315, 315, 244, 315, 100, 0.5, 1.0]
[315, 315, 238, 315, 100, 0.5, 1.0]
[315, 315, 231, 315, 100, 0.5, 1.0]
[315, 315, 225, 315, 100, 0.5, 1.0]
[315, 315, 218, 315, 100, 0.5, 1.0]
[315, 315, 212, 315, 100, 0.5, 1.0]
[315, 315, 205, 315, 100, 0.5, 1.0]
[315, 315, 199, 315, 100, 0.5, 1.0]
[315, 315, 193, 315, 100, 0.5, 1.0]
[315, 315, 188, 315, 100, 0.5, 1.0]
[315, 315, 183, 315, 100, 0.5, 1.0]
[315, 315, 178, 315, 100, 0.5, 1.0]
[315, 315, 174, 315, 100, 0.5, 1.0]
[315, 315, 169, 315, 100, 0.5, 1.0]
[315, 315, 164, 315, 100, 0.5, 1.0]
[315, 315, 160, 315, 100, 0.5, 1.0]
[315, 315, 155, 315, 100, 0.5, 1.0]
[315, 315, 150, 315, 100, 0.5, 1.0]
[315, 315, 146, 315, 100, 0.5, 1.0]
[315, 315, 141, 315, 100, 0.5, 1.0]
[315, 315, 136, 315, 100, 0.5, 1.0]
[315, 315, 132, 315, 100, 0.5, 1.0]
[315, 315, 127, 315, 100, 0.5, 1.0]
[315, 315, 123, 315, 100, 0.5, 1.0]
[315, 315, 116, 315, 100, 0.5, 1.0]
[315, 315, 110, 315, 100, 0.5, 1.0]
[315, 315, 103, 315, 100, 0.5, 1.0]
[315, 315, 96, 315, 100, 0.5, 1.0]
[315, 315, 90, 315, 100, 0.5, 1.0]
[315, 315, 84, 315, 100, 0.5, 1.0]
[315, 315, 77, 315, 100, 0.5, 1.0]
[315, 315, 71, 315, 100, 0.5, 1.0]
[315, 315, 65, 315, 100, 0.5, 1.0]
[315, 315, 60, 315, 100, 0.5, 1.0]
[315, 315, 55, 315, 100, 0.5, 1.0]
[315, 315, 50, 315, 100, 0.5, 1.0]
[315, 315, 45, 315, 100, 0.5, 1.0]
[315, 315, 40, 315, 100, 0.5, 1.0]
[315, 315, 35, 315, 100, 0.5, 1.0]
[315, 315, 30, 315, 100, 0.5, 1.0]
[315, 315, 25, 315, 100, 0.5, 1.0]
[315, 315, 20, 315, 100, 0.5, 1.0]
[315, 315, 315, 315, 100, 1.0, 1.0]
[315, 315, 315, 315, 100, 1.0, 1.0]
[315, 315, 315, 315, 100, 1.0, 1.0]
[315, 315, 315, 315, 100, 1.0, 1.0]
[315, 315, 315, 315, 100, 1.0, 1.0]
[315, 315, 315, 315, 100, 1.0, 1.0]
[315, 315, 315, 315, 100, 1.0, 1.0]
[315, 315, 315, 315, 100, 1.0, 1.0]
[315, 315, 315, 315, 100, 1.0, 1.0]
[315, 315, 315, 315, 100, 1.0, 1.0]
[315, 315, 315, 315, 100, 1.0, 1.0]
[315, 315, 315, 315, 100, 1.0, 1.0]
[315, 315, 315, 315, 100, 1.0, 1.0]
[315, 315, 315, 315, 100, 1.0, 1.0]
[315, 315, 315, 315, 100, 1.0, 1.0]
[315, 315, 315, 315, 100, 1.0, 1.0]
[315, 315, 315, 315, 100, 1.0, 1.0]
[315, 315, 315, 315, 100, 1.0, 1.0]
[315, 315, 315, 315, 100, 1.0, 1.0]
[315, 315, 315, 315, 100, 1.0, 1.0]
[315, 315, 315, 315, 100, 1.0, 1.0]
[315, 315, 315, 315, 100, 1.0, 1.0]
[315, 315, 315, 315, 100, 1.0, 1.0]
[315, 315, 315, 315, 100, 1.0, 1.0]
[315, 315, 315, 315, 100, 1.0, 1.0]
[315, 315, 315, 315, 100, 1.0, 1.0]
[315, 315, 315, 315, 100, 1.0, 1.0]
[315, 315, 315, 315, 100, 1.0, 1.0]
[315, 315, 315, 315, 100, 1.0, 1.0]
[315, 315, 315, 315, 100, 1.0, 1.0]
[315, 315, 315, 315, 100, 1.0, 1.0]
[315, 315, 315, 315, 100, 1.0, 1.0]
[315, 315, 315, 315, 100, 1.0, 1.0]
[315, 315, 315, 315, 100, 1.0, 1.0]
[315, 315, 315, 315, 100, 1.0, 1.0]
[315, 315, 315, 315, 100, 1.0, 1.0]
[315, 315, 315, 315, 100, 1.0, 1.0]
[315, 315, 315, 315, 100, 1.0, 1.0]
[315, 315, 315, 315, 100, 1.0, 1.0]
[315, 315, 315, 315, 100, 1.0, 1.0]
[315, 315, 315, 315, 100, 1.0, 1.0]
[315, 315, 315, 315, 100, 1.0, 1.0]
[315, 315, 315, 315, 100, 1.0, 1.0]
[315, 315, 315, 315, 100, 1.0, 1.0]
[315, 315, 315, 315, 100, 1.0, 1.0]
[315, 315, 315, 315, 100, 1.0, 1.0]
[315, 315, 315, 315, 100, 1.0, 1.0]
[315, 315, 315, 315, 100, 1.0, 1.0]
[315, 315, 315, 315, 100, 1.0, 1.0]
[315, 315, 315, 315, 100, 1.0, 1.0]
[315, 315, 315, 315, 100, 1.0, 1.0]
[315, 315, 315, 315, 100, 1.0, 1.0]
[315, 315, 315, 315, 100, 1.0, 1.0]
[315, 315, 315, 315, 100, 1.0, 1.0]
[315, 315, 315, 315, 100, 1.0, 1.0]
[315, 315, 315, 315, 100, 1.0, 1.0]
[315, 315, 315, 315, 100, 1.0, 1.0]
[315, 315, 315, 315, 100, 1.0, 1.0]
[315, 315, 315, 315, 100, 1.0, 1.0]
[315, 315, 315, 315, 100, 1.0, 1.0]
[315, 315, 315, 315, 100, 1.0, 1.0]
[315, 315, 315, 315, 100, 1.0, 1.0]
[315, 315, 315, 315, 100, 1.0, 1.0]
[315, 315, 315, 315, 100, 1.0, 1.0]
[315, 315, 315, 315, 100, 1.0, 1.0]
[315, 315, 315, 315, 100, 1.0, 1.0]
[315, 315, 315, 315, 100, 1.0, 1.0]
[315, 315, 315, 315, 100, 1.0, 1.0]
[315, 315, 315, 315, 100, 1.0, 1.0]
[315, 315, 315, 315, 100, 1.0, 1.0]
[315, 315, 315, 315, 100, 1.0, 1.0]
[315, 315, 315, 315, 100, 1.0, 1.0]
[315, 315, 315, 315, 100, 1.0, 1.0]
[315, 315, 315, 315, 100, 1.0, 1.0]
[315, 315, 315, 315, 100, 1.0, 1.0]
[315, 315, 315, 315, 100, 1.0, 1.0]
[315, 315, 315, 315, 100, 1.0, 1.0]
[315, 315, 315, 315, 100, 1.0, 1.0]
[315, 315, 315, 315, 100, 1.0, 1.0]
[315, 315, 315, 315, 100, 1.0, 1.0]
[315, 315, 315, 315, 100, 1.0, 1.0]
[315, 315, 315, 315, 100, 1.0, 1.0]
[315, 315, 315, 315, 100, 1.0, 1.0]
[315, 315, 315, 315, 100, 1.0, 1.0]
[315, 315, 315, 315, 100, 1.0, 1.0]
[315, 315, 315, 315, 100, 1.0, 1.0]
[315, 315, 315, 315, 100, 1.0, 1.0]
[315, 315, 315, 315, 100, 1.0, 1.0]
[315, 315, 315, 315, 100, 1.0, 1.0]
[315, 315, 315, 315, 100, 1.0, 1.0]
[315, 315, 315, 315, 100, 1.0, 1.0]
[315, 315, 315, 315, 100, 1.0, 1.0]
[315, 315, 315, 315, 100, 1.0, 1.0]
[315, 315, 315, 315, 100, 1.0, 1.0]
[315, 315, 315, 315, 100, 1.0, 1.0]
[315, 315, 315, 315, 100, 1.0, 1.0]
[315, 315, 315, 315, 100, 1.0, 1.0]
[315, 315, 315, 315, 100, 1.0, 1.0]
[315, 315, 315, 315, 100, 1.0, 1.0]
[315, 315, 315, 315, 100, 1.0, 1.0]
[315, 315, 315, 315, 100, 1.0, 1.0]
[315, 315, 315, 315, 100, 1.0, 1.0]
[315, 315, 315, 315, 100, 1.0, 1.0]
[315, 315, 315, 315, 100, 1.0, 1.0]
[315, 315, 315, 315, 100, 1.0, 1.0]
[315, 315, 315, 315, 100, 1.0, 1.0]
[315, 315, 315, 315, 100, 1.0, 1.0]
[315, 315, 315, 315, 100, 1.0, 1.0]
[315, 315, 315, 315, 100, 1.0, 1.0]
[315, 315, 315, 315, 100, 1.0, 1.0]
[315, 315, 315, 315, 100, 1.0, 1.0]
[315, 315, 315, 315, 100, 1.0, 1.0]
[315, 315, 315, 315, 100, 1.0, 1.0]
[315, 315, 315, 315, 100, 1.0, 1.0]
[315, 315, 315, 315, 100, 1.0, 1.0]
[315, 315, 315, 315, 100, 1.0, 1.0]
[315, 315, 315, 315, 100, 1.0, 1.0]
[315, 315, 315, 315, 100, 1.0, 1.0]
[315, 315, 315, 315, 100, 1.0, 1.0]
[315, 315, 315, 315, 100, 1.0, 1.0]
[315, 315, 315, 315, 100, 1.0, 1.0]
[315, 315, 315, 315, 100, 1.0, 1.0]
[315, 315, 315, 315, 100, 1.0, 1.0]
[315, 315, 315, 315, 100, 1.0, 1.0]
[315, 315, 315, 315, 100, 1.0, 1.0]
[315, 315, 315, 315, 100, 1.0, 1.0]
[315, 315, 315, 315, 100, 1.0, 1.0]
[315, 315, 315, 315, 100, 1.0, 1.0]
[315, 315, 315, 315, 100, 1.0, 1.0]
[315, 315, 315, 315, 100, 1.0, 1.0]
[315, 315, 315, 315, 100, 1.0, 1.0]
[315, 315, 315, 315, 100, 1.0, 1.0]
[315, 315, 315, 315, 100, 1.0, 1.0]
[315, 315, 315, 315, 100, 1.0, 1.0]
[315, 315, 315, 315, 100, 1.0, 1.0]
[315, 315, 315, 315, 100, 1.0, 1.0]
[315, 315, 315, 315, 100, 1.0, 1.0]
[315, 315, 315, 315, 100, 1.0, 1.0]
[315, 315, 315, 315, 100, 1.0, 1.0]
[315, 315, 315, 315, 100, 1.0, 1.0]
[315, 315, 315, 315, 100, 1.0, 1.0]
[315, 315, 315, 315, 100, 1.0, 1.0]
[315, 315, 315, 315, 100, 1.0, 1.0]
[315, 315, 315, 315, 100, 1.0, 1.0]
[315, 315, 315, 315, 100, 1.0, 1.0]
[315, 315, 315, 315, 100, 1.0, 1.0]
[315, 315, 315, 315, 100, 1.0, 1.0]
[315, 315, 315, 315, 100, 1.0, 1.0]
[315, 315, 315, 315, 100, 1.0, 1.0]
[315, 315, 315, 315, 100, 1.0, 1.0]
[315, 315, 315, 315, 100, 1.0, 1.0]
[315, 315, 315, 315, 100, 1.0, 1.0]
[315, 315, 315, 315, 100, 1.0, 1.0]
[315, 315, 315, 315, 100, 1.0, 1.0]
[315, 315, 315, 315, 100, 1.0, 1.0]
[315, 315, 315, 315, 100, 1.0, 1.0]
[315, 315, 315, 315, 100, 1.0, 1.0]
[315, 315, 315, 315, 100, 1.0, 1.0]
[315, 315, 315, 315, 100, 1.0, 1.0]
[315, 315, 315, 315, 100, 1.0, 1.0]
[315, 315, 315, 315, 100, 1.0, 1.0]
[315, 315, 315, 315, 100, 1.0, 1.0]
[315, 315, 315, 315, 100, 1.0, 1.0]
[315, 315, 315, 315, 100, 1.0, 1.0]
[315, 315, 315, 315, 100, 1.0, 1.0]
[315, 315, 315, 315, 100, 1.0, 1.0]
[315, 315, 315, 315, 100, 1.0, 1.0]
[315, 315, 315, 315, 100, 1.0, 1.0]
[315, 315, 315, 315, 100, 1.0, 1.0]
[315, 315, 315, 315, 100, 1.0, 1.0]
[315, 315, 315, 315, 100, 1.0, 1.0]
[315, 315, 315, 315, 100, 1.0, 1.0]
[315, 315, 315, 315, 100, 1.0, 1.0]
[315, 315, 315, 315, 100, 1.0, 1.0]
[315, 315, 315, 315, 100, 1.0, 1.0]
[315, 315, 315, 315, 100, 1.0, 1.0]
[315, 315, 315, 315, 100, 1.0, 1.0]
[315, 315, 315, 315, 100, 1.0, 1.0]
[315, 315, 315, 315, 100, 1.0, 1.0]
[315, 315, 315, 315, 100, 1.0, 1.0]
[315, 315, 315, 315, 100, 1.0, 1.0]
[315, 315, 315, 315, 100, 1.0, 1.0]
[315, 315, 315, 315, 100, 1.0, 1.0]
[315, 315, 315, 315, 100, 1.0, 1.0]
[315, 315, 315, 315, 100, 1.0, 1.0]
[315, 315, 315, 315, 100, 1.0, 1.0]
[315, 315, 315, 315, 100, 1.0, 1.0]
[315, 315, 315, 315, 100, 1.0, 1.0]
[315, 315, 315, 315, 100, 1.0, 1.0]
[315, 315, 315, 315, 100, 1.0, 1.0]
[315, 315, 315, 315, 100, 1.0, 1.0]
[315, 315, 315, 315, 100, 1.0, 1.0]
[315, 315, 315, 315, 100, 1.0, 1.0]
[315, 315, 315, 315, 100, 1.0, 1.0]
[315, 315, 315, 315, 100, 1.0, 1.0]
[315, 315, 315, 315, 100, 1.0, 1.0]
[315, 315, 315, 315, 100, 1.0, 1.0]
[315, 315, 315, 315, 100, 1.0, 1.0]
[315, 315, 315, 315, 100, 1.0, 1.0]
[315, 315, 315, 315, 100, 1.0, 1.0]
[315, 315, 315, 315, 100, 1.0, 1.0]
[315, 315, 315, 315, 100, 1.0, 1.0]
[315, 315, 315, 315, 100, 1.0, 1.0]
[315, 315, 315, 315, 100, 1.0, 1.0]
[315, 315, 315, 315, 100, 1.0, 1.0]
[315, 315, 315, 315, 100, 1.0, 1.0]
[315, 315, 315, 315, 100, 1.0, 1.0]
[315, 315, 315, 315, 100, 1.0, 1.0]
[315, 315, 315, 315, 100, 1.0, 1.0]
[315, 315, 315, 315, 100, 1.0, 1.0]
[315, 315, 315, 315, 100, 1.0, 1.0]
[315, 315, 315, 315, 100, 1.0, 1.0]
[315, 315, 315, 315, 100, 1.0, 1.0]
[315, 315, 315, 315, 100, 1.0, 1.0]
[315, 315, 315, 315, 100, 1.0, 1.0]
[315, 315, 315, 315, 100, 1.0, 1.0]
[315, 315, 315, 315, 100, 1.0, 1.0]
[315, 315, 315, 315, 100, 1.0, 1.0]
[315, 315, 315, 315, 100, 1.0, 1.0]
[315, 315, 315, 315, 100, 1.0, 1.0]
[315, 315, 315, 315, 100, 1.0, 1.0]
[315, 315, 315, 315, 100, 1.0, 1.0]
[315, 315, 315, 315, 100, 1.0, 1.0]
[315, 315, 315, 315, 100, 1.0, 1.0]
[315, 315, 315, 315, 100, 1.0, 1.0]
[315, 315, 315, 315, 100, 1.0, 1.0]
[315, 315, 315, 315, 100, 1.0, 1.0]
[315, 315, 315, 315, 100, 1.0, 1.0]
[315, 315, 315, 315, 100, 1.0, 1.0]
[315, 315, 315, 315, 100, 1.0, 1.0]
[315, 315, 315, 315, 100, 1.0, 1.0]
[315, 315, 315, 315, 100, 1.0, 1.0]
[315, 315, 315, 315, 100, 1.0, 1.0]
[315, 315, 315, 315, 100, 1.0, 1.0]
[315, 315, 315, 315, 100, 1.0, 1.0]
[315, 315, 315, 315, 100, 1.0, 1.0]
[315, 315, 315, 315, 100, 1.0, 1.0]
[315, 315, 315, 315, 100, 1.0, 1.0]
[315, 315, 315, 315, 100, 1.0, 1.0]
[315, 315, 315, 315, 100, 1.0, 1.0]
[315, 315, 315, 315, 100, 1.0, 1.0]
[315, 315, 315, 315, 100, 1.0, 1.0]
[315, 315, 315, 315, 100, 1.0, 1.0]
[315, 315, 315, 315, 100, 1.0, 1.0]
[315, 315, 315, 315, 100, 1.0, 1.0]
[315, 315, 315, 315, 100, 1.0, 1.0]
[315, 315, 315, 315, 100, 1.0, 1.0]
[315, 315, 315, 315, 100, 1.0, 1.0]
[315, 315, 315, 315, 100, 1.0, 1.0]
[315, 315, 315, 315, 100, 1.0, 1.0]
[315, 315, 315, 315, 100, 1.0, 1.0]
[315, 315, 315, 315, 100, 1.0, 1.0]
[315, 315, 315, 315, 100, 1.0, 1.0]
[315, 315, 315, 315, 100, 1.0, 1.0]
[315, 315, 315, 315, 100, 1.0, 1.0]
[315, 315, 315, 315, 100, 1.0, 1.0]
[315, 315, 315, 315, 100, 1.0, 1.0]
[315, 315, 315, 315, 100, 1.0, 1.0]
[315, 315, 315, 315, 100, 1.0, 1.0]
[315, 315, 315, 315, 100, 1.0, 1.0]
[315, 315, 315, 315, 100, 1.0, 1.0]
[315, 315, 315, 315, 100, 1.0, 1.0]
[315, 315, 315, 315, 100, 1.0, 1.0]
[315, 315, 315, 315, 100, 1.0, 1.0]
[315, 315, 315, 315, 100, 1.0, 1.0]
[315, 315, 315, 315, 100, 1.0, 1.0]
[315, 315, 315, 315, 100, 1.0, 1.0]
[315, 315, 315, 315, 100, 1.0, 1.0]
[315, 315, 315, 315, 100, 1.0, 1.0]
[315, 315, 315, 315, 100, 1.0, 1.0]
[315, 315, 315, 315, 100, 1.0, 1.0]
[315, 315, 315, 315, 100, 1.0, 1.0]
[315, 315, 315, 315, 100, 1.0, 1.0]
[315, 315, 315, 315, 100, 1.0, 1.0]
[315, 315, 315, 315, 100, 1.0, 1.0]
[315, 315, 315, 315, 100, 1.0, 1.0]
[315, 315, 315, 315, 100, 1.0, 1.0]
[315, 315, 315, 315, 100, 1.0, 1.0]
[315, 315, 315, 315, 100, 1.0, 1.0]
[315, 315, 315, 315, 100, 1.0, 1.0]
[315, 315, 315, 315, 100, 1.0, 1.0]
[315, 315, 315, 315, 100, 1.0, 1.0]
[315, 315, 315, 315, 100, 1.0, 1.0]
[315, 315, 315, 315, 100, 1.0, 1.0]
[315, 315, 315, 315, 100, 1.0, 1.0]
[315, 315, 315, 315, 100, 1.0, 1.0]
[315, 315, 315, 315, 100, 1.0, 1.0]
[315, 315, 315, 315, 100, 1.0, 1.0]
[315, 315, 315, 315, 100, 1.0, 1.0]
[315, 315, 315, 315, 100, 1.0, 1.0]
[315, 315, 315, 315, 100, 1.0, 1.0]
[315, 315, 315, 315, 100, 1.0, 1.0]
[315, 315, 315, 315, 100, 1.0, 1.0]
[315, 315, 315, 315, 100, 1.0, 1.0]
[315, 315, 315, 315, 100, 1.0, 1.0]
[315, 315, 315, 315, 100, 1.0, 1.0]
[315, 315, 315, 315, 100, 1.0, 1.0]
[315, 315, 315, 315, 100, 1.0, 1.0]
[315, 315, 315, 315, 100, 1.0, 1.0]
[315, 315, 315, 315, 100, 1.0, 1.0]
[315, 315, 315, 315, 100, 1.0, 1.0]
[315, 315, 315, 315, 100, 1.0, 1.0]
[315, 315, 315, 315, 100, 1.0, 1.0]
[315, 315, 315, 315, 100, 1.0, 1.0]
[315, 315, 315, 315, 100, 1.0, 1.0]
[315, 315, 315, 315, 100, 1.0, 1.0]
[315, 315, 315, 315, 100, 1.0, 1.0]
[315, 315, 315, 315, 100, 1.0, 1.0]
[315, 315, 315, 315, 100, 1.0, 1.0]
[315, 315, 315, 315, 100, 1.0, 1.0]
[315, 315, 315, 315, 100, 1.0, 1.0]
[315, 315, 315, 315, 100, 1.0, 1.0]
[315, 315, 315, 315, 100, 1.0, 1.0]
[315, 315, 315, 315, 100, 1.0, 1.0]
[315, 315, 315, 315, 100, 1.0, 1.0]
[315, 315, 315, 315, 100, 1.0, 1.0]
[315, 315, 315, 315, 100, 1.0, 1.0]
[315, 315, 315, 315, 100, 1.0, 1.0]
[315, 315, 315, 315, 100, 1.0, 1.0]
[315, 315, 315, 315, 100, 1.0, 1.0]
[315, 315, 315, 315, 100, 1.0, 1.0]
[315, 315, 315, 315, 100, 1.0, 1.0]
[315, 315, 315, 315, 100, 1.0, 1.0]
[315, 315, 315, 315, 100, 1.0, 1.0]
[315, 315, 315, 315, 100, 1.0, 1.0]
[310, 315, 315, 315, 100, 1.0, 1.0]
[305, 315, 315, 315, 100, 1.0, 1.0]
[301, 315, 315, 315, 100, 1.0, 1.0]
[296, 315, 315, 315, 100, 1.0, 1.0]
[291, 315, 315, 315, 100, 1.0, 1.0]
[286, 315, 315, 315, 100, 1.0, 1.0]
[281, 315, 315, 315, 100, 1.0, 1.0]
[277, 315, 315, 315, 100, 1.0, 1.0]
[274, 315, 315, 315, 100, 1.0, 1.0]
[270, 315, 315, 315, 100, 1.0, 1.0]
[265, 315, 315, 315, 100, 1.0, 1.0]
[261, 315, 315, 315, 100, 1.0, 1.0]
[256, 315, 315, 315, 100, 1.0, 1.0]
[251, 315, 315, 315, 100, 1.0, 1.0]
[246, 315, 315, 315, 100, 1.0, 1.0]
[241, 315, 315, 315, 100, 1.0, 1.0]
[237, 315, 315, 315, 100, 1.0, 1.0]
[232, 315, 315, 315, 100, 1.0, 1.0]
[227, 315, 315, 315, 100, 1.0, 1.0]
[222, 315, 315, 315, 100, 1.0, 1.0]
[218, 315, 315, 315, 100, 1.0, 1.0]
[213, 315, 315, 315, 100, 1.0, 1.0]
[208, 315, 315, 315, 100, 1.0, 1.0]
[204, 315, 315, 315, 100, 1.0, 1.0]
[199, 315, 315, 315, 100, 1.0, 1.0]
[195, 315, 315, 315, 100, 1.0, 1.0]
[190, 315, 315, 315, 100, 1.0, 1.0]
[185, 315, 315, 315, 100, 1.0, 1.0]
[181, 315, 315, 315, 100, 1.0, 1.0]
[176, 315, 315, 315, 100, 1.0, 1.0]
[172, 315, 315, 315, 100, 1.0, 1.0]
[167, 315, 315, 315, 100, 1.0, 1.0]
[163, 315, 315, 315, 100, 1.0, 1.0]
[158, 315, 315, 315, 100, 1.0, 1.0]
[154, 315, 315, 315, 100, 1.0, 1.0]
[150, 315, 315, 315, 100, 1.0, 1.0]
[145, 315, 315, 315, 100, 1.0, 1.0]
[141, 315, 315, 315, 100, 1.0, 1.0]
[137, 315, 315, 315, 100, 1.0, 1.0]
[133, 315, 315, 315, 100, 1.0, 1.0]
[129, 315, 315, 315, 100, 1.0, 1.0]
[125, 315, 315, 315, 100, 1.0, 1.0]
[121, 315, 315, 315, 100, 1.0, 1.0]
[117, 315, 315, 315, 100, 1.0, 1.0]
[113, 315, 315, 315, 100, 1.0, 1.0]
[109, 315, 315, 315, 100, 1.0, 1.0]
[106, 315, 315, 315, 100, 1.0, 1.0]
[102, 315, 315, 315, 100, 1.0, 1.0]
[99, 315, 315, 315, 100, 1.0, 1.0]
[96, 315, 315, 315, 100, 1.0, 1.0]
[93, 315, 315, 315, 100, 1.0, 1.0]
[90, 315, 315, 315, 100, 1.0, 1.0]
[87, 315, 315, 315, 100, 1.0, 1.0]
[85, 315, 315, 315, 100, 1.0, 1.0]
[82, 315, 315, 315, 100, 1.0, 1.0]
[80, 315, 315, 315, 100, 1.0, 1.0]
[79, 315, 315, 315, 100, 1.0, 1.0]
[72, 315, 315, 315, 100, 1.0, 1.0]
[66, 315, 315, 315, 100, 1.0, 1.0]
[60, 315, 315, 315, 100, 1.0, 1.0]
[55, 315, 315, 315, 100, 1.0, 1.0]
[50, 315, 315, 315, 100, 1.0, 1.0]
[45, 315, 315, 315, 100, 1.0, 1.0]
[40, 315, 315, 315, 100, 1.0, 1.0]
[35, 315, 315, 315, 100, 1.0, 1.0]
[30, 315, 315, 315, 100, 1.0, 1.0]
