[325, 325, 325, 325, 100, 0, 0]||[]
[325, 325, 325, 325, 100, 0, 0]||[]
[325, 325, 325, 325, 100, 0, 0]||[]
[325, 325, 325, 325, 100, 0, 0]||[]
[325, 325, 325, 325, 100, 0, 0]||[]
[325, 325, 325, 325, 100, 0, 0]||[]
[325, 325, 325, 325, 100, 0, 0]||[]
[325, 325, 325, 325, 100, 0, 0]||[]
[325, 325, 325, 325, 100, 0, 0]||[]
[325, 325, 325, 325, 100, 0, 0]||[]
[325, 325, 325, 325, 100, 0, 0]||[]
[325, 325, 325, 325, 100, 0, 0]||[]
[325, 325, 325, 325, 100, 0, 0]||[]
[325, 325, 325, 325, 100, 0, 0]||[]
[325, 325, 325, 325, 100, 0, 0]||[]
[325, 325, 325, 325, 100, 0, 0]||[]
[325, 325, 325, 325, 100, 0, 0]||[]
[325, 325, 325, 325, 100, 0, 0]||[]
[325, 325, 325, 325, 100, 0, 0]||[]
[325, 325, 325, 325, 100, 0, 0]||[]
[325, 325, 325, 325, 100, 0, 0]||[]
[325, 325, 325, 325, 100, 0, 0]||[]
[325, 325, 325, 325, 100, 0, 0]||[]
[325, 325, 325, 325, 100, 0, 0]||[]
[325, 325, 325, 325, 100, 0, 0]||[]
[325, 325, 325, 325, 100, 0, 0]||[]
[325, 325, 325, 325, 100, 0, 0]||[]
[325, 325, 325, 325, 100, 0, 0]||[]
[325, 325, 325, 325, 100, 0, 0]||[]
[325, 325, 325, 325, 100, 0, 0]||[]
[325, 325, 325, 325, 100, 0, 0]||[]
[325, 325, 325, 325, 100, 0, 0]||[]
[325, 325, 325, 325, 100, 0, 0]||[]
[325, 325, 325, 325, 100, 0, 0]||[]
[325, 325, 325, 325, 100, 0, 0]||[]
[325, 325, 325, 325, 100, 0, 0]||[]
[325, 325, 325, 325, 100, 0, 0]||[]
[325, 325, 325, 325, 100, 0, 0]||[]
[325, 325, 325, 325, 100, 0, 0]||[]
[325, 325, 325, 325, 100, 0, 0]||[]
[325, 325, 325, 325, 100, 0, 0]||[]
[325, 325, 325, 325, 100, 0, 0]||[]
[325, 325, 325, 325, 100, 0, 0]||[]
[325, 325, 325, 325, 100, 0, 0]||[]
[325, 325, 325, 325, 100, 0, 0]||[]
[325, 325, 325, 325, 100, 0, 0]||[]
[325, 325, 325, 325, 100, 0, 0]||[]
[325, 325, 325, 325, 100, 0, 0]||[]
[325, 325, 325, 325, 100, 0, 0]||[]
[325, 325, 325, 325, 100, 0, 0]||[]
[325, 325, 325, 325, 100, 0, 0]||['d']
[325, 325, 325, 325, 100, 0, 0]||['d']
[325, 325, 325, 325, 100, 0, 0]||['d']
[325, 325, 325, 325, 100, 0, 0]||['d']
[325, 325, 325, 325, 100, 0, 0]||['d']
[325, 325, 325, 325, 100, 0, 0]||['d']
[325, 325, 325, 325, 100, 0, 0]||['d']
[325, 325, 325, 325, 100, 0, 0]||['d']
[325, 325, 325, 325, 100, 0, 0]||['d']
[325, 325, 325, 325, 100, 0, 0]||['d']
[325, 325, 325, 325, 100, 0, 0]||['d']
[325, 325, 325, 325, 100, 0, 0]||['d']
[325, 325, 325, 325, 100, 0, 0]||['d']
[325, 325, 325, 325, 100, 0, 0]||['d']
[325, 325, 325, 325, 100, 0, 0]||['d']
[325, 325, 325, 325, 100, 0, 0]||['d']
[325, 325, 325, 325, 100, 0, 0]||['d']
[325, 325, 325, 325, 100, 0, 0]||['d']
[325, 325, 325, 325, 100, 0, 0]||['d']
[325, 325, 325, 325, 100, 0, 0]||['d']
[325, 325, 325, 325, 100, 0, 0]||['d']
[325, 325, 325, 325, 100, 0, 0]||['d']
[325, 325, 325, 325, 100, 0, 0]||['d']
[325, 325, 325, 325, 100, 0, 0]||['d']
[325, 325, 325, 325, 100, 0, 0]||['d']
[325, 325, 325, 325, 100, 0, 0]||['d']
[325, 325, 325, 325, 100, 0, 0]||['d']
[325, 325, 325, 325, 100, 0, 0]||['d']
[325, 325, 325, 325, 100, 0, 0]||['d']
[325, 325, 325, 325, 100, 0, 0]||['d']
[325, 325, 325, 325, 100, 0, 0]||['d']
[325, 325, 325, 325, 100, 0, 0]||['d']
[325, 325, 325, 325, 100, 0, 0]||['d']
[325, 325, 325, 325, 100, 0, 0]||['d']
[325, 325, 325, 325, 100, 0, 0]||['d']
[325, 325, 325, 325, 100, 0, 0]||['d']
[325, 325, 325, 325, 100, 0, 0]||['d']
[325, 325, 325, 325, 100, 0, 0]||['d']
[325, 325, 325, 325, 100, 0, 0]||['d']
[325, 325, 325, 325, 100, 0, 0]||['d']
[325, 325, 325, 325, 100, 0, 0]||['d']
[325, 325, 325, 325, 100, 0, 0]||['d']
[325, 325, 325, 325, 100, 0, 0]||['d']
[325, 325, 325, 325, 100, 0, 0]||['d']
[325, 325, 325, 325, 100, 0, 0]||['d']
[325, 325, 325, 325, 100, 0, 0]||['d']
[325, 325, 325, 325, 100, 0, 0]||['d']
[325, 325, 325, 325, 100, 0, 0]||['d']
[325, 325, 325, 325, 100, 0, 0]||['d']
[325, 325, 325, 325, 100, 0, 0]||['d']
[325, 325, 325, 325, 100, 0, 0]||['d']
[325, 325, 325, 325, 100, 0, 0]||['d']
[325, 325, 325, 325, 100, 0, 0]||['d']
[325, 325, 325, 325, 100, 0, 0]||['d']
[325, 325, 325, 325, 100, 0, 0]||['d']
[325, 325, 325, 325, 100, 0, 0]||['d']
[325, 325, 325, 325, 100, 0, 0]||['d']
[325, 325, 325, 325, 100, 0, 0]||['d']
[325, 325, 325, 325, 100, 0, 0]||['d']
[325, 325, 325, 325, 100, 0, 0]||['d']
[325, 325, 325, 325, 100, 0, 0]||['d']
[325, 325, 325, 325, 100, 0, 0]||['d']
[325, 325, 325, 325, 100, 0, 0]||['d']
[325, 325, 325, 325, 100, 0, 0]||['d']
[325, 325, 325, 325, 100, 0, 0]||['d']
[325, 325, 325, 325, 100, 0, 0]||['d']
[325, 325, 325, 315, 100, 0, 0]||['d']
[325, 325, 325, 310, 100, 0, 0]||['d']
[325, 325, 325, 305, 100, 0, 0]||['d']
[325, 325, 325, 300, 100, 0, 0]||['d']
[325, 325, 325, 295, 100, 0, 0]||['d']
[325, 325, 325, 290, 100, 0, 0]||['d']
[325, 325, 325, 285, 100, 0, 0]||['d']
[325, 325, 325, 280, 100, 0, 0]||['d']
[325, 324, 325, 275, 100, 0, 0]||['d']
[325, 320, 325, 270, 100, 0, 0]||['d']
[325, 316, 325, 265, 100, 0, 0]||['d']
[325, 312, 325, 260, 100, 0, 0]||['d']
[325, 308, 325, 255, 100, 0, 0]||['d']
[325, 304, 325, 250, 100, 0, 0]||['d']
[325, 300, 325, 245, 100, 0, 0]||['d']
[325, 296, 325, 240, 100, 0, 0]||['d']
[325, 292, 325, 235, 100, 0, 0]||['d']
[325, 288, 325, 230, 100, 0, 0]||['d']
[325, 284, 325, 225, 100, 0, 0]||['d']
[325, 280, 325, 220, 100, 0, 0]||['d']
[325, 276, 325, 215, 100, 0, 0]||['d']
[325, 272, 325, 210, 100, 0, 0]||['d']
[325, 269, 325, 205, 100, 0, 0]||['d']
[325, 265, 325, 200, 100, 0, 0]||['d']
[325, 261, 325, 195, 100, 0, 0]||['d']
[325, 258, 325, 190, 100, 0, 0]||['d']
[325, 254, 325, 185, 100, 0, 0]||['d']
[325, 251, 325, 180, 100, 0, 0]||['d']
[325, 247, 325, 175, 100, 0, 0]||[]
[325, 247, 325, 175, 100, 0, 0]||[]
[325, 247, 325, 175, 100, 0, 0]||[]
[325, 247, 325, 175, 100, 0, 0]||['d']
[325, 244, 325, 170, 100, 0, 0]||['d']
[325, 240, 325, 165, 100, 0, 0]||['d']
[325, 237, 325, 160, 100, 0, 0]||['d']
[325, 234, 325, 155, 100, 0, 0]||['d']
[325, 231, 325, 150, 100, 0, 0]||['d']
[325, 228, 325, 145, 100, 0, 0]||['d']
[325, 225, 325, 140, 100, 0, 0]||['d']
[325, 222, 325, 135, 100, 0, 0]||['d']
[325, 219, 325, 130, 100, 0, 0]||['d']
[325, 216, 325, 125, 100, 0, 0]||['d']
[325, 213, 325, 120, 100, 0, 0]||['d']
[325, 210, 325, 115, 100, 0, 0]||['d']
[325, 208, 325, 110, 100, 0, 0]||['d']
[325, 205, 325, 105, 100, 0, 0]||['d']
[325, 203, 325, 100, 100, 0, 0]||['d']
[325, 201, 325, 95, 100, 0, 0]||['d']
[325, 199, 325, 90, 100, 0, 0]||['d']
[325, 195, 325, 85, 100, 0, 0]||['d']
[325, 192, 325, 80, 100, 0, 0]||['d']
[325, 189, 325, 75, 100, 0, 0]||['d']
[325, 186, 325, 70, 100, 0, 0]||['d']
[325, 184, 325, 65, 100, 0, 0]||['d']
[325, 181, 325, 60, 100, 0, 0]||['d']
[325, 179, 325, 55, 100, 0, 0]||['d']
[325, 177, 325, 50, 100, 0, 0]||['d']
[325, 174, 325, 45, 100, 0, 0]||['d']
[325, 172, 325, 40, 100, 0, 0]||['d']
[325, 170, 325, 35, 100, 0, 0]||['d']
[325, 169, 325, 30, 100, 0, 0]||['d']
[325, 167, 325, 325, 100, 0, 0]||['d']
[325, 166, 325, 325, 100, 0, 0]||['d']
[325, 165, 325, 325, 100, 0, 0]||['d']
[325, 164, 325, 325, 100, 0, 0]||[]
[325, 163, 325, 325, 100, 0, 0]||[]
[325, 162, 325, 325, 100, 0, 0]||[]
[325, 161, 325, 325, 100, 0, 0]||[]
[325, 160, 325, 325, 100, 0, 0]||[]
[325, 159, 325, 325, 100, 0, 0]||[]
[325, 158, 325, 325, 100, 0, 0]||[]
[325, 157, 325, 325, 100, 0, 0]||['s']
[325, 151, 325, 325, 100, 0, 0]||['s']
[325, 145, 325, 325, 100, 0, 0]||['s']
[325, 139, 325, 325, 100, 0, 0]||[]
[325, 138, 325, 325, 100, 0, 0]||[]
[325, 137, 325, 325, 100, 0, 0]||[]
[325, 136, 325, 325, 100, 0, 0]||[]
[325, 135, 325, 325, 100, 0, 0]||[]
[325, 134, 325, 325, 100, 0, 0]||[]
[325, 133, 325, 325, 100, 0, 0]||[]
[325, 132, 325, 325, 100, 0, 0]||['s']
[325, 126, 325, 325, 100, 0, 0]||['s']
[325, 120, 325, 325, 100, 0, 0]||['s']
[325, 114, 325, 325, 100, 0, 0]||['s']
[325, 108, 325, 325, 100, 0, 0]||['s']
[325, 102, 325, 325, 100, 0, 0]||['s']
[325, 96, 325, 325, 100, 0, 0]||['s']
[325, 90, 325, 325, 100, 0, 0]||['s']
[325, 84, 325, 325, 100, 0, 0]||['s']
[325, 78, 325, 325, 100, 0, 0]||['s']
[325, 73, 325, 325, 100, 0, 0]||['s']
[325, 67, 325, 325, 100, 0, 0]||['s']
[325, 61, 325, 325, 100, 0, 0]||['s']
[325, 55, 325, 325, 100, 0, 0]||['s']
[325, 49, 325, 325, 100, 0, 0]||['s']
[325, 43, 325, 325, 100, 0, 0]||['s']
[325, 54, 325, 325, 100, 0, 0]||['s']
[325, 49, 325, 325, 100, 0, 0]||['s']
[325, 60, 325, 325, 100, 0, 0]||['s']
[325, 54, 325, 325, 100, 0, 0]||[]
[325, 53, 325, 325, 100, 0, 0]||[]
[325, 52, 325, 325, 100, 0, 0]||[]
[325, 51, 325, 325, 100, 0, 0]||[]
[325, 50, 325, 325, 100, 0, 0]||[]
[325, 49, 325, 325, 100, 0, 0]||[]
[325, 48, 325, 325, 100, 0, 0]||[]
[325, 47, 325, 325, 100, 0, 0]||[]
[325, 46, 325, 325, 100, 0, 0]||[]
[325, 45, 325, 325, 100, 0, 0]||[]
[325, 64, 325, 325, 100, 0, 0]||[]
[325, 63, 325, 325, 100, 0, 0]||[]
[325, 62, 325, 325, 100, 0, 0]||[]
[325, 61, 325, 325, 100, 0, 0]||[]
[325, 60, 325, 325, 100, 0, 0]||[]
[325, 59, 325, 325, 100, 0, 0]||[]
[325, 58, 325, 325, 100, 0, 0]||[]
[325, 57, 325, 325, 100, 0, 0]||[]
[325, 56, 325, 325, 100, 0, 0]||[]
[325, 55, 325, 325, 100, 0, 0]||[]
[325, 54, 325, 325, 100, 0, 0]||[]
[325, 53, 325, 325, 100, 0, 0]||[]
[325, 52, 325, 325, 100, 0, 0]||[]
[325, 51, 325, 325, 100, 0, 0]||[]
[325, 50, 325, 325, 100, 0, 0]||[]
[325, 49, 325, 325, 100, 0, 0]||[]
[325, 48, 325, 325, 100, 0, 0]||[]
[325, 47, 325, 325, 100, 0, 0]||[]
[325, 46, 325, 325, 100, 0, 0]||[]
[325, 45, 325, 325, 100, 0, 0]||[]
[325, 64, 325, 325, 100, 0, 0]||[]
[325, 63, 325, 325, 100, 0, 0]||[]
[325, 62, 325, 325, 100, 0, 0]||[]
[325, 61, 325, 325, 100, 0, 0]||[]
[325, 60, 325, 325, 100, 0, 0]||[]
[325, 59, 325, 325, 100, 0, 0]||[]
[325, 58, 325, 325, 100, 0, 0]||[]
[325, 57, 325, 325, 100, 0, 0]||[]
[325, 56, 325, 325, 100, 0, 0]||[]
[325, 55, 325, 325, 100, 0, 0]||[]
[325, 54, 325, 325, 100, 0, 0]||[]
[325, 53, 325, 325, 100, 0, 0]||[]
[325, 52, 325, 325, 100, 0, 0]||[]
[325, 51, 325, 325, 100, 0, 0]||[]
[325, 50, 325, 325, 100, 0, 0]||[]
[325, 49, 325, 325, 100, 0, 0]||[]
[325, 48, 325, 325, 100, 0, 0]||[]
[325, 47, 325, 325, 100, 0, 0]||[]
[325, 46, 325, 325, 100, 0, 0]||[]
[325, 45, 325, 325, 100, 0, 0]||[]
[325, 44, 325, 325, 100, 0, 0]||[]
[325, 43, 325, 325, 100, 0, 0]||[]
[325, 325, 325, 325, 100, 0, 10]||[]
[325, 325, 325, 325, 100, 0, 10]||[]
[325, 325, 325, 325, 100, 0, 10]||[]
[325, 325, 325, 325, 100, 0, 10]||[]
[325, 325, 325, 325, 100, 0, 10]||[]
[325, 325, 325, 325, 100, 0, 10]||[]
[325, 325, 325, 325, 100, 0, 10]||[]
[325, 325, 325, 325, 100, 0, 10]||[]
[325, 325, 325, 325, 100, 0, 10]||[]
[325, 325, 325, 325, 100, 0, 10]||[]
[325, 325, 325, 325, 100, 0, 10]||[]
[325, 325, 325, 325, 100, 0, 10]||[]
[325, 325, 325, 325, 100, 0, 10]||[]
[325, 325, 325, 325, 100, 0, 10]||[]
[325, 325, 325, 325, 100, 0, 10]||['s']
[325, 325, 325, 325, 100, 0, 10]||['s']
[325, 325, 325, 325, 100, 0, 10]||['s']
[325, 325, 325, 325, 100, 0, 10]||['s']
[325, 325, 325, 325, 100, 0, 10]||['s']
[325, 325, 325, 325, 100, 0, 10]||['s']
[325, 325, 325, 325, 100, 0, 10]||['s']
[325, 325, 325, 325, 100, 0, 10]||['s']
[325, 325, 325, 325, 100, 0, 10]||['s']
[325, 325, 325, 325, 100, 0, 10]||['s']
[325, 325, 325, 325, 100, 0, 10]||['s']
[325, 325, 325, 325, 100, 0, 10]||['s']
[325, 325, 325, 325, 100, 0, 10]||['s']
[325, 325, 325, 325, 100, 0, 10]||['s']
[325, 325, 325, 325, 100, 0, 10]||['s']
[325, 325, 325, 325, 100, 0, 10]||['s']
[325, 325, 325, 325, 100, 0, 10]||['s']
[325, 325, 325, 325, 100, 0, 10]||['s']
[325, 325, 325, 325, 100, 0, 10]||['s']
[325, 325, 325, 325, 100, 0, 10]||['s']
[325, 325, 325, 325, 100, 0, 10]||['s']
[325, 325, 325, 325, 100, 0, 10]||['s']
[325, 325, 325, 325, 100, 0, 10]||['s']
[325, 325, 325, 325, 100, 0, 10]||['s']
[325, 325, 325, 325, 100, 0, 10]||['s']
[325, 325, 325, 325, 100, 0, 10]||['s']
[325, 325, 325, 325, 100, 0, 10]||['s']
[325, 325, 325, 325, 100, 0, 10]||['s']
[325, 325, 325, 325, 100, 0, 10]||['s']
[325, 325, 325, 325, 100, 0, 10]||['s']
[325, 325, 325, 325, 100, 0, 10]||['s']
[325, 325, 325, 325, 100, 0, 10]||['s']
[325, 325, 325, 325, 100, 0, 10]||['s']
[325, 325, 325, 325, 100, 0, 10]||['s']
[325, 325, 325, 325, 100, 0, 10]||['s']
[325, 325, 315, 325, 100, 0, 10]||['s']
[325, 325, 310, 325, 100, 0, 10]||['s']
[325, 325, 305, 325, 100, 0, 10]||['s']
[325, 325, 300, 325, 100, 0, 10]||['s']
[325, 325, 295, 325, 100, 0, 10]||['s']
[325, 325, 290, 325, 100, 0, 10]||['s']
[325, 325, 285, 325, 100, 0, 10]||['s']
[325, 325, 280, 325, 100, 0, 10]||['s']
[325, 325, 275, 325, 100, 0, 10]||['s']
[325, 325, 270, 325, 100, 0, 10]||['s']
[325, 325, 265, 325, 100, 0, 10]||['s']
[325, 325, 260, 325, 100, 0, 10]||['s']
[325, 325, 255, 325, 100, 0, 10]||['s']
[325, 325, 250, 325, 100, 0, 10]||['s']
[325, 325, 245, 325, 100, 0, 10]||['s']
[325, 325, 240, 325, 100, 0, 10]||['s']
[325, 325, 235, 325, 100, 0, 10]||['s']
[325, 325, 230, 325, 100, 0, 10]||['s']
[325, 325, 225, 325, 100, 0, 10]||['s']
[325, 325, 220, 325, 100, 0, 10]||['s']
[325, 325, 215, 325, 100, 0, 10]||['s']
[325, 325, 210, 325, 100, 0, 10]||['s']
[325, 325, 205, 325, 100, 0, 10]||['s']
[325, 325, 200, 325, 100, 0, 10]||['s']
[325, 325, 195, 325, 100, 0, 10]||['s']
[325, 325, 190, 325, 100, 0, 10]||['s']
[325, 325, 185, 325, 100, 0, 10]||['s']
[325, 325, 180, 325, 100, 0, 10]||['s']
[325, 325, 175, 325, 100, 0, 10]||['s']
[325, 325, 170, 325, 100, 0, 10]||['s']
[325, 325, 165, 325, 100, 0, 10]||['s']
[325, 325, 160, 325, 100, 0, 10]||['s']
[325, 325, 155, 325, 100, 0, 10]||['s']
[325, 325, 150, 325, 100, 0, 10]||['s']
[325, 325, 145, 325, 100, 0, 10]||['s']
[325, 325, 140, 325, 100, 0, 10]||['s']
[325, 325, 135, 325, 100, 0, 10]||['s']
[325, 325, 130, 325, 100, 0, 10]||['s']
[325, 325, 125, 325, 100, 0, 10]||['s']
[325, 325, 120, 325, 100, 0, 10]||['s']
[325, 325, 115, 325, 100, 0, 10]||['s']
[325, 325, 110, 325, 100, 0, 10]||['s']
[325, 325, 105, 325, 100, 0, 10]||['s']
[325, 325, 100, 325, 100, 0, 10]||['s']
[325, 325, 95, 325, 100, 0, 10]||['s']
[325, 325, 90, 325, 100, 0, 10]||['s']
[325, 325, 85, 325, 100, 0, 10]||['s']
[325, 325, 80, 325, 100, 0, 10]||['s']
[325, 325, 75, 325, 100, 0, 10]||['s']
[325, 325, 70, 325, 100, 0, 10]||['s']
[325, 325, 65, 325, 100, 0, 10]||['s']
[325, 325, 60, 325, 100, 0, 10]||['s']
[325, 325, 55, 325, 100, 0, 10]||['s']
[325, 325, 50, 325, 100, 0, 10]||['s']
[325, 325, 45, 325, 100, 0, 10]||['s']
[325, 325, 41, 325, 100, 0, 10]||['s']
[325, 325, 36, 325, 100, 0, 10]||['s']
[325, 325, 31, 325, 100, 0, 10]||['s']
[325, 325, 325, 325, 100, 5, 10]||['s']
[325, 325, 325, 325, 100, 5, 10]||['s']
[325, 325, 325, 325, 100, 5, 10]||['s']
[325, 325, 325, 325, 100, 5, 10]||['s']
[325, 325, 325, 325, 100, 5, 10]||[]
[325, 325, 325, 325, 100, 5, 10]||[]
[325, 325, 325, 325, 100, 5, 10]||[]
[325, 325, 325, 325, 100, 5, 10]||[]
[325, 325, 325, 325, 100, 5, 10]||[]
[325, 325, 325, 325, 100, 5, 10]||[]
[325, 325, 325, 325, 100, 5, 10]||[]
[325, 325, 325, 325, 100, 5, 10]||['w']
[325, 325, 325, 325, 100, 5, 10]||['w']
[325, 325, 325, 325, 100, 5, 10]||['w']
[325, 325, 325, 325, 100, 5, 10]||['w']
[325, 325, 325, 325, 100, 5, 10]||['w']
[325, 325, 325, 325, 100, 5, 10]||['w']
[325, 325, 325, 325, 100, 5, 10]||['w']
[325, 325, 325, 325, 100, 5, 10]||['w']
[325, 325, 325, 325, 100, 5, 10]||['w']
[325, 325, 325, 325, 100, 5, 10]||['w']
[325, 325, 325, 325, 100, 5, 10]||['w']
[325, 325, 325, 325, 100, 5, 10]||['w']
[325, 325, 325, 325, 100, 5, 10]||['w']
[325, 325, 325, 325, 100, 5, 10]||['w']
[325, 325, 325, 325, 100, 5, 10]||['w']
[325, 325, 325, 325, 100, 5, 10]||['w']
[325, 325, 325, 325, 100, 5, 10]||['w']
[325, 325, 325, 325, 100, 5, 10]||['w']
[325, 325, 325, 325, 100, 5, 10]||['w']
[325, 325, 325, 325, 100, 5, 10]||['w']
[325, 325, 325, 325, 100, 5, 10]||['w']
[325, 325, 325, 325, 100, 5, 10]||['w']
[325, 325, 325, 325, 100, 5, 10]||['w']
[325, 325, 325, 325, 100, 5, 10]||['w']
[325, 325, 325, 325, 100, 5, 10]||['w']
[325, 325, 325, 325, 100, 5, 10]||['w']
[325, 325, 325, 325, 100, 5, 10]||['w']
[325, 325, 325, 325, 100, 5, 10]||['w']
[325, 325, 325, 325, 100, 5, 10]||['w']
[325, 325, 325, 325, 100, 5, 10]||['w']
[325, 325, 325, 325, 100, 5, 10]||['w']
[325, 325, 325, 325, 100, 5, 10]||['w']
[325, 325, 325, 325, 100, 5, 10]||['w']
[325, 325, 325, 325, 100, 5, 10]||['w']
[325, 325, 325, 325, 100, 5, 10]||['w']
[325, 325, 325, 325, 100, 5, 10]||['w']
[325, 325, 325, 325, 100, 5, 10]||['w']
[325, 325, 325, 325, 100, 5, 10]||['w']
[325, 325, 325, 325, 100, 5, 10]||['w']
[325, 325, 325, 325, 100, 5, 10]||['w']
[325, 325, 325, 325, 100, 5, 10]||['w']
[325, 325, 325, 325, 100, 5, 10]||['w']
[325, 325, 325, 325, 100, 5, 10]||['w']
[325, 325, 325, 325, 100, 5, 10]||['w']
[325, 325, 325, 325, 100, 5, 10]||['w']
[325, 325, 325, 325, 100, 5, 10]||['w']
[325, 325, 325, 325, 100, 5, 10]||['w']
[325, 325, 325, 325, 100, 5, 10]||['w']
[325, 325, 325, 325, 100, 5, 10]||['w']
[325, 325, 325, 325, 100, 5, 10]||['w']
[325, 325, 325, 325, 100, 5, 10]||['w']
[325, 325, 325, 325, 100, 5, 10]||['w']
[325, 325, 325, 325, 100, 5, 10]||['w']
[325, 325, 325, 325, 100, 5, 10]||['w']
[325, 325, 325, 325, 100, 5, 10]||['w']
[325, 325, 325, 325, 100, 5, 10]||['w']
[325, 325, 325, 325, 100, 5, 10]||['w']
[325, 325, 325, 325, 100, 5, 10]||['w']
[325, 325, 325, 325, 100, 5, 10]||['w']
[325, 325, 325, 325, 100, 5, 10]||['w']
[325, 325, 325, 325, 100, 5, 10]||['w']
[325, 325, 325, 325, 100, 5, 10]||['w']
[325, 325, 325, 325, 100, 5, 10]||['w']
[325, 325, 325, 325, 100, 5, 10]||['w']
[325, 325, 325, 325, 100, 5, 10]||['w']
[325, 325, 325, 325, 100, 5, 10]||['w']
[325, 325, 325, 325, 100, 5, 10]||['w']
[325, 325, 325, 325, 100, 5, 10]||['w']
[325, 325, 325, 325, 100, 5, 10]||['w']
[325, 325, 325, 325, 100, 5, 10]||['w']
[325, 325, 325, 325, 100, 5, 10]||['w']
[325, 325, 325, 325, 100, 5, 10]||['w']
[325, 325, 325, 325, 100, 5, 10]||['w']
[325, 325, 325, 325, 100, 5, 10]||['w']
[325, 325, 325, 325, 100, 5, 10]||['w']
[325, 325, 325, 325, 100, 5, 10]||['w']
[325, 325, 325, 325, 100, 5, 10]||['w']
[325, 325, 325, 325, 100, 5, 10]||['w']
[325, 325, 325, 325, 100, 5, 10]||['w']
[325, 325, 325, 325, 100, 5, 10]||['w']
[325, 325, 325, 325, 100, 5, 10]||['w']
[325, 325, 325, 325, 100, 5, 10]||['w']
[325, 325, 325, 325, 100, 5, 10]||['w']
[325, 325, 325, 325, 100, 5, 10]||['w']
[325, 325, 325, 325, 100, 5, 10]||['w']
[325, 325, 325, 325, 100, 5, 10]||['w']
[325, 325, 325, 325, 100, 5, 10]||['w']
[325, 325, 325, 325, 100, 5, 10]||['w']
[325, 325, 325, 325, 100, 5, 10]||['w']
[325, 325, 325, 325, 100, 5, 10]||['w']
[325, 325, 325, 325, 100, 5, 10]||['w']
[325, 325, 325, 325, 100, 5, 10]||['w']
[325, 325, 325, 325, 100, 5, 10]||['w']
[325, 325, 325, 325, 100, 5, 10]||['w']
[325, 325, 325, 325, 100, 5, 10]||['w']
[325, 325, 325, 325, 100, 5, 10]||['w']
[325, 325, 325, 325, 100, 5, 10]||['w']
[325, 325, 325, 325, 100, 5, 10]||['w']
[325, 325, 325, 325, 100, 5, 10]||['w']
[325, 325, 325, 325, 100, 5, 10]||['w']
[325, 325, 325, 325, 100, 5, 10]||['w']
[325, 325, 325, 325, 100, 5, 10]||['w']
[325, 325, 325, 325, 100, 5, 10]||['w']
[325, 325, 325, 325, 100, 5, 10]||['w']
[325, 325, 325, 325, 100, 5, 10]||[]
[325, 325, 325, 325, 100, 5, 10]||[]
[325, 325, 325, 325, 100, 5, 10]||[]
[325, 325, 325, 325, 100, 5, 10]||[]
[325, 325, 325, 325, 100, 5, 10]||[]
[325, 325, 325, 325, 100, 5, 10]||[]
[325, 325, 325, 325, 100, 5, 10]||[]
[325, 325, 325, 325, 100, 5, 10]||[]
[325, 325, 325, 325, 100, 5, 10]||[]
[325, 325, 325, 325, 100, 5, 10]||[]
[325, 325, 325, 325, 100, 5, 10]||[]
[325, 325, 325, 325, 100, 5, 10]||[]
[325, 325, 325, 325, 100, 5, 10]||[]
[325, 325, 325, 325, 100, 5, 10]||[]
[325, 325, 325, 325, 100, 5, 10]||[]
[325, 325, 325, 325, 100, 5, 10]||[]
[325, 325, 325, 325, 100, 5, 10]||['w']
[325, 325, 325, 325, 100, 5, 10]||['w']
[325, 325, 325, 325, 100, 5, 10]||['w']
[325, 325, 325, 325, 100, 5, 10]||['w']
[325, 325, 325, 325, 100, 5, 10]||['w']
[325, 325, 325, 325, 100, 5, 10]||['w']
[325, 325, 325, 325, 100, 5, 10]||['w']
[325, 325, 325, 325, 100, 5, 10]||['w']
[325, 325, 325, 325, 100, 5, 10]||[]
[325, 325, 325, 325, 100, 5, 10]||[]
[325, 325, 325, 325, 100, 5, 10]||[]
[325, 325, 325, 325, 100, 5, 10]||[]
[325, 325, 325, 325, 100, 5, 10]||[]
[325, 325, 325, 325, 100, 5, 10]||[]
[325, 325, 325, 325, 100, 5, 10]||[]
[325, 325, 325, 325, 100, 5, 10]||[]
[325, 325, 325, 325, 100, 5, 10]||[]
[325, 325, 325, 325, 100, 5, 10]||[]
[325, 325, 325, 325, 100, 5, 10]||[]
[325, 325, 325, 325, 100, 5, 10]||['d']
[325, 325, 325, 325, 100, 5, 10]||['d']
[325, 325, 325, 325, 100, 5, 10]||['d']
[325, 325, 325, 325, 100, 5, 10]||['d']
[325, 325, 325, 325, 100, 5, 10]||['d']
[325, 325, 325, 325, 100, 5, 10]||['d']
[325, 325, 325, 325, 100, 5, 10]||['d']
[325, 325, 325, 325, 100, 5, 10]||['d']
[325, 325, 325, 325, 100, 5, 10]||['d']
[325, 325, 325, 325, 100, 5, 10]||['d']
[325, 325, 325, 325, 100, 5, 10]||['d']
[325, 325, 325, 325, 100, 5, 10]||['d']
[325, 325, 325, 325, 100, 5, 10]||['d']
[325, 325, 325, 325, 100, 5, 10]||['d']
[325, 325, 325, 325, 100, 5, 10]||['d']
[325, 325, 325, 325, 100, 5, 10]||['d']
[325, 325, 325, 325, 100, 5, 10]||['d']
[325, 325, 325, 325, 100, 5, 10]||['d']
[325, 325, 325, 325, 100, 5, 10]||['d']
[325, 325, 325, 325, 100, 5, 10]||['d', 'w']
[325, 325, 325, 325, 100, 5, 10]||['d', 'w']
[325, 325, 325, 325, 100, 5, 10]||['d']
[325, 325, 325, 325, 100, 5, 10]||['d']
[325, 325, 325, 325, 100, 5, 10]||['d']
[325, 325, 325, 325, 100, 5, 10]||['d']
[325, 325, 325, 325, 100, 5, 10]||['d']
[325, 325, 325, 325, 100, 5, 10]||['d']
[325, 325, 325, 325, 100, 5, 10]||['d']
[325, 325, 325, 325, 100, 5, 10]||['d']
[325, 325, 325, 325, 100, 5, 10]||['d']
[325, 325, 325, 325, 100, 5, 10]||['d']
[325, 325, 325, 325, 100, 5, 10]||['d']
[325, 325, 325, 325, 100, 5, 10]||['d']
[325, 325, 325, 325, 100, 5, 10]||['d']
[325, 325, 325, 325, 100, 5, 10]||['d']
[325, 325, 325, 325, 100, 5, 10]||['d']
[325, 325, 325, 325, 100, 5, 10]||['d']
[325, 325, 325, 325, 100, 5, 10]||['d']
[325, 325, 325, 325, 100, 5, 10]||['d']
[325, 325, 325, 325, 100, 5, 10]||['d']
[325, 325, 325, 325, 100, 5, 10]||['d']
[325, 325, 325, 325, 100, 5, 10]||['d']
[325, 325, 325, 325, 100, 5, 10]||['d']
[325, 325, 325, 325, 100, 5, 10]||['d']
[325, 325, 325, 325, 100, 5, 10]||['d']
[325, 325, 325, 325, 100, 5, 10]||['d']
[325, 325, 325, 325, 100, 5, 10]||['d']
[325, 325, 325, 325, 100, 5, 10]||['d']
[325, 325, 325, 325, 100, 5, 10]||['d']
[325, 325, 325, 325, 100, 5, 10]||['d']
[325, 325, 325, 325, 100, 5, 10]||['d']
[325, 325, 325, 325, 100, 5, 10]||['d']
[325, 325, 325, 325, 100, 5, 10]||['d']
[325, 325, 325, 325, 100, 5, 10]||['d']
[325, 325, 325, 325, 100, 5, 10]||['d']
[325, 325, 325, 325, 100, 5, 10]||['d']
[325, 325, 325, 325, 100, 5, 10]||['d']
[325, 325, 325, 325, 100, 5, 10]||['d']
[325, 325, 325, 325, 100, 5, 10]||['d']
[325, 325, 325, 325, 100, 5, 10]||['d']
[325, 325, 325, 325, 100, 5, 10]||['d']
[325, 325, 325, 325, 100, 5, 10]||['d']
[325, 325, 325, 325, 100, 5, 10]||['d']
[325, 325, 325, 325, 100, 5, 10]||['d']
[325, 325, 325, 325, 100, 5, 10]||['d']
[325, 325, 325, 325, 100, 5, 10]||['d']
[325, 325, 325, 325, 100, 5, 10]||['d']
[325, 325, 325, 325, 100, 5, 10]||['d']
[325, 325, 325, 325, 100, 5, 10]||['d']
[325, 325, 325, 325, 100, 5, 10]||['d']
[325, 325, 325, 325, 100, 5, 10]||['d']
[325, 325, 325, 325, 100, 5, 10]||['d']
[325, 325, 325, 325, 100, 5, 10]||['d']
[325, 325, 325, 325, 100, 5, 10]||['d']
[325, 325, 325, 325, 100, 5, 10]||['d']
[325, 325, 325, 325, 100, 5, 10]||['d']
[325, 325, 325, 325, 100, 5, 10]||['d']
[325, 325, 325, 325, 100, 5, 10]||['d']
[325, 325, 325, 325, 100, 5, 10]||['d']
[325, 325, 325, 325, 100, 5, 10]||['d']
[325, 325, 325, 325, 100, 5, 10]||['d']
[325, 325, 325, 325, 100, 5, 10]||['d']
[325, 325, 325, 325, 100, 5, 10]||['d']
[325, 325, 325, 325, 100, 5, 10]||['d']
[325, 325, 325, 325, 100, 5, 10]||['d']
[325, 325, 325, 325, 100, 5, 10]||['d']
[325, 325, 325, 325, 100, 5, 10]||['d']
[325, 325, 325, 325, 100, 5, 10]||[]
[325, 325, 325, 325, 100, 5, 10]||[]
[325, 325, 325, 325, 100, 5, 10]||[]
[325, 325, 325, 325, 100, 5, 10]||[]
[325, 325, 325, 325, 100, 5, 10]||[]
[325, 325, 325, 325, 100, 5, 10]||[]
[325, 325, 325, 325, 100, 5, 10]||[]
[325, 325, 325, 325, 100, 5, 10]||['d']
[325, 325, 325, 325, 100, 5, 10]||['d']
[325, 325, 325, 325, 100, 5, 10]||[]
[325, 325, 325, 325, 100, 5, 10]||[]
[325, 325, 325, 325, 100, 5, 10]||[]
[325, 325, 325, 325, 100, 5, 10]||[]
[325, 325, 325, 325, 100, 5, 10]||[]
[325, 325, 325, 325, 100, 5, 10]||[]
[325, 325, 325, 325, 100, 5, 10]||[]
[325, 325, 325, 325, 100, 5, 10]||[]
[325, 325, 325, 325, 100, 5, 10]||[]
[325, 325, 325, 325, 100, 5, 10]||[]
[325, 325, 325, 325, 100, 5, 10]||[]
[325, 325, 325, 325, 100, 5, 10]||[]
[325, 325, 325, 325, 100, 5, 10]||[]
[325, 325, 325, 325, 100, 5, 10]||[]
[325, 325, 325, 325, 100, 5, 10]||[]
[325, 325, 325, 325, 100, 5, 10]||['d']
[325, 325, 325, 325, 100, 5, 10]||['d']
[325, 325, 325, 325, 100, 5, 10]||['d']
[325, 325, 325, 325, 100, 5, 10]||[]
[325, 325, 325, 325, 100, 5, 10]||[]
[325, 325, 325, 325, 100, 5, 10]||[]
[325, 325, 325, 325, 100, 5, 10]||[]
[325, 325, 325, 325, 100, 5, 10]||[]
[325, 325, 325, 325, 100, 5, 10]||[]
[325, 325, 325, 325, 100, 5, 10]||[]
[325, 325, 325, 325, 100, 5, 10]||[]
[325, 325, 325, 325, 100, 5, 10]||['d']
[325, 325, 325, 325, 100, 5, 10]||['d']
[325, 325, 325, 325, 100, 5, 10]||['d']
[325, 325, 325, 325, 100, 5, 10]||[]
[325, 325, 325, 325, 100, 5, 10]||[]
[325, 325, 325, 325, 100, 5, 10]||[]
[325, 325, 325, 325, 100, 5, 10]||[]
[325, 325, 325, 325, 100, 5, 10]||[]
[325, 325, 325, 325, 100, 5, 10]||[]
[325, 325, 325, 325, 100, 5, 10]||[]
[325, 325, 325, 325, 100, 5, 10]||['s']
[325, 325, 325, 325, 100, 5, 10]||['s']
[325, 325, 325, 325, 100, 5, 10]||['s']
[325, 325, 325, 325, 100, 5, 10]||['s']
[325, 325, 325, 325, 100, 5, 10]||['s']
[325, 325, 325, 325, 100, 5, 10]||['s']
[325, 325, 325, 325, 100, 5, 10]||['s']
[325, 325, 325, 325, 100, 5, 10]||['s']
[325, 325, 325, 325, 100, 5, 10]||['s']
[325, 325, 325, 325, 100, 5, 10]||['s']
[325, 325, 325, 325, 100, 5, 10]||['s']
[325, 325, 325, 325, 100, 5, 10]||['s']
[325, 325, 325, 325, 100, 5, 10]||['s']
[325, 325, 325, 325, 100, 5, 10]||['s']
[325, 325, 325, 325, 100, 5, 10]||['s']
[325, 325, 325, 325, 100, 5, 10]||['s']
[325, 325, 325, 325, 100, 5, 10]||['s']
[325, 325, 325, 325, 100, 5, 10]||['s']
[325, 325, 325, 325, 100, 5, 10]||['s']
[325, 325, 325, 325, 100, 5, 10]||['s']
[325, 325, 325, 325, 100, 5, 10]||['s']
[325, 325, 325, 325, 100, 5, 10]||['s']
[325, 325, 325, 325, 100, 5, 10]||['s']
[325, 325, 325, 325, 100, 5, 10]||['s']
[325, 325, 325, 325, 100, 5, 10]||['s']
[325, 325, 325, 325, 100, 5, 10]||['s']
[325, 325, 325, 325, 100, 5, 10]||['s']
[325, 325, 325, 325, 100, 5, 10]||['s']
[325, 325, 325, 325, 100, 5, 10]||['s']
[325, 325, 325, 325, 100, 5, 10]||['s']
[325, 325, 325, 325, 100, 5, 10]||['s']
[325, 325, 325, 325, 100, 5, 10]||['s']
[325, 325, 325, 325, 100, 5, 10]||['s']
[325, 325, 325, 325, 100, 5, 10]||['s']
[325, 325, 325, 325, 100, 5, 10]||['s']
[325, 325, 325, 325, 100, 5, 10]||['s']
[325, 325, 325, 325, 100, 5, 10]||['s']
[325, 325, 325, 325, 100, 5, 10]||['s']
[325, 325, 325, 325, 100, 5, 10]||['s']
[325, 325, 325, 325, 100, 5, 10]||['s']
[325, 325, 325, 325, 100, 5, 10]||['s']
[325, 325, 325, 325, 100, 5, 10]||['s']
[325, 325, 325, 325, 100, 5, 10]||['s']
[325, 325, 325, 325, 100, 5, 10]||['s']
[325, 325, 325, 325, 100, 5, 10]||['s']
[325, 325, 325, 325, 100, 5, 10]||['s']
[325, 325, 325, 325, 100, 5, 10]||['s']
[325, 325, 325, 325, 100, 5, 10]||['s']
[325, 325, 325, 325, 100, 5, 10]||['s']
[325, 325, 325, 325, 100, 5, 10]||['s']
[325, 325, 325, 325, 100, 5, 10]||['s']
[325, 325, 325, 325, 100, 5, 10]||['s']
[325, 325, 325, 325, 100, 5, 10]||['s']
[325, 325, 325, 325, 100, 5, 10]||['s']
[325, 325, 325, 325, 100, 5, 10]||[]
[325, 325, 325, 325, 100, 5, 10]||[]
[325, 325, 325, 325, 100, 5, 10]||[]
[325, 325, 325, 325, 100, 5, 10]||[]
[325, 325, 325, 325, 100, 5, 10]||[]
[325, 325, 325, 325, 100, 5, 10]||['s']
[325, 325, 325, 325, 100, 5, 10]||['s']
[325, 325, 325, 325, 100, 5, 10]||['s']
[325, 325, 325, 325, 100, 5, 10]||['s']
[325, 325, 325, 325, 100, 5, 10]||['s']
[325, 325, 325, 325, 100, 5, 10]||['s']
[325, 325, 325, 325, 100, 5, 10]||[]
[325, 325, 325, 325, 100, 5, 10]||[]
[325, 325, 325, 325, 100, 5, 10]||[]
[325, 325, 325, 325, 100, 5, 10]||[]
[325, 325, 325, 325, 100, 5, 10]||[]
[325, 325, 325, 325, 100, 5, 10]||['s']
[325, 325, 325, 325, 100, 5, 10]||['s']
[325, 325, 325, 325, 100, 5, 10]||['s']
[325, 325, 325, 325, 100, 5, 10]||[]
[325, 325, 325, 325, 100, 5, 10]||[]
[325, 325, 325, 325, 100, 5, 10]||[]
[325, 325, 325, 325, 100, 5, 10]||[]
[325, 325, 325, 325, 100, 5, 10]||[]
[325, 325, 325, 325, 100, 5, 10]||[]
[325, 325, 325, 325, 100, 5, 10]||[]
[325, 325, 325, 325, 100, 5, 10]||['d']
[325, 325, 325, 325, 100, 5, 10]||['d']
[325, 325, 325, 325, 100, 5, 10]||['d']
[325, 325, 325, 325, 100, 5, 10]||['d']
[325, 325, 325, 325, 100, 5, 10]||['d']
[325, 325, 325, 325, 100, 5, 10]||['d']
[325, 325, 325, 325, 100, 5, 10]||['d']
[325, 325, 325, 325, 100, 5, 10]||['d']
[325, 325, 325, 325, 100, 5, 10]||['d']
[325, 325, 325, 325, 100, 5, 10]||['d']
[325, 325, 325, 325, 100, 5, 10]||['d']
[325, 325, 325, 325, 100, 5, 10]||['d']
[325, 325, 325, 325, 100, 5, 10]||['d']
[325, 325, 325, 325, 100, 5, 10]||['d']
[325, 325, 325, 325, 100, 5, 10]||['d']
[325, 325, 325, 325, 100, 5, 10]||['d']
[325, 325, 325, 325, 100, 5, 10]||['d']
[325, 325, 325, 325, 100, 5, 10]||['d']
[325, 325, 325, 325, 100, 5, 10]||['d']
[325, 325, 325, 325, 100, 5, 10]||['d']
[325, 325, 325, 325, 100, 5, 10]||['d']
[325, 325, 325, 325, 100, 5, 10]||['d']
[325, 325, 325, 325, 100, 5, 10]||['d']
[325, 325, 325, 325, 100, 5, 10]||['d']
[325, 325, 325, 325, 100, 5, 10]||['d', 's']
[325, 325, 325, 325, 100, 5, 10]||['d', 's']
[325, 325, 325, 325, 100, 5, 10]||['d', 's']
[325, 325, 325, 325, 100, 5, 10]||['d', 's']
[325, 325, 325, 325, 100, 5, 10]||['d', 's']
[325, 325, 325, 325, 100, 5, 10]||['d']
[325, 325, 325, 325, 100, 5, 10]||['d']
[325, 325, 325, 325, 100, 5, 10]||['d']
[325, 325, 325, 325, 100, 5, 10]||['d']
[325, 325, 325, 325, 100, 5, 10]||['d']
[325, 325, 325, 325, 100, 5, 10]||['d']
[325, 325, 325, 325, 100, 5, 10]||['d']
[325, 325, 325, 325, 100, 5, 10]||['d']
[325, 325, 325, 325, 100, 5, 10]||['d']
[325, 325, 325, 325, 100, 5, 10]||['d']
[325, 325, 325, 325, 100, 5, 10]||['d']
[325, 325, 325, 325, 100, 5, 10]||['d']
[325, 325, 325, 325, 100, 5, 10]||['d']
[325, 325, 325, 325, 100, 5, 10]||['d']
[325, 325, 325, 325, 100, 5, 10]||['d']
[325, 325, 325, 325, 100, 5, 10]||['d']
[325, 325, 325, 325, 100, 5, 10]||['d']
[325, 325, 325, 325, 100, 5, 10]||['d']
[325, 325, 325, 325, 100, 5, 10]||['d']
[325, 325, 325, 325, 100, 5, 10]||['d']
[325, 325, 325, 325, 100, 5, 10]||['d']
[325, 325, 325, 325, 100, 5, 10]||['d']
[325, 325, 325, 325, 100, 5, 10]||['d']
[325, 325, 325, 325, 100, 5, 10]||['d']
[325, 325, 325, 325, 100, 5, 10]||['d']
[325, 325, 325, 325, 100, 5, 10]||['d']
[325, 325, 325, 325, 100, 5, 10]||['d']
[325, 325, 325, 325, 100, 5, 10]||['d']
[325, 325, 325, 325, 100, 5, 10]||['d']
[325, 325, 325, 325, 100, 5, 10]||['d']
[325, 325, 325, 325, 100, 5, 10]||['d']
[325, 325, 325, 325, 100, 5, 10]||['d']
[325, 325, 325, 325, 100, 5, 10]||['d']
[325, 325, 325, 325, 100, 5, 10]||['d']
[325, 325, 325, 325, 100, 5, 10]||['d']
[325, 325, 325, 325, 100, 5, 10]||['d']
[325, 325, 325, 325, 100, 5, 10]||['d']
[325, 325, 325, 325, 100, 5, 10]||['d']
[325, 325, 325, 325, 100, 5, 10]||['d']
[325, 325, 325, 325, 100, 5, 10]||['d']
[325, 325, 325, 325, 100, 5, 10]||['d']
[325, 325, 325, 325, 100, 5, 10]||['d']
[325, 325, 325, 325, 100, 5, 10]||['d']
[325, 325, 325, 325, 100, 5, 10]||['d']
[325, 325, 325, 325, 100, 5, 10]||['d']
[325, 325, 325, 325, 100, 5, 10]||['d']
[325, 325, 325, 325, 100, 5, 10]||['d']
[325, 325, 325, 325, 100, 5, 10]||['d']
[325, 325, 325, 325, 100, 5, 10]||['d']
[325, 325, 325, 325, 100, 5, 10]||['d']
[325, 325, 325, 325, 100, 5, 10]||['d']
[325, 325, 325, 325, 100, 5, 10]||['d']
[325, 325, 325, 325, 100, 5, 10]||['d']
[325, 325, 325, 325, 100, 5, 10]||['d']
[325, 325, 325, 325, 100, 5, 10]||['d']
[325, 325, 325, 325, 100, 5, 10]||['d']
[325, 325, 325, 325, 100, 5, 10]||['d']
[325, 325, 325, 325, 100, 5, 10]||['d']
[325, 325, 325, 325, 100, 5, 10]||['d']
[325, 325, 325, 325, 100, 5, 10]||['d']
[325, 325, 325, 325, 100, 5, 10]||['d']
[325, 325, 325, 325, 100, 5, 10]||['d']
[325, 325, 325, 325, 100, 5, 10]||['d']
[325, 325, 325, 325, 100, 5, 10]||['d']
[325, 325, 325, 325, 100, 5, 10]||['d']
[325, 325, 325, 325, 100, 5, 10]||['d']
[325, 325, 325, 325, 100, 5, 10]||['d']
[325, 325, 325, 325, 100, 5, 10]||['d']
[325, 325, 325, 325, 100, 5, 10]||['d']
[325, 325, 325, 325, 100, 5, 10]||['d']
[325, 325, 325, 325, 100, 5, 10]||['d']
[325, 325, 325, 325, 100, 5, 10]||['d']
[325, 325, 325, 325, 100, 5, 10]||['d']
[325, 325, 325, 325, 100, 5, 10]||['d']
[325, 325, 325, 325, 100, 5, 10]||['d']
[325, 325, 325, 325, 100, 5, 10]||['d']
[325, 325, 325, 325, 100, 5, 10]||['d']
[325, 325, 325, 325, 100, 5, 10]||['d']
[325, 325, 325, 325, 100, 5, 10]||['d']
[325, 325, 325, 325, 100, 5, 10]||['d']
[325, 325, 325, 325, 100, 5, 10]||['d']
[325, 325, 325, 325, 100, 5, 10]||['d']
[325, 325, 325, 325, 100, 5, 10]||['d']
[325, 325, 325, 325, 100, 5, 10]||['d']
[325, 325, 325, 325, 100, 5, 10]||['d']
[325, 325, 325, 325, 100, 5, 10]||['d']
[325, 325, 325, 325, 100, 5, 10]||['d']
[325, 325, 325, 325, 100, 5, 10]||['d']
[325, 325, 325, 325, 100, 5, 10]||['d']
[325, 325, 325, 325, 100, 5, 10]||['d']
[325, 325, 325, 325, 100, 5, 10]||['d']
[325, 325, 325, 325, 100, 5, 10]||['d']
[325, 325, 325, 325, 100, 5, 10]||['d']
[325, 325, 325, 325, 100, 5, 10]||['d']
[325, 325, 325, 325, 100, 5, 10]||['d']
[325, 325, 325, 325, 100, 5, 10]||['d']
[325, 325, 325, 325, 100, 5, 10]||['d']
[325, 325, 325, 325, 100, 5, 10]||['d']
[325, 325, 325, 325, 100, 5, 10]||['d']
[325, 325, 325, 325, 100, 5, 10]||['d']
[325, 325, 325, 325, 100, 5, 10]||['d']
[325, 325, 325, 325, 100, 5, 10]||['d']
[325, 325, 325, 325, 100, 5, 10]||['d']
[325, 325, 325, 325, 100, 5, 10]||['d']
[325, 325, 325, 325, 100, 5, 10]||['d']
[325, 325, 325, 325, 100, 5, 10]||[]
[325, 325, 325, 325, 100, 5, 10]||[]
[325, 325, 325, 325, 100, 5, 10]||[]
[325, 325, 325, 325, 100, 5, 10]||[]
[325, 325, 325, 325, 100, 5, 10]||[]
[325, 325, 325, 325, 100, 5, 10]||['d']
[325, 325, 325, 325, 100, 5, 10]||['d']
[325, 325, 325, 325, 100, 5, 10]||['d']
[325, 325, 325, 325, 100, 5, 10]||['d']
[325, 325, 325, 325, 100, 5, 10]||['d']
[325, 325, 325, 325, 100, 5, 10]||['d']
[325, 325, 325, 325, 100, 5, 10]||['d']
[325, 325, 325, 325, 100, 5, 10]||['d']
[325, 325, 325, 325, 100, 5, 10]||['d']
[325, 325, 325, 325, 100, 5, 10]||['d']
[325, 325, 325, 325, 100, 5, 10]||['d']
[325, 325, 325, 325, 100, 5, 10]||['d']
[325, 325, 325, 325, 100, 5, 10]||['d']
[325, 325, 325, 325, 100, 5, 10]||['d']
[325, 325, 325, 325, 100, 5, 10]||['d']
[325, 325, 325, 325, 100, 5, 10]||['d']
[325, 325, 325, 325, 100, 5, 10]||['d']
[325, 325, 325, 325, 100, 5, 10]||['d']
[325, 325, 325, 325, 100, 5, 10]||['d']
[325, 325, 325, 325, 100, 5, 10]||['d']
[325, 325, 325, 325, 100, 5, 10]||['d']
[325, 325, 325, 325, 100, 5, 10]||['d']
[325, 325, 325, 325, 100, 5, 10]||['d']
[325, 325, 325, 325, 100, 5, 10]||['d']
[325, 325, 325, 325, 100, 5, 10]||['d']
[325, 325, 325, 325, 100, 5, 10]||['d']
[325, 325, 325, 325, 100, 5, 10]||['d']
[325, 325, 325, 325, 100, 5, 10]||[]
[325, 325, 325, 325, 100, 5, 10]||[]
[325, 325, 325, 325, 100, 5, 10]||[]
[325, 325, 325, 325, 100, 5, 10]||[]
[325, 325, 325, 325, 100, 5, 10]||[]
[325, 325, 325, 325, 100, 5, 10]||[]
[325, 325, 325, 325, 100, 5, 10]||[]
[325, 325, 325, 325, 100, 5, 10]||['d']
[325, 325, 325, 325, 100, 5, 10]||['d']
[325, 325, 325, 325, 100, 5, 10]||['d']
[325, 325, 325, 325, 100, 5, 10]||[]
[325, 325, 325, 325, 100, 5, 10]||[]
[325, 325, 325, 325, 100, 5, 10]||[]
[325, 325, 325, 325, 100, 5, 10]||[]
[325, 325, 325, 325, 100, 5, 10]||[]
[325, 325, 325, 325, 100, 5, 10]||[]
[325, 325, 325, 325, 100, 5, 10]||[]
[325, 325, 325, 325, 100, 5, 10]||[]
[325, 325, 325, 325, 100, 5, 10]||['d']
[325, 325, 325, 325, 100, 5, 10]||['d']
[325, 325, 325, 325, 100, 5, 10]||['d']
[325, 325, 325, 325, 100, 5, 10]||['d']
[325, 325, 325, 325, 100, 5, 10]||['d']
[325, 325, 325, 325, 100, 5, 10]||['d']
[325, 325, 325, 325, 100, 5, 10]||['d']
[325, 325, 325, 325, 100, 5, 10]||[]
[325, 325, 325, 325, 100, 5, 10]||[]
[325, 325, 325, 325, 100, 5, 10]||[]
[325, 325, 325, 325, 100, 5, 10]||[]
[325, 325, 325, 325, 100, 5, 10]||[]
[325, 325, 325, 325, 100, 5, 10]||['w']
[325, 325, 325, 325, 100, 5, 10]||['w']
[325, 325, 325, 325, 100, 5, 10]||['w']
[325, 325, 325, 325, 100, 5, 10]||['w']
[325, 325, 325, 325, 100, 5, 10]||['w']
[325, 325, 325, 325, 100, 5, 10]||['w']
[325, 325, 325, 325, 100, 5, 10]||['w']
[325, 325, 325, 325, 100, 5, 10]||['w']
[325, 325, 325, 325, 100, 5, 10]||['w']
[325, 325, 325, 325, 100, 5, 10]||['w']
[325, 325, 325, 325, 100, 5, 10]||['w']
[325, 325, 325, 325, 100, 5, 10]||['w']
[325, 325, 315, 325, 100, 5, 10]||['w']
[325, 325, 310, 325, 100, 5, 10]||['w']
[325, 325, 305, 325, 100, 5, 10]||['w']
[325, 325, 301, 325, 100, 5, 10]||['w']
[325, 325, 296, 325, 100, 5, 10]||['w']
[325, 325, 291, 325, 100, 5, 10]||['w']
[325, 325, 286, 325, 100, 5, 10]||['w']
[325, 325, 281, 325, 100, 5, 10]||['w']
[325, 325, 277, 325, 100, 5, 10]||['w']
[325, 325, 272, 325, 100, 5, 10]||['w']
[325, 325, 267, 325, 100, 5, 10]||['w']
[325, 325, 262, 325, 100, 5, 10]||['w']
[325, 325, 258, 325, 100, 5, 10]||['w']
[325, 325, 253, 325, 100, 5, 10]||['w']
[325, 325, 248, 325, 100, 5, 10]||['w']
[325, 325, 243, 325, 100, 5, 10]||['w']
[325, 325, 239, 325, 100, 5, 10]||['w']
[325, 325, 234, 325, 100, 5, 10]||['w']
[325, 325, 229, 325, 100, 5, 10]||['w']
[325, 325, 225, 325, 100, 5, 10]||['w']
[325, 325, 220, 325, 100, 5, 10]||['w']
[325, 325, 215, 325, 100, 5, 10]||['w']
[325, 325, 211, 325, 100, 5, 10]||['w']
[325, 325, 206, 325, 100, 5, 10]||['w']
[325, 325, 201, 325, 100, 5, 10]||['w']
[325, 325, 197, 325, 100, 5, 10]||['w']
[325, 325, 192, 325, 100, 5, 10]||['w']
[325, 325, 188, 325, 100, 5, 10]||['w']
[325, 325, 183, 325, 100, 5, 10]||['w']
[325, 325, 179, 325, 100, 5, 10]||['w']
[325, 325, 174, 325, 100, 5, 10]||['w']
[325, 325, 170, 325, 100, 5, 10]||['w']
[325, 325, 166, 325, 100, 5, 10]||[]
[325, 325, 166, 325, 100, 5, 10]||[]
[325, 325, 166, 325, 100, 5, 10]||[]
[325, 325, 166, 325, 100, 5, 10]||[]
[325, 325, 166, 325, 100, 5, 10]||[]
[325, 325, 166, 325, 100, 5, 10]||[]
[325, 325, 166, 325, 100, 5, 10]||['w']
[325, 325, 161, 325, 100, 5, 10]||['w']
[325, 325, 157, 325, 100, 5, 10]||['w']
[325, 325, 153, 325, 100, 5, 10]||['w']
[325, 325, 148, 325, 100, 5, 10]||['w']
[325, 325, 144, 325, 100, 5, 10]||['w']
[325, 325, 140, 325, 100, 5, 10]||['w', 'a']
[325, 325, 133, 325, 100, 5, 10]||['w', 'a']
[325, 325, 126, 325, 100, 5, 10]||['w', 'a']
[325, 325, 119, 325, 100, 5, 10]||['w', 'a']
[325, 325, 112, 325, 100, 5, 10]||['w', 'a']
[325, 325, 106, 325, 100, 5, 10]||['w', 'a']
[325, 325, 99, 325, 100, 5, 10]||['w', 'a']
[325, 325, 92, 325, 100, 5, 10]||['w', 'a']
[325, 325, 85, 325, 100, 5, 10]||['w', 'a']
[325, 325, 78, 325, 100, 5, 10]||['w', 'a']
[325, 325, 72, 325, 100, 5, 10]||['w', 'a']
[325, 325, 65, 325, 100, 5, 10]||['w']
[325, 325, 60, 325, 100, 5, 10]||['w', 'a']
[325, 325, 54, 325, 100, 5, 10]||['w', 'a']
[325, 325, 47, 325, 100, 5, 10]||['w', 'a']
[325, 325, 41, 325, 100, 5, 10]||['w', 'a']
[325, 325, 35, 325, 100, 5, 10]||['w', 'a']
[325, 325, 30, 325, 100, 5, 10]||[]
[325, 325, 30, 325, 100, 5, 10]||['w']
[325, 325, 25, 325, 100, 5, 10]||['w']
[325, 325, 20, 325, 100, 5, 10]||['w']
[325, 325, 325, 325, 100, 10, 10]||['w']
[325, 325, 325, 325, 100, 10, 10]||['w']
[325, 325, 325, 325, 100, 10, 10]||['w']
[325, 325, 325, 325, 100, 10, 10]||['w']
[325, 325, 325, 325, 100, 10, 10]||['w']
[325, 325, 325, 325, 100, 10, 10]||[]
[325, 325, 325, 325, 100, 10, 10]||[]
[325, 325, 325, 325, 100, 10, 10]||[]
[325, 325, 325, 325, 100, 10, 10]||[]
[325, 325, 325, 325, 100, 10, 10]||[]
[325, 325, 325, 325, 100, 10, 10]||[]
[325, 325, 325, 325, 100, 10, 10]||[]
[325, 325, 325, 325, 100, 10, 10]||[]
[325, 325, 325, 325, 100, 10, 10]||[]
[325, 325, 325, 325, 100, 10, 10]||[]
[325, 325, 325, 325, 100, 10, 10]||['d']
[325, 325, 325, 325, 100, 10, 10]||['d']
[325, 325, 325, 325, 100, 10, 10]||['d']
[325, 325, 325, 325, 100, 10, 10]||['d']
[325, 325, 325, 325, 100, 10, 10]||['d']
[325, 325, 325, 325, 100, 10, 10]||['d']
[325, 325, 325, 325, 100, 10, 10]||['d']
[325, 325, 325, 325, 100, 10, 10]||['d']
[325, 325, 325, 325, 100, 10, 10]||['d']
[325, 325, 325, 325, 100, 10, 10]||['d']
[325, 325, 325, 325, 100, 10, 10]||['d']
[325, 325, 325, 325, 100, 10, 10]||['d']
[325, 325, 325, 325, 100, 10, 10]||['d']
[325, 325, 325, 325, 100, 10, 10]||['d']
[325, 325, 325, 325, 100, 10, 10]||['d']
[325, 325, 325, 325, 100, 10, 10]||['d']
[325, 325, 325, 325, 100, 10, 10]||[]
[325, 325, 325, 325, 100, 10, 10]||[]
[325, 325, 325, 325, 100, 10, 10]||[]
[325, 325, 325, 325, 100, 10, 10]||[]
[325, 325, 325, 325, 100, 10, 10]||['s']
[325, 325, 325, 325, 100, 10, 10]||['s']
[325, 325, 325, 325, 100, 10, 10]||['s']
[325, 325, 325, 325, 100, 10, 10]||['s']
[325, 325, 325, 325, 100, 10, 10]||['s']
[325, 325, 325, 325, 100, 10, 10]||['s']
[325, 325, 325, 325, 100, 10, 10]||['s']
[325, 325, 325, 325, 100, 10, 10]||['s']
[325, 325, 325, 325, 100, 10, 10]||['s']
[325, 325, 325, 325, 100, 10, 10]||['s']
[325, 325, 325, 325, 100, 10, 10]||['s']
[325, 325, 325, 325, 100, 10, 10]||['s']
[325, 325, 325, 325, 100, 10, 10]||['s']
[325, 325, 325, 325, 100, 10, 10]||['s']
[325, 325, 325, 325, 100, 10, 10]||['s']
[325, 325, 325, 325, 100, 10, 10]||['s']
[325, 325, 325, 325, 100, 10, 10]||['s']
[325, 325, 325, 325, 100, 10, 10]||['s']
[325, 325, 325, 325, 100, 10, 10]||['s']
[325, 325, 325, 325, 100, 10, 10]||['s']
[325, 325, 325, 325, 100, 10, 10]||['s']
[325, 325, 325, 325, 100, 10, 10]||['s']
[325, 325, 325, 325, 100, 10, 10]||['s']
[325, 325, 325, 325, 100, 10, 10]||['s']
[325, 325, 325, 325, 100, 10, 10]||['s']
[325, 325, 325, 325, 100, 10, 10]||['s']
[325, 325, 325, 325, 100, 10, 10]||['s']
[325, 325, 325, 325, 100, 10, 10]||['s']
[325, 325, 325, 325, 100, 10, 10]||['s']
[325, 325, 325, 325, 100, 10, 10]||['s']
[325, 325, 325, 325, 100, 10, 10]||['s']
[325, 325, 325, 325, 100, 10, 10]||['s']
[325, 325, 325, 325, 100, 10, 10]||['s']
[325, 325, 325, 325, 100, 10, 10]||['s']
[325, 325, 325, 325, 100, 10, 10]||['s']
[325, 325, 325, 325, 100, 10, 10]||['s']
[325, 325, 325, 325, 100, 10, 10]||['s']
[325, 325, 325, 325, 100, 10, 10]||['s']
[325, 325, 325, 325, 100, 10, 10]||['s']
[325, 325, 325, 325, 100, 10, 10]||['s']
[325, 325, 325, 325, 100, 10, 10]||['s']
[325, 325, 325, 325, 100, 10, 10]||['s']
[325, 325, 325, 325, 100, 10, 10]||['s']
[325, 325, 325, 325, 100, 10, 10]||['s']
[325, 325, 325, 325, 100, 10, 10]||['s']
[325, 325, 325, 325, 100, 10, 10]||['s']
[325, 325, 325, 325, 100, 10, 10]||['s']
[325, 325, 325, 325, 100, 10, 10]||['s']
[325, 325, 325, 325, 100, 10, 10]||['s']
[325, 325, 325, 325, 100, 10, 10]||['s']
[325, 325, 325, 325, 100, 10, 10]||['s']
[325, 325, 325, 325, 100, 10, 10]||['s']
[325, 325, 325, 325, 100, 10, 10]||['s']
[325, 325, 325, 325, 100, 10, 10]||['s']
[325, 325, 325, 325, 100, 10, 10]||['s']
[325, 325, 325, 325, 100, 10, 10]||['s']
[325, 325, 325, 325, 100, 10, 10]||['s']
[325, 325, 325, 325, 100, 10, 10]||['s']
[325, 325, 325, 325, 100, 10, 10]||['s']
[325, 325, 325, 325, 100, 10, 10]||['s']
[325, 325, 325, 325, 100, 10, 10]||['s']
[325, 325, 325, 325, 100, 10, 10]||['s']
[325, 325, 325, 325, 100, 10, 10]||['s']
[325, 325, 325, 325, 100, 10, 10]||['s']
[325, 325, 325, 325, 100, 10, 10]||['s']
[325, 325, 325, 325, 100, 10, 10]||['s']
[325, 325, 325, 325, 100, 10, 10]||['s']
[325, 325, 325, 325, 100, 10, 10]||['s']
[325, 325, 325, 325, 100, 10, 10]||['s']
[325, 325, 325, 325, 100, 10, 10]||['s']
[325, 325, 325, 325, 100, 10, 10]||['s']
[325, 325, 325, 325, 100, 10, 10]||['s']
[325, 325, 325, 325, 100, 10, 10]||['s']
[325, 325, 325, 325, 100, 10, 10]||['s']
[325, 325, 325, 325, 100, 10, 10]||['s']
[325, 325, 325, 325, 100, 10, 10]||['s']
[325, 325, 325, 325, 100, 10, 10]||['s']
[325, 325, 325, 325, 100, 10, 10]||['s']
[325, 325, 325, 325, 100, 10, 10]||['s']
[325, 325, 325, 325, 100, 10, 10]||['s']
[325, 325, 325, 325, 100, 10, 10]||['s']
[325, 325, 325, 325, 100, 10, 10]||['s']
[325, 325, 325, 325, 100, 10, 10]||['s']
[325, 325, 325, 325, 100, 10, 10]||['s']
[325, 325, 325, 325, 100, 10, 10]||['s']
[325, 325, 325, 325, 100, 10, 10]||['s']
[325, 325, 325, 325, 100, 10, 10]||['s']
[325, 325, 325, 325, 100, 10, 10]||['s']
[325, 325, 325, 325, 100, 10, 10]||['s']
[325, 325, 325, 325, 100, 10, 10]||['s']
[325, 325, 325, 325, 100, 10, 10]||['s']
[325, 325, 325, 325, 100, 10, 10]||['s']
[325, 325, 325, 325, 100, 10, 10]||['s']
[325, 325, 325, 325, 100, 10, 10]||['s']
[325, 325, 325, 325, 100, 10, 10]||['s']
[325, 325, 325, 325, 100, 10, 10]||['s']
[325, 325, 325, 325, 100, 10, 10]||['s']
[325, 325, 325, 325, 100, 10, 10]||['s']
[325, 325, 325, 325, 100, 10, 10]||['s']
[325, 325, 325, 325, 100, 10, 10]||['s']
[325, 325, 325, 325, 100, 10, 10]||['s']
[325, 325, 325, 325, 100, 10, 10]||['s']
[325, 325, 325, 325, 100, 10, 10]||['s']
[325, 325, 325, 325, 100, 10, 10]||['s']
[325, 325, 325, 325, 100, 10, 10]||['s']
[325, 325, 325, 325, 100, 10, 10]||['s']
[325, 325, 325, 325, 100, 10, 10]||['s']
[325, 325, 325, 325, 100, 10, 10]||['s']
[325, 325, 325, 325, 100, 10, 10]||['s']
[325, 325, 325, 325, 100, 10, 10]||['s']
[325, 325, 325, 325, 100, 10, 10]||['s']
[323, 325, 325, 325, 100, 10, 10]||['s']
[318, 325, 325, 325, 100, 10, 10]||['s']
[314, 325, 325, 325, 100, 10, 10]||['s']
[309, 325, 325, 325, 100, 10, 10]||['s']
[304, 325, 325, 325, 100, 10, 10]||['s']
[299, 325, 325, 325, 100, 10, 10]||['s']
[294, 325, 325, 325, 100, 10, 10]||['s']
[289, 325, 325, 325, 100, 10, 10]||['s']
[285, 325, 325, 325, 100, 10, 10]||['s']
[280, 325, 325, 325, 100, 10, 10]||['s']
[275, 325, 325, 325, 100, 10, 10]||['s']
[270, 325, 325, 325, 100, 10, 10]||['s']
[265, 325, 325, 325, 100, 10, 10]||['s']
[261, 325, 325, 325, 100, 10, 10]||['s']
[256, 325, 325, 325, 100, 10, 10]||['s']
[251, 325, 325, 325, 100, 10, 10]||['s']
[246, 325, 325, 325, 100, 10, 10]||['s']
[241, 325, 325, 325, 100, 10, 10]||['s']
[237, 325, 325, 325, 100, 10, 10]||['s']
[232, 325, 325, 325, 100, 10, 10]||['s']
[227, 325, 325, 325, 100, 10, 10]||['s']
[222, 325, 325, 325, 100, 10, 10]||['s']
[218, 325, 325, 325, 100, 10, 10]||['s']
[213, 325, 325, 325, 100, 10, 10]||['s']
[208, 325, 325, 325, 100, 10, 10]||['s']
[204, 325, 325, 325, 100, 10, 10]||['s']
[199, 325, 325, 325, 100, 10, 10]||['s']
[195, 325, 325, 325, 100, 10, 10]||['s']
[190, 325, 325, 325, 100, 10, 10]||['s']
[185, 325, 325, 325, 100, 10, 10]||['s']
[181, 325, 325, 325, 100, 10, 10]||['s']
[176, 325, 325, 325, 100, 10, 10]||['s']
[172, 325, 325, 325, 100, 10, 10]||['s']
[167, 325, 325, 325, 100, 10, 10]||['s']
[163, 325, 325, 325, 100, 10, 10]||['s']
[158, 325, 325, 325, 100, 10, 10]||['s']
[154, 325, 325, 325, 100, 10, 10]||['s']
[150, 325, 325, 325, 100, 10, 10]||['s']
[145, 325, 325, 325, 100, 10, 10]||['s']
[141, 325, 325, 325, 100, 10, 10]||['s']
[137, 325, 325, 325, 100, 10, 10]||['s']
[133, 325, 325, 325, 100, 10, 10]||['s']
[129, 325, 325, 325, 100, 10, 10]||['s']
[125, 325, 325, 325, 100, 10, 10]||['s']
[121, 325, 325, 325, 100, 10, 10]||['s']
[117, 325, 325, 325, 100, 10, 10]||['s']
[113, 325, 325, 325, 100, 10, 10]||['s']
[109, 325, 325, 325, 100, 10, 10]||['s']
[106, 325, 325, 325, 100, 10, 10]||['s']
[102, 325, 325, 325, 100, 10, 10]||['s']
[99, 325, 325, 325, 100, 10, 10]||['s']
[96, 325, 325, 325, 100, 10, 10]||['s']
[93, 325, 325, 325, 100, 10, 10]||['s']
[90, 325, 325, 325, 100, 10, 10]||['s']
[87, 325, 325, 325, 100, 10, 10]||['s']
[85, 325, 325, 325, 100, 10, 10]||['s']
[82, 325, 325, 325, 100, 10, 10]||['s']
[80, 325, 325, 325, 100, 10, 10]||['s']
[79, 325, 325, 325, 100, 10, 10]||['s']
[77, 325, 325, 325, 100, 10, 10]||['s']
[76, 325, 325, 325, 100, 10, 10]||['s']
[75, 325, 325, 325, 100, 10, 10]||['s']
[75, 325, 325, 325, 100, 10, 10]||['s']
[75, 325, 325, 325, 100, 10, 10]||[]
[75, 325, 325, 325, 100, 10, 10]||[]
[75, 325, 325, 325, 100, 10, 10]||[]
[75, 325, 325, 325, 100, 10, 10]||[]
[75, 325, 325, 325, 100, 10, 10]||[]
[75, 325, 325, 325, 100, 10, 10]||['d']
[70, 325, 325, 325, 100, 10, 10]||['d']
[65, 325, 325, 325, 100, 10, 10]||['d']
[60, 325, 325, 325, 100, 10, 10]||['d']
[55, 325, 325, 325, 100, 10, 10]||['d']
[50, 325, 325, 325, 100, 10, 10]||['d']
[45, 325, 325, 325, 100, 10, 10]||['d']
[40, 325, 325, 325, 100, 10, 10]||['d']
[35, 325, 325, 325, 100, 10, 10]||['d']
[30, 325, 325, 325, 100, 10, 10]||['d']
